rep	ct0	ct1	ct2	ct3	ct4	ct5	selected	convergent	rel_conv
1	1450	48	1	0	0	0	49	1	0.02040816326530612
10	1478	50	2	1	0	0	53	3	0.05660377358490566
100	1455	50	3	0	0	0	53	3	0.05660377358490566
1000	1478	50	2	0	0	0	52	2	0.038461538461538464
10000	1490	40	0	0	0	0	40	0	0
1001	1462	52	2	0	0	0	54	2	0.037037037037037035
1002	1460	50	0	0	0	0	50	0	0
1003	1464	48	3	0	0	0	51	3	0.058823529411764705
1004	1447	52	1	0	0	0	53	1	0.018867924528301886
1005	1470	43	1	0	0	0	44	1	0.022727272727272728
1006	1496	51	2	1	0	0	54	3	0.05555555555555555
1007	1455	43	1	1	0	0	45	2	0.044444444444444446
1008	1480	37	4	0	0	0	41	4	0.0975609756097561
1009	1435	42	2	0	0	0	44	2	0.045454545454545456
101	1501	45	4	0	0	0	49	4	0.08163265306122448
1010	1491	45	1	0	0	0	46	1	0.021739130434782608
1011	1491	48	4	0	0	0	52	4	0.07692307692307693
1012	1481	47	3	0	0	0	50	3	0.06
1013	1500	49	3	0	0	0	52	3	0.057692307692307696
1014	1454	36	2	0	0	0	38	2	0.05263157894736842
1015	1481	48	4	0	0	0	52	4	0.07692307692307693
1016	1456	44	1	0	0	0	45	1	0.022222222222222223
1017	1493	60	1	0	0	0	61	1	0.01639344262295082
1018	1473	40	6	1	0	0	47	7	0.14893617021276595
1019	1485	47	2	0	0	0	49	2	0.04081632653061224
102	1447	34	4	0	0	0	38	4	0.10526315789473684
1020	1469	28	3	0	0	0	31	3	0.0967741935483871
1021	1475	51	3	0	0	0	54	3	0.05555555555555555
1022	1468	53	4	0	0	0	57	4	0.07017543859649122
1023	1457	34	3	0	0	0	37	3	0.08108108108108109
1024	1507	55	3	0	0	0	58	3	0.05172413793103448
1025	1472	56	1	0	0	0	57	1	0.017543859649122806
1026	1497	37	1	0	0	0	38	1	0.02631578947368421
1027	1493	46	3	0	0	0	49	3	0.061224489795918366
1028	1483	33	0	0	0	0	33	0	0
1029	1472	45	2	0	0	0	47	2	0.0425531914893617
103	1446	54	3	1	0	0	58	4	0.06896551724137931
1030	1476	34	2	0	0	0	36	2	0.05555555555555555
1031	1483	61	1	0	0	0	62	1	0.016129032258064516
1032	1457	41	1	0	0	0	42	1	0.023809523809523808
1033	1453	51	3	1	0	0	55	4	0.07272727272727272
1034	1463	53	3	0	0	0	56	3	0.05357142857142857
1035	1433	57	4	0	0	0	61	4	0.06557377049180328
1036	1462	53	1	0	0	0	54	1	0.018518518518518517
1037	1489	44	1	0	0	0	45	1	0.022222222222222223
1038	1477	45	5	0	0	0	50	5	0.1
1039	1502	48	1	0	0	0	49	1	0.02040816326530612
104	1466	41	3	0	0	0	44	3	0.06818181818181818
1040	1459	54	3	0	0	0	57	3	0.05263157894736842
1041	1474	50	2	0	0	0	52	2	0.038461538461538464
1042	1498	47	2	0	0	0	49	2	0.04081632653061224
1043	1467	49	4	0	0	0	53	4	0.07547169811320754
1044	1444	55	3	0	0	0	58	3	0.05172413793103448
1045	1450	49	1	0	0	0	50	1	0.02
1046	1458	54	1	0	0	0	55	1	0.01818181818181818
1047	1453	42	1	0	0	0	43	1	0.023255813953488372
1048	1479	46	1	0	0	0	47	1	0.02127659574468085
1049	1495	48	5	0	0	0	53	5	0.09433962264150944
105	1481	44	2	0	0	0	46	2	0.043478260869565216
1050	1474	57	2	0	0	0	59	2	0.03389830508474576
1051	1462	44	1	1	0	0	46	2	0.043478260869565216
1052	1472	42	5	0	0	0	47	5	0.10638297872340426
1053	1483	42	0	0	0	0	42	0	0
1054	1451	52	1	0	0	0	53	1	0.018867924528301886
1055	1514	44	3	0	0	0	47	3	0.06382978723404255
1056	1479	35	3	0	0	0	38	3	0.07894736842105263
1057	1459	42	3	0	0	0	45	3	0.06666666666666667
1058	1482	48	2	0	0	0	50	2	0.04
1059	1489	42	3	1	0	0	46	4	0.08695652173913043
106	1473	41	5	0	0	0	46	5	0.10869565217391304
1060	1487	50	1	1	0	0	52	2	0.038461538461538464
1061	1463	29	2	0	0	0	31	2	0.06451612903225806
1062	1484	48	3	0	0	0	51	3	0.058823529411764705
1063	1498	38	4	0	0	0	42	4	0.09523809523809523
1064	1448	51	3	0	0	0	54	3	0.05555555555555555
1065	1501	43	3	0	0	0	46	3	0.06521739130434782
1066	1494	46	5	0	0	0	51	5	0.09803921568627451
1067	1468	36	3	0	0	0	39	3	0.07692307692307693
1068	1461	41	1	0	0	0	42	1	0.023809523809523808
1069	1482	51	2	0	0	0	53	2	0.03773584905660377
107	1474	56	2	0	0	0	58	2	0.034482758620689655
1070	1485	44	6	0	0	0	50	6	0.12
1071	1473	49	1	0	0	0	50	1	0.02
1072	1498	47	3	0	0	0	50	3	0.06
1073	1469	47	1	0	0	0	48	1	0.020833333333333332
1074	1471	39	3	0	0	0	42	3	0.07142857142857142
1075	1498	42	7	0	0	0	49	7	0.14285714285714285
1076	1505	55	4	1	0	0	60	5	0.08333333333333333
1077	1443	41	1	0	0	0	42	1	0.023809523809523808
1078	1516	54	4	0	0	0	58	4	0.06896551724137931
1079	1455	51	1	0	0	0	52	1	0.019230769230769232
108	1476	38	2	0	0	0	40	2	0.05
1080	1455	41	4	0	0	0	45	4	0.08888888888888889
1081	1453	45	3	0	0	0	48	3	0.0625
1082	1465	41	2	0	0	0	43	2	0.046511627906976744
1083	1465	37	3	0	0	0	40	3	0.075
1084	1459	45	3	0	0	0	48	3	0.0625
1085	1455	50	2	0	0	0	52	2	0.038461538461538464
1086	1454	43	1	0	0	0	44	1	0.022727272727272728
1087	1463	55	4	0	0	0	59	4	0.06779661016949153
1088	1472	49	4	0	0	0	53	4	0.07547169811320754
1089	1505	34	1	0	0	0	35	1	0.02857142857142857
109	1497	54	2	0	0	0	56	2	0.03571428571428571
1090	1508	38	5	0	0	0	43	5	0.11627906976744186
1091	1462	53	5	0	0	0	58	5	0.08620689655172414
1092	1505	62	2	0	0	0	64	2	0.03125
1093	1469	52	1	0	0	0	53	1	0.018867924528301886
1094	1488	58	3	0	0	0	61	3	0.04918032786885246
1095	1460	49	2	0	0	0	51	2	0.0392156862745098
1096	1478	48	3	0	0	0	51	3	0.058823529411764705
1097	1445	49	1	0	0	0	50	1	0.02
1098	1442	51	9	0	0	0	60	9	0.15
1099	1456	49	4	0	0	0	53	4	0.07547169811320754
11	1490	61	4	0	0	0	65	4	0.06153846153846154
110	1472	44	3	0	0	0	47	3	0.06382978723404255
1100	1466	32	0	0	0	0	32	0	0
1101	1449	45	2	0	0	0	47	2	0.0425531914893617
1102	1470	48	6	0	0	0	54	6	0.1111111111111111
1103	1460	49	3	0	0	0	52	3	0.057692307692307696
1104	1494	38	0	0	0	0	38	0	0
1105	1455	33	2	0	0	0	35	2	0.05714285714285714
1106	1478	46	1	0	0	0	47	1	0.02127659574468085
1107	1467	44	1	0	0	0	45	1	0.022222222222222223
1108	1466	54	1	0	0	0	55	1	0.01818181818181818
1109	1486	43	2	0	0	0	45	2	0.044444444444444446
111	1448	54	4	0	0	0	58	4	0.06896551724137931
1110	1496	47	1	1	0	0	49	2	0.04081632653061224
1111	1505	47	3	0	0	0	50	3	0.06
1112	1479	34	1	0	0	0	35	1	0.02857142857142857
1113	1460	48	2	0	0	0	50	2	0.04
1114	1476	45	5	0	0	0	50	5	0.1
1115	1468	45	2	2	0	0	49	4	0.08163265306122448
1116	1459	40	1	0	0	0	41	1	0.024390243902439025
1117	1436	38	1	0	0	0	39	1	0.02564102564102564
1118	1486	37	4	1	0	0	42	5	0.11904761904761904
1119	1493	44	1	0	0	0	45	1	0.022222222222222223
112	1456	48	1	0	0	0	49	1	0.02040816326530612
1120	1451	52	2	0	0	0	54	2	0.037037037037037035
1121	1473	59	1	0	0	0	60	1	0.016666666666666666
1122	1449	56	1	0	0	0	57	1	0.017543859649122806
1123	1532	58	1	0	0	0	59	1	0.01694915254237288
1124	1479	45	2	0	0	0	47	2	0.0425531914893617
1125	1451	48	1	0	0	0	49	1	0.02040816326530612
1126	1506	38	2	0	0	0	40	2	0.05
1127	1471	49	3	0	0	0	52	3	0.057692307692307696
1128	1477	57	3	0	0	0	60	3	0.05
1129	1462	46	4	0	0	0	50	4	0.08
113	1498	35	4	0	0	0	39	4	0.10256410256410256
1130	1430	52	3	0	0	0	55	3	0.05454545454545454
1131	1448	47	4	0	0	0	51	4	0.0784313725490196
1132	1462	46	6	0	0	0	52	6	0.11538461538461539
1133	1467	53	2	0	0	0	55	2	0.03636363636363636
1134	1450	44	3	0	0	0	47	3	0.06382978723404255
1135	1504	49	2	0	0	0	51	2	0.0392156862745098
1136	1471	43	1	1	0	0	45	2	0.044444444444444446
1137	1468	44	1	0	0	0	45	1	0.022222222222222223
1138	1458	42	2	0	0	0	44	2	0.045454545454545456
1139	1492	56	3	0	0	0	59	3	0.05084745762711865
114	1458	47	3	0	0	0	50	3	0.06
1140	1457	47	1	0	0	0	48	1	0.020833333333333332
1141	1474	41	0	0	0	0	41	0	0
1142	1472	50	1	0	0	0	51	1	0.0196078431372549
1143	1470	43	3	0	0	0	46	3	0.06521739130434782
1144	1449	71	7	0	0	0	78	7	0.08974358974358974
1145	1502	50	3	0	0	0	53	3	0.05660377358490566
1146	1455	37	1	1	0	0	39	2	0.05128205128205128
1147	1483	52	4	0	0	0	56	4	0.07142857142857142
1148	1445	49	2	1	0	0	52	3	0.057692307692307696
1149	1442	47	2	0	0	0	49	2	0.04081632653061224
115	1468	40	3	0	0	0	43	3	0.06976744186046512
1150	1482	50	3	0	0	0	53	3	0.05660377358490566
1151	1458	53	4	0	0	0	57	4	0.07017543859649122
1152	1473	42	2	0	0	0	44	2	0.045454545454545456
1153	1486	58	2	1	0	0	61	3	0.04918032786885246
1154	1464	56	4	0	0	0	60	4	0.06666666666666667
1155	1473	62	3	0	0	0	65	3	0.046153846153846156
1156	1513	52	1	0	0	0	53	1	0.018867924528301886
1157	1489	42	3	0	0	0	45	3	0.06666666666666667
1158	1485	41	2	0	0	0	43	2	0.046511627906976744
1159	1477	40	2	0	0	0	42	2	0.047619047619047616
116	1491	43	1	0	0	0	44	1	0.022727272727272728
1160	1465	49	2	0	0	0	51	2	0.0392156862745098
1161	1483	43	3	0	0	0	46	3	0.06521739130434782
1162	1498	47	4	0	0	0	51	4	0.0784313725490196
1163	1466	47	3	0	0	0	50	3	0.06
1164	1466	46	2	0	0	0	48	2	0.041666666666666664
1165	1484	43	4	0	0	0	47	4	0.0851063829787234
1166	1453	43	3	1	0	0	47	4	0.0851063829787234
1167	1493	34	1	0	0	0	35	1	0.02857142857142857
1168	1480	45	5	0	0	0	50	5	0.1
1169	1481	48	6	0	0	0	54	6	0.1111111111111111
117	1489	41	3	0	0	0	44	3	0.06818181818181818
1170	1464	44	5	0	0	0	49	5	0.10204081632653061
1171	1455	39	2	0	0	0	41	2	0.04878048780487805
1172	1473	51	2	0	0	0	53	2	0.03773584905660377
1173	1493	45	2	0	0	0	47	2	0.0425531914893617
1174	1493	42	5	0	0	0	47	5	0.10638297872340426
1175	1488	43	1	0	0	0	44	1	0.022727272727272728
1176	1462	56	1	0	0	0	57	1	0.017543859649122806
1177	1416	50	2	0	0	0	52	2	0.038461538461538464
1178	1453	40	6	0	0	0	46	6	0.13043478260869565
1179	1478	38	3	0	0	0	41	3	0.07317073170731707
118	1455	51	2	1	0	0	54	3	0.05555555555555555
1180	1477	45	0	1	0	0	46	1	0.021739130434782608
1181	1473	43	2	0	0	0	45	2	0.044444444444444446
1182	1449	45	2	0	0	0	47	2	0.0425531914893617
1183	1479	50	2	0	0	0	52	2	0.038461538461538464
1184	1495	49	3	0	0	0	52	3	0.057692307692307696
1185	1515	41	6	0	0	0	47	6	0.1276595744680851
1186	1480	49	3	0	0	0	52	3	0.057692307692307696
1187	1467	48	0	1	0	0	49	1	0.02040816326530612
1188	1474	52	2	0	0	0	54	2	0.037037037037037035
1189	1479	51	4	0	0	0	55	4	0.07272727272727272
119	1470	43	2	0	0	0	45	2	0.044444444444444446
1190	1504	41	1	0	0	0	42	1	0.023809523809523808
1191	1483	32	4	0	0	0	36	4	0.1111111111111111
1192	1479	39	3	0	0	0	42	3	0.07142857142857142
1193	1473	39	0	0	0	0	39	0	0
1194	1473	44	2	0	0	0	46	2	0.043478260869565216
1195	1446	45	1	0	0	0	46	1	0.021739130434782608
1196	1483	35	1	1	0	0	37	2	0.05405405405405406
1197	1462	41	5	0	0	0	46	5	0.10869565217391304
1198	1454	53	0	0	0	0	53	0	0
1199	1457	45	3	0	0	0	48	3	0.0625
12	1465	42	5	0	0	0	47	5	0.10638297872340426
120	1497	38	0	0	0	0	38	0	0
1200	1473	44	3	0	0	0	47	3	0.06382978723404255
1201	1497	32	4	0	0	0	36	4	0.1111111111111111
1202	1488	39	3	1	0	0	43	4	0.09302325581395349
1203	1476	42	3	0	0	0	45	3	0.06666666666666667
1204	1490	52	3	0	0	0	55	3	0.05454545454545454
1205	1483	45	3	0	0	0	48	3	0.0625
1206	1455	49	3	0	0	0	52	3	0.057692307692307696
1207	1487	46	1	0	0	0	47	1	0.02127659574468085
1208	1475	41	3	0	0	0	44	3	0.06818181818181818
1209	1481	39	1	0	0	0	40	1	0.025
121	1484	42	4	0	0	0	46	4	0.08695652173913043
1210	1490	46	3	0	0	0	49	3	0.061224489795918366
1211	1452	42	2	0	0	0	44	2	0.045454545454545456
1212	1497	43	0	0	0	0	43	0	0
1213	1485	44	0	0	0	0	44	0	0
1214	1473	44	3	0	0	0	47	3	0.06382978723404255
1215	1464	44	4	0	0	0	48	4	0.08333333333333333
1216	1434	42	4	0	0	0	46	4	0.08695652173913043
1217	1504	44	3	0	0	0	47	3	0.06382978723404255
1218	1483	46	3	0	0	0	49	3	0.061224489795918366
1219	1478	47	1	0	0	0	48	1	0.020833333333333332
122	1450	43	5	0	0	0	48	5	0.10416666666666667
1220	1475	42	5	0	0	0	47	5	0.10638297872340426
1221	1487	52	4	0	0	0	56	4	0.07142857142857142
1222	1490	41	1	0	0	0	42	1	0.023809523809523808
1223	1489	49	3	0	0	0	52	3	0.057692307692307696
1224	1474	43	1	1	0	0	45	2	0.044444444444444446
1225	1481	50	3	0	0	0	53	3	0.05660377358490566
1226	1498	51	3	0	0	0	54	3	0.05555555555555555
1227	1463	44	1	0	0	0	45	1	0.022222222222222223
1228	1465	40	4	0	0	0	44	4	0.09090909090909091
1229	1480	48	2	0	0	0	50	2	0.04
123	1443	41	3	1	0	0	45	4	0.08888888888888889
1230	1475	47	2	0	0	0	49	2	0.04081632653061224
1231	1451	44	2	0	0	0	46	2	0.043478260869565216
1232	1471	52	3	0	0	0	55	3	0.05454545454545454
1233	1459	42	0	0	0	0	42	0	0
1234	1458	45	2	0	0	0	47	2	0.0425531914893617
1235	1468	53	1	0	0	0	54	1	0.018518518518518517
1236	1473	42	0	1	0	0	43	1	0.023255813953488372
1237	1489	35	5	0	0	0	40	5	0.125
1238	1473	42	1	1	0	0	44	2	0.045454545454545456
1239	1475	43	2	0	0	0	45	2	0.044444444444444446
124	1463	43	3	0	0	0	46	3	0.06521739130434782
1240	1470	37	3	0	0	0	40	3	0.075
1241	1468	37	6	1	0	0	44	7	0.1590909090909091
1242	1471	40	3	0	0	0	43	3	0.06976744186046512
1243	1486	48	5	0	0	0	53	5	0.09433962264150944
1244	1458	48	1	0	0	0	49	1	0.02040816326530612
1245	1460	43	5	0	0	0	48	5	0.10416666666666667
1246	1498	45	2	0	0	0	47	2	0.0425531914893617
1247	1516	48	1	0	0	0	49	1	0.02040816326530612
1248	1504	43	3	0	0	0	46	3	0.06521739130434782
1249	1470	41	2	0	0	0	43	2	0.046511627906976744
125	1463	40	3	0	0	0	43	3	0.06976744186046512
1250	1515	53	2	0	0	0	55	2	0.03636363636363636
1251	1495	36	3	1	0	0	40	4	0.1
1252	1473	43	4	0	0	0	47	4	0.0851063829787234
1253	1466	46	7	0	0	0	53	7	0.1320754716981132
1254	1464	44	4	0	0	0	48	4	0.08333333333333333
1255	1452	46	1	0	0	0	47	1	0.02127659574468085
1256	1507	48	6	0	0	0	54	6	0.1111111111111111
1257	1454	50	2	0	0	0	52	2	0.038461538461538464
1258	1481	51	1	0	0	0	52	1	0.019230769230769232
1259	1484	45	3	0	0	0	48	3	0.0625
126	1481	39	4	0	0	0	43	4	0.09302325581395349
1260	1452	39	3	0	0	0	42	3	0.07142857142857142
1261	1483	40	2	0	0	0	42	2	0.047619047619047616
1262	1474	50	2	0	0	0	52	2	0.038461538461538464
1263	1443	70	2	0	0	0	72	2	0.027777777777777776
1264	1462	57	3	1	0	0	61	4	0.06557377049180328
1265	1501	37	2	0	0	0	39	2	0.05128205128205128
1266	1478	43	5	0	0	0	48	5	0.10416666666666667
1267	1458	33	0	2	0	0	35	2	0.05714285714285714
1268	1465	54	3	0	0	0	57	3	0.05263157894736842
1269	1484	43	4	0	0	0	47	4	0.0851063829787234
127	1461	44	4	0	0	0	48	4	0.08333333333333333
1270	1484	57	2	1	0	0	60	3	0.05
1271	1471	40	6	0	0	0	46	6	0.13043478260869565
1272	1474	51	1	0	0	0	52	1	0.019230769230769232
1273	1479	49	4	0	0	0	53	4	0.07547169811320754
1274	1469	56	4	0	0	0	60	4	0.06666666666666667
1275	1484	44	3	0	0	0	47	3	0.06382978723404255
1276	1480	37	2	0	0	0	39	2	0.05128205128205128
1277	1484	43	2	0	0	0	45	2	0.044444444444444446
1278	1462	48	3	0	0	0	51	3	0.058823529411764705
1279	1462	43	0	0	0	0	43	0	0
128	1474	42	3	0	0	0	45	3	0.06666666666666667
1280	1471	54	3	0	0	0	57	3	0.05263157894736842
1281	1448	46	1	0	0	0	47	1	0.02127659574468085
1282	1499	37	2	0	0	0	39	2	0.05128205128205128
1283	1486	34	2	0	0	0	36	2	0.05555555555555555
1284	1479	52	5	0	0	0	57	5	0.08771929824561403
1285	1470	40	3	0	0	0	43	3	0.06976744186046512
1286	1490	46	2	0	0	0	48	2	0.041666666666666664
1287	1454	37	0	0	0	0	37	0	0
1288	1476	46	4	0	0	0	50	4	0.08
1289	1485	44	2	1	0	0	47	3	0.06382978723404255
129	1463	49	3	0	0	0	52	3	0.057692307692307696
1290	1478	40	3	0	0	0	43	3	0.06976744186046512
1291	1464	44	4	1	0	0	49	5	0.10204081632653061
1292	1455	48	5	0	0	0	53	5	0.09433962264150944
1293	1483	43	2	1	0	0	46	3	0.06521739130434782
1294	1493	51	6	0	0	0	57	6	0.10526315789473684
1295	1493	40	2	0	0	0	42	2	0.047619047619047616
1296	1482	37	2	1	0	0	40	3	0.075
1297	1484	58	1	0	0	0	59	1	0.01694915254237288
1298	1464	44	2	0	0	0	46	2	0.043478260869565216
1299	1466	54	2	0	0	0	56	2	0.03571428571428571
13	1471	55	5	0	0	0	60	5	0.08333333333333333
130	1460	49	0	1	0	0	50	1	0.02
1300	1506	45	5	0	0	0	50	5	0.1
1301	1488	51	4	0	0	0	55	4	0.07272727272727272
1302	1486	41	0	0	0	0	41	0	0
1303	1482	46	1	0	0	0	47	1	0.02127659574468085
1304	1498	62	2	0	0	0	64	2	0.03125
1305	1476	55	1	0	0	0	56	1	0.017857142857142856
1306	1465	43	2	0	0	0	45	2	0.044444444444444446
1307	1472	41	7	0	0	0	48	7	0.14583333333333334
1308	1485	47	1	1	0	0	49	2	0.04081632653061224
1309	1464	53	3	0	0	0	56	3	0.05357142857142857
131	1476	41	4	1	0	0	46	5	0.10869565217391304
1310	1444	44	1	1	0	0	46	2	0.043478260869565216
1311	1500	34	2	0	0	0	36	2	0.05555555555555555
1312	1483	41	5	0	0	0	46	5	0.10869565217391304
1313	1492	45	3	0	0	0	48	3	0.0625
1314	1486	41	4	0	0	0	45	4	0.08888888888888889
1315	1463	42	7	0	0	0	49	7	0.14285714285714285
1316	1491	32	2	0	0	0	34	2	0.058823529411764705
1317	1462	42	0	0	0	0	42	0	0
1318	1487	50	3	0	0	0	53	3	0.05660377358490566
1319	1495	41	2	0	0	0	43	2	0.046511627906976744
132	1483	34	5	0	0	0	39	5	0.1282051282051282
1320	1455	33	1	0	0	0	34	1	0.029411764705882353
1321	1448	56	6	0	0	0	62	6	0.0967741935483871
1322	1474	47	1	0	0	0	48	1	0.020833333333333332
1323	1443	48	4	0	0	0	52	4	0.07692307692307693
1324	1496	50	3	1	0	0	54	4	0.07407407407407407
1325	1464	45	0	1	0	0	46	1	0.021739130434782608
1326	1468	50	3	0	0	0	53	3	0.05660377358490566
1327	1487	50	3	0	0	0	53	3	0.05660377358490566
1328	1461	47	3	0	0	0	50	3	0.06
1329	1476	53	0	0	0	0	53	0	0
133	1499	49	1	0	0	0	50	1	0.02
1330	1419	39	3	0	0	0	42	3	0.07142857142857142
1331	1479	36	1	0	0	0	37	1	0.02702702702702703
1332	1479	46	5	0	0	0	51	5	0.09803921568627451
1333	1462	49	5	0	0	0	54	5	0.09259259259259259
1334	1488	51	4	0	0	0	55	4	0.07272727272727272
1335	1454	38	2	0	0	0	40	2	0.05
1336	1487	34	5	0	0	0	39	5	0.1282051282051282
1337	1467	64	3	1	0	0	68	4	0.058823529411764705
1338	1482	37	0	0	0	0	37	0	0
1339	1468	44	1	0	0	0	45	1	0.022222222222222223
134	1447	49	0	0	0	0	49	0	0
1340	1459	42	2	0	0	0	44	2	0.045454545454545456
1341	1456	45	2	0	0	0	47	2	0.0425531914893617
1342	1490	63	2	0	0	0	65	2	0.03076923076923077
1343	1486	53	2	0	0	0	55	2	0.03636363636363636
1344	1468	49	3	0	0	0	52	3	0.057692307692307696
1345	1489	42	2	0	0	0	44	2	0.045454545454545456
1346	1469	43	6	0	0	0	49	6	0.12244897959183673
1347	1461	58	1	0	0	0	59	1	0.01694915254237288
1348	1495	39	1	0	0	0	40	1	0.025
1349	1486	50	2	0	0	0	52	2	0.038461538461538464
135	1474	45	3	0	0	0	48	3	0.0625
1350	1449	49	2	0	0	0	51	2	0.0392156862745098
1351	1484	37	2	0	0	0	39	2	0.05128205128205128
1352	1482	45	6	0	0	0	51	6	0.11764705882352941
1353	1458	50	4	0	0	0	54	4	0.07407407407407407
1354	1486	46	0	0	0	0	46	0	0
1355	1488	42	2	0	0	0	44	2	0.045454545454545456
1356	1450	46	2	0	0	0	48	2	0.041666666666666664
1357	1503	28	1	0	0	0	29	1	0.034482758620689655
1358	1497	53	2	0	0	0	55	2	0.03636363636363636
1359	1449	47	3	0	0	0	50	3	0.06
136	1481	57	3	0	0	0	60	3	0.05
1360	1496	41	4	0	0	0	45	4	0.08888888888888889
1361	1473	47	1	0	0	0	48	1	0.020833333333333332
1362	1477	47	1	0	0	0	48	1	0.020833333333333332
1363	1469	47	5	0	0	0	52	5	0.09615384615384616
1364	1473	37	1	0	0	0	38	1	0.02631578947368421
1365	1515	35	4	0	0	0	39	4	0.10256410256410256
1366	1512	42	2	0	0	0	44	2	0.045454545454545456
1367	1472	49	2	0	0	0	51	2	0.0392156862745098
1368	1485	50	2	1	0	0	53	3	0.05660377358490566
1369	1496	57	3	1	0	0	61	4	0.06557377049180328
137	1448	39	1	0	0	0	40	1	0.025
1370	1473	55	8	1	0	0	64	9	0.140625
1371	1432	44	2	0	0	0	46	2	0.043478260869565216
1372	1480	44	3	0	0	0	47	3	0.06382978723404255
1373	1466	49	2	0	0	0	51	2	0.0392156862745098
1374	1456	43	3	0	0	0	46	3	0.06521739130434782
1375	1492	49	2	0	0	0	51	2	0.0392156862745098
1376	1484	45	2	0	0	0	47	2	0.0425531914893617
1377	1497	39	4	0	0	0	43	4	0.09302325581395349
1378	1498	49	3	0	0	0	52	3	0.057692307692307696
1379	1493	38	2	0	0	0	40	2	0.05
138	1469	39	5	0	0	0	44	5	0.11363636363636363
1380	1477	54	4	0	0	0	58	4	0.06896551724137931
1381	1464	50	2	0	0	0	52	2	0.038461538461538464
1382	1466	48	3	0	0	0	51	3	0.058823529411764705
1383	1500	41	3	0	0	0	44	3	0.06818181818181818
1384	1477	52	2	1	0	0	55	3	0.05454545454545454
1385	1434	37	2	0	0	0	39	2	0.05128205128205128
1386	1506	40	2	0	0	0	42	2	0.047619047619047616
1387	1485	48	1	0	0	0	49	1	0.02040816326530612
1388	1471	52	4	0	0	0	56	4	0.07142857142857142
1389	1471	48	4	1	0	0	53	5	0.09433962264150944
139	1424	40	4	0	0	0	44	4	0.09090909090909091
1390	1484	45	6	0	0	0	51	6	0.11764705882352941
1391	1471	40	2	0	0	0	42	2	0.047619047619047616
1392	1524	43	5	1	0	0	49	6	0.12244897959183673
1393	1484	45	3	0	0	0	48	3	0.0625
1394	1477	46	2	0	0	0	48	2	0.041666666666666664
1395	1483	55	1	0	0	0	56	1	0.017857142857142856
1396	1476	58	3	0	0	0	61	3	0.04918032786885246
1397	1521	48	2	0	0	0	50	2	0.04
1398	1477	44	4	0	0	0	48	4	0.08333333333333333
1399	1465	45	4	0	0	0	49	4	0.08163265306122448
14	1456	48	4	0	0	0	52	4	0.07692307692307693
140	1469	50	3	0	0	0	53	3	0.05660377358490566
1400	1488	41	2	0	0	0	43	2	0.046511627906976744
1401	1485	46	4	0	0	0	50	4	0.08
1402	1452	47	6	0	0	0	53	6	0.11320754716981132
1403	1466	42	1	1	0	0	44	2	0.045454545454545456
1404	1480	52	2	0	0	0	54	2	0.037037037037037035
1405	1467	43	4	0	0	0	47	4	0.0851063829787234
1406	1481	36	3	0	0	0	39	3	0.07692307692307693
1407	1469	46	1	0	0	0	47	1	0.02127659574468085
1408	1479	49	1	0	0	0	50	1	0.02
1409	1479	52	3	0	0	0	55	3	0.05454545454545454
141	1470	35	2	0	0	0	37	2	0.05405405405405406
1410	1452	39	4	0	0	0	43	4	0.09302325581395349
1411	1479	45	3	0	0	0	48	3	0.0625
1412	1475	39	5	0	0	0	44	5	0.11363636363636363
1413	1442	35	1	0	0	0	36	1	0.027777777777777776
1414	1469	43	3	0	0	0	46	3	0.06521739130434782
1415	1486	44	0	0	0	0	44	0	0
1416	1480	36	1	0	0	0	37	1	0.02702702702702703
1417	1465	55	1	0	0	0	56	1	0.017857142857142856
1418	1498	39	4	0	0	0	43	4	0.09302325581395349
1419	1508	39	2	1	0	0	42	3	0.07142857142857142
142	1424	46	3	0	0	0	49	3	0.061224489795918366
1420	1480	41	2	0	0	0	43	2	0.046511627906976744
1421	1452	48	5	0	0	0	53	5	0.09433962264150944
1422	1497	39	5	0	0	0	44	5	0.11363636363636363
1423	1481	50	2	0	0	0	52	2	0.038461538461538464
1424	1449	47	1	0	0	0	48	1	0.020833333333333332
1425	1477	54	2	0	0	0	56	2	0.03571428571428571
1426	1503	39	1	0	0	0	40	1	0.025
1427	1449	38	4	1	0	0	43	5	0.11627906976744186
1428	1490	48	4	0	0	0	52	4	0.07692307692307693
1429	1454	47	2	0	0	0	49	2	0.04081632653061224
143	1451	39	4	1	0	0	44	5	0.11363636363636363
1430	1476	46	5	0	0	0	51	5	0.09803921568627451
1431	1492	34	0	0	0	0	34	0	0
1432	1475	35	3	0	0	0	38	3	0.07894736842105263
1433	1464	45	4	0	0	0	49	4	0.08163265306122448
1434	1472	48	3	0	0	0	51	3	0.058823529411764705
1435	1466	46	4	0	0	0	50	4	0.08
1436	1501	34	4	0	0	0	38	4	0.10526315789473684
1437	1433	33	1	1	0	0	35	2	0.05714285714285714
1438	1469	51	2	0	0	0	53	2	0.03773584905660377
1439	1453	41	1	0	0	0	42	1	0.023809523809523808
144	1478	41	2	0	0	0	43	2	0.046511627906976744
1440	1473	44	4	0	0	0	48	4	0.08333333333333333
1441	1492	44	0	0	0	0	44	0	0
1442	1515	47	2	0	0	0	49	2	0.04081632653061224
1443	1521	37	5	0	0	0	42	5	0.11904761904761904
1444	1493	47	4	0	0	0	51	4	0.0784313725490196
1445	1439	39	2	0	0	0	41	2	0.04878048780487805
1446	1494	37	3	0	0	0	40	3	0.075
1447	1488	45	2	0	0	0	47	2	0.0425531914893617
1448	1450	50	3	0	0	0	53	3	0.05660377358490566
1449	1459	52	1	0	0	0	53	1	0.018867924528301886
145	1465	60	2	0	0	0	62	2	0.03225806451612903
1450	1490	48	2	0	0	0	50	2	0.04
1451	1464	54	1	0	0	0	55	1	0.01818181818181818
1452	1445	46	2	1	0	0	49	3	0.061224489795918366
1453	1475	42	4	0	0	0	46	4	0.08695652173913043
1454	1453	42	3	0	0	0	45	3	0.06666666666666667
1455	1504	52	1	0	0	0	53	1	0.018867924528301886
1456	1475	37	5	0	0	0	42	5	0.11904761904761904
1457	1480	42	4	0	0	0	46	4	0.08695652173913043
1458	1470	53	2	0	0	0	55	2	0.03636363636363636
1459	1445	41	4	0	0	0	45	4	0.08888888888888889
146	1487	46	9	0	0	0	55	9	0.16363636363636364
1460	1499	50	3	0	0	0	53	3	0.05660377358490566
1461	1520	43	0	1	0	0	44	1	0.022727272727272728
1462	1479	46	1	0	0	0	47	1	0.02127659574468085
1463	1479	47	2	0	0	0	49	2	0.04081632653061224
1464	1488	51	0	1	0	0	52	1	0.019230769230769232
1465	1508	46	2	0	0	0	48	2	0.041666666666666664
1466	1474	42	3	0	0	0	45	3	0.06666666666666667
1467	1458	36	5	0	0	0	41	5	0.12195121951219512
1468	1490	42	0	0	0	0	42	0	0
1469	1470	49	1	0	0	0	50	1	0.02
147	1464	45	2	0	0	0	47	2	0.0425531914893617
1470	1503	44	1	1	0	0	46	2	0.043478260869565216
1471	1449	43	2	0	0	0	45	2	0.044444444444444446
1472	1464	40	0	0	0	0	40	0	0
1473	1498	54	1	0	0	0	55	1	0.01818181818181818
1474	1494	37	2	0	0	0	39	2	0.05128205128205128
1475	1495	52	3	0	0	0	55	3	0.05454545454545454
1476	1464	52	1	0	0	0	53	1	0.018867924528301886
1477	1484	57	3	0	1	0	61	4	0.06557377049180328
1478	1468	42	2	0	0	0	44	2	0.045454545454545456
1479	1503	53	2	0	0	0	55	2	0.03636363636363636
148	1475	50	1	0	0	0	51	1	0.0196078431372549
1480	1479	47	2	0	0	0	49	2	0.04081632653061224
1481	1481	40	5	0	0	0	45	5	0.1111111111111111
1482	1477	34	3	0	0	0	37	3	0.08108108108108109
1483	1476	46	3	0	0	0	49	3	0.061224489795918366
1484	1460	35	1	0	0	0	36	1	0.027777777777777776
1485	1512	48	6	0	0	0	54	6	0.1111111111111111
1486	1537	44	3	0	0	0	47	3	0.06382978723404255
1487	1467	50	3	0	0	0	53	3	0.05660377358490566
1488	1492	48	2	0	0	0	50	2	0.04
1489	1484	44	2	0	0	0	46	2	0.043478260869565216
149	1499	44	3	1	0	0	48	4	0.08333333333333333
1490	1506	41	2	0	0	0	43	2	0.046511627906976744
1491	1462	50	2	1	0	0	53	3	0.05660377358490566
1492	1491	46	1	0	0	0	47	1	0.02127659574468085
1493	1438	52	1	0	0	0	53	1	0.018867924528301886
1494	1477	45	2	0	0	0	47	2	0.0425531914893617
1495	1454	44	2	0	0	0	46	2	0.043478260869565216
1496	1465	50	3	0	0	0	53	3	0.05660377358490566
1497	1470	34	3	0	0	0	37	3	0.08108108108108109
1498	1471	50	1	0	0	0	51	1	0.0196078431372549
1499	1488	44	1	0	0	0	45	1	0.022222222222222223
15	1433	54	3	0	1	0	58	4	0.06896551724137931
150	1484	42	4	0	0	0	46	4	0.08695652173913043
1500	1454	48	5	0	0	0	53	5	0.09433962264150944
1501	1473	49	1	0	0	0	50	1	0.02
1502	1473	55	0	0	0	0	55	0	0
1503	1492	33	3	0	0	0	36	3	0.08333333333333333
1504	1499	38	5	0	0	0	43	5	0.11627906976744186
1505	1457	55	3	0	0	0	58	3	0.05172413793103448
1506	1479	56	6	0	0	0	62	6	0.0967741935483871
1507	1470	50	2	0	0	0	52	2	0.038461538461538464
1508	1487	44	1	0	0	0	45	1	0.022222222222222223
1509	1445	32	3	0	0	0	35	3	0.08571428571428572
151	1462	53	1	0	0	0	54	1	0.018518518518518517
1510	1490	44	2	0	0	0	46	2	0.043478260869565216
1511	1493	58	1	0	0	0	59	1	0.01694915254237288
1512	1474	42	2	0	0	0	44	2	0.045454545454545456
1513	1493	49	2	0	0	0	51	2	0.0392156862745098
1514	1491	35	3	0	0	0	38	3	0.07894736842105263
1515	1491	48	3	0	0	0	51	3	0.058823529411764705
1516	1472	36	1	0	0	0	37	1	0.02702702702702703
1517	1478	38	2	1	0	0	41	3	0.07317073170731707
1518	1470	37	2	0	0	0	39	2	0.05128205128205128
1519	1470	57	3	0	0	0	60	3	0.05
152	1495	24	2	0	0	0	26	2	0.07692307692307693
1520	1497	32	0	0	0	0	32	0	0
1521	1487	36	2	0	0	0	38	2	0.05263157894736842
1522	1482	51	2	1	0	0	54	3	0.05555555555555555
1523	1484	53	2	0	0	0	55	2	0.03636363636363636
1524	1467	40	3	0	0	0	43	3	0.06976744186046512
1525	1479	38	3	0	0	0	41	3	0.07317073170731707
1526	1448	51	4	0	1	0	56	5	0.08928571428571429
1527	1467	41	1	0	0	0	42	1	0.023809523809523808
1528	1463	36	0	0	0	0	36	0	0
1529	1430	49	2	0	0	0	51	2	0.0392156862745098
153	1445	57	3	0	0	0	60	3	0.05
1530	1479	43	2	1	0	0	46	3	0.06521739130434782
1531	1484	40	0	0	0	0	40	0	0
1532	1472	44	0	0	0	0	44	0	0
1533	1470	56	3	0	0	0	59	3	0.05084745762711865
1534	1478	42	1	0	0	0	43	1	0.023255813953488372
1535	1454	50	3	0	0	0	53	3	0.05660377358490566
1536	1465	45	2	0	0	0	47	2	0.0425531914893617
1537	1471	47	4	0	0	0	51	4	0.0784313725490196
1538	1456	37	1	0	0	0	38	1	0.02631578947368421
1539	1472	37	0	0	0	0	37	0	0
154	1528	42	1	0	0	0	43	1	0.023255813953488372
1540	1446	45	1	0	0	0	46	1	0.021739130434782608
1541	1479	42	3	0	0	0	45	3	0.06666666666666667
1542	1481	43	0	0	0	0	43	0	0
1543	1487	45	3	0	0	0	48	3	0.0625
1544	1491	47	2	0	0	0	49	2	0.04081632653061224
1545	1443	55	1	0	0	0	56	1	0.017857142857142856
1546	1464	46	5	0	0	0	51	5	0.09803921568627451
1547	1478	46	3	0	0	0	49	3	0.061224489795918366
1548	1491	40	0	0	0	0	40	0	0
1549	1466	35	6	0	0	0	41	6	0.14634146341463414
155	1476	51	1	0	0	0	52	1	0.019230769230769232
1550	1482	33	1	0	0	0	34	1	0.029411764705882353
1551	1470	43	1	1	0	0	45	2	0.044444444444444446
1552	1463	48	2	0	0	0	50	2	0.04
1553	1453	50	6	0	0	0	56	6	0.10714285714285714
1554	1466	47	1	0	0	0	48	1	0.020833333333333332
1555	1480	39	2	0	0	0	41	2	0.04878048780487805
1556	1462	52	3	1	0	0	56	4	0.07142857142857142
1557	1512	41	1	0	0	0	42	1	0.023809523809523808
1558	1458	52	1	0	0	0	53	1	0.018867924528301886
1559	1488	36	3	0	0	0	39	3	0.07692307692307693
156	1481	32	4	0	0	0	36	4	0.1111111111111111
1560	1487	52	3	0	0	0	55	3	0.05454545454545454
1561	1484	53	0	0	0	0	53	0	0
1562	1480	56	2	0	0	0	58	2	0.034482758620689655
1563	1489	34	3	0	0	0	37	3	0.08108108108108109
1564	1457	51	1	1	0	0	53	2	0.03773584905660377
1565	1477	45	5	0	0	0	50	5	0.1
1566	1468	48	7	0	0	0	55	7	0.12727272727272726
1567	1462	39	0	0	0	0	39	0	0
1568	1502	34	0	0	0	0	34	0	0
1569	1448	41	3	0	0	0	44	3	0.06818181818181818
157	1463	54	3	0	0	0	57	3	0.05263157894736842
1570	1454	38	2	2	0	0	42	4	0.09523809523809523
1571	1476	52	5	0	0	0	57	5	0.08771929824561403
1572	1538	53	2	0	1	0	56	3	0.05357142857142857
1573	1479	44	4	0	0	0	48	4	0.08333333333333333
1574	1480	44	2	0	0	0	46	2	0.043478260869565216
1575	1444	51	5	0	0	0	56	5	0.08928571428571429
1576	1433	49	1	0	0	0	50	1	0.02
1577	1468	44	2	0	0	0	46	2	0.043478260869565216
1578	1457	35	6	1	0	0	42	7	0.16666666666666666
1579	1497	41	0	0	0	0	41	0	0
158	1486	44	4	1	0	0	49	5	0.10204081632653061
1580	1500	33	3	0	0	0	36	3	0.08333333333333333
1581	1477	44	4	0	0	0	48	4	0.08333333333333333
1582	1471	47	2	0	0	0	49	2	0.04081632653061224
1583	1462	43	0	0	0	0	43	0	0
1584	1486	57	4	0	0	0	61	4	0.06557377049180328
1585	1504	34	4	0	0	0	38	4	0.10526315789473684
1586	1493	54	3	0	0	0	57	3	0.05263157894736842
1587	1468	54	1	0	0	0	55	1	0.01818181818181818
1588	1450	40	3	0	0	0	43	3	0.06976744186046512
1589	1446	52	2	0	0	0	54	2	0.037037037037037035
159	1490	47	5	1	0	0	53	6	0.11320754716981132
1590	1478	50	2	0	0	0	52	2	0.038461538461538464
1591	1454	39	6	0	0	0	45	6	0.13333333333333333
1592	1472	49	3	0	0	0	52	3	0.057692307692307696
1593	1452	38	3	0	0	0	41	3	0.07317073170731707
1594	1503	48	3	0	0	0	51	3	0.058823529411764705
1595	1462	48	3	0	0	0	51	3	0.058823529411764705
1596	1512	48	3	0	0	0	51	3	0.058823529411764705
1597	1460	45	1	0	0	0	46	1	0.021739130434782608
1598	1461	45	1	0	0	0	46	1	0.021739130434782608
1599	1491	39	1	0	0	0	40	1	0.025
16	1476	42	3	0	0	0	45	3	0.06666666666666667
160	1488	46	4	0	0	0	50	4	0.08
1600	1499	51	1	0	0	0	52	1	0.019230769230769232
1601	1494	34	2	0	0	0	36	2	0.05555555555555555
1602	1457	49	0	0	0	0	49	0	0
1603	1435	49	2	0	0	0	51	2	0.0392156862745098
1604	1459	42	4	0	0	0	46	4	0.08695652173913043
1605	1459	41	1	0	0	0	42	1	0.023809523809523808
1606	1442	36	3	0	0	0	39	3	0.07692307692307693
1607	1475	36	2	0	0	0	38	2	0.05263157894736842
1608	1441	47	1	0	0	0	48	1	0.020833333333333332
1609	1464	44	6	0	0	0	50	6	0.12
161	1459	40	4	0	0	0	44	4	0.09090909090909091
1610	1484	48	4	0	0	0	52	4	0.07692307692307693
1611	1451	38	1	1	0	0	40	2	0.05
1612	1473	51	4	0	0	0	55	4	0.07272727272727272
1613	1456	50	1	0	0	0	51	1	0.0196078431372549
1614	1486	58	4	1	0	0	63	5	0.07936507936507936
1615	1493	45	1	0	0	0	46	1	0.021739130434782608
1616	1471	47	3	1	0	0	51	4	0.0784313725490196
1617	1468	50	1	0	0	0	51	1	0.0196078431372549
1618	1464	47	4	0	0	0	51	4	0.0784313725490196
1619	1442	45	0	0	0	0	45	0	0
162	1474	36	2	0	0	0	38	2	0.05263157894736842
1620	1482	53	4	0	0	0	57	4	0.07017543859649122
1621	1456	45	4	0	0	0	49	4	0.08163265306122448
1622	1455	38	2	0	0	0	40	2	0.05
1623	1507	39	2	0	0	0	41	2	0.04878048780487805
1624	1470	35	2	0	0	0	37	2	0.05405405405405406
1625	1483	45	1	0	0	0	46	1	0.021739130434782608
1626	1482	34	3	0	0	0	37	3	0.08108108108108109
1627	1481	39	1	0	0	0	40	1	0.025
1628	1470	43	3	1	0	0	47	4	0.0851063829787234
1629	1451	38	4	1	0	0	43	5	0.11627906976744186
163	1491	49	1	0	0	0	50	1	0.02
1630	1452	51	1	0	0	0	52	1	0.019230769230769232
1631	1453	47	1	0	0	0	48	1	0.020833333333333332
1632	1483	55	2	0	0	0	57	2	0.03508771929824561
1633	1499	38	5	1	0	0	44	6	0.13636363636363635
1634	1492	37	4	0	0	0	41	4	0.0975609756097561
1635	1457	43	1	0	0	0	44	1	0.022727272727272728
1636	1474	49	1	0	0	0	50	1	0.02
1637	1489	42	3	0	0	0	45	3	0.06666666666666667
1638	1490	40	1	0	0	0	41	1	0.024390243902439025
1639	1506	35	1	0	0	0	36	1	0.027777777777777776
164	1453	36	4	0	0	0	40	4	0.1
1640	1440	46	3	0	0	0	49	3	0.061224489795918366
1641	1463	43	2	0	0	0	45	2	0.044444444444444446
1642	1445	42	1	0	0	0	43	1	0.023255813953488372
1643	1463	54	0	0	0	0	54	0	0
1644	1475	43	4	0	0	0	47	4	0.0851063829787234
1645	1503	57	1	0	0	0	58	1	0.017241379310344827
1646	1488	52	2	0	0	0	54	2	0.037037037037037035
1647	1439	42	3	0	0	0	45	3	0.06666666666666667
1648	1466	36	5	0	0	0	41	5	0.12195121951219512
1649	1504	47	1	0	0	0	48	1	0.020833333333333332
165	1443	40	4	0	0	0	44	4	0.09090909090909091
1650	1478	43	1	0	0	0	44	1	0.022727272727272728
1651	1486	51	1	0	0	0	52	1	0.019230769230769232
1652	1484	45	0	0	0	0	45	0	0
1653	1482	49	2	0	0	0	51	2	0.0392156862745098
1654	1441	50	3	0	0	0	53	3	0.05660377358490566
1655	1440	51	1	0	0	0	52	1	0.019230769230769232
1656	1506	43	4	1	0	0	48	5	0.10416666666666667
1657	1472	40	0	0	0	0	40	0	0
1658	1487	46	1	0	0	0	47	1	0.02127659574468085
1659	1464	48	3	0	0	0	51	3	0.058823529411764705
166	1467	53	2	0	0	0	55	2	0.03636363636363636
1660	1471	52	4	0	0	0	56	4	0.07142857142857142
1661	1461	38	0	0	0	0	38	0	0
1662	1469	39	6	1	0	0	46	7	0.15217391304347827
1663	1456	48	2	0	0	0	50	2	0.04
1664	1491	36	0	0	0	0	36	0	0
1665	1457	54	2	0	0	0	56	2	0.03571428571428571
1666	1501	49	1	0	0	0	50	1	0.02
1667	1467	46	3	0	0	0	49	3	0.061224489795918366
1668	1434	44	1	0	0	0	45	1	0.022222222222222223
1669	1474	40	2	0	0	0	42	2	0.047619047619047616
167	1483	42	3	0	0	0	45	3	0.06666666666666667
1670	1456	36	3	0	0	0	39	3	0.07692307692307693
1671	1467	42	3	0	0	0	45	3	0.06666666666666667
1672	1484	51	5	0	0	0	56	5	0.08928571428571429
1673	1496	42	2	0	0	0	44	2	0.045454545454545456
1674	1467	41	1	0	0	0	42	1	0.023809523809523808
1675	1429	48	0	0	0	0	48	0	0
1676	1482	47	2	0	0	0	49	2	0.04081632653061224
1677	1466	32	4	0	0	0	36	4	0.1111111111111111
1678	1435	54	3	0	0	0	57	3	0.05263157894736842
1679	1465	47	0	0	0	0	47	0	0
168	1491	51	1	0	0	0	52	1	0.019230769230769232
1680	1448	48	2	0	0	0	50	2	0.04
1681	1479	51	5	0	0	0	56	5	0.08928571428571429
1682	1505	43	0	0	0	0	43	0	0
1683	1498	47	2	0	0	0	49	2	0.04081632653061224
1684	1452	40	6	0	0	0	46	6	0.13043478260869565
1685	1453	52	4	0	0	0	56	4	0.07142857142857142
1686	1451	43	3	0	0	0	46	3	0.06521739130434782
1687	1488	44	4	0	0	0	48	4	0.08333333333333333
1688	1476	43	3	0	0	0	46	3	0.06521739130434782
1689	1487	52	1	0	0	0	53	1	0.018867924528301886
169	1450	43	0	1	0	0	44	1	0.022727272727272728
1690	1469	43	3	0	0	0	46	3	0.06521739130434782
1691	1478	40	3	0	0	0	43	3	0.06976744186046512
1692	1471	40	3	1	0	0	44	4	0.09090909090909091
1693	1472	51	3	0	0	0	54	3	0.05555555555555555
1694	1492	44	1	0	0	0	45	1	0.022222222222222223
1695	1470	32	4	0	0	0	36	4	0.1111111111111111
1696	1501	41	0	0	0	0	41	0	0
1697	1485	42	1	0	0	0	43	1	0.023255813953488372
1698	1487	42	2	1	0	0	45	3	0.06666666666666667
1699	1498	41	1	0	0	0	42	1	0.023809523809523808
17	1489	40	2	0	0	0	42	2	0.047619047619047616
170	1482	50	2	0	0	0	52	2	0.038461538461538464
1700	1478	56	4	1	0	0	61	5	0.08196721311475409
1701	1535	44	1	0	0	0	45	1	0.022222222222222223
1702	1476	48	3	0	0	0	51	3	0.058823529411764705
1703	1467	41	4	0	0	0	45	4	0.08888888888888889
1704	1469	44	0	0	0	0	44	0	0
1705	1440	35	6	0	0	0	41	6	0.14634146341463414
1706	1494	42	3	0	0	0	45	3	0.06666666666666667
1707	1447	50	2	0	0	0	52	2	0.038461538461538464
1708	1463	41	2	0	0	0	43	2	0.046511627906976744
1709	1458	43	0	0	0	0	43	0	0
171	1471	44	3	0	0	0	47	3	0.06382978723404255
1710	1470	47	2	1	0	0	50	3	0.06
1711	1480	52	3	0	0	0	55	3	0.05454545454545454
1712	1436	41	3	0	0	0	44	3	0.06818181818181818
1713	1495	51	2	1	0	0	54	3	0.05555555555555555
1714	1502	52	7	0	0	0	59	7	0.11864406779661017
1715	1459	49	2	0	0	0	51	2	0.0392156862745098
1716	1482	48	3	0	0	0	51	3	0.058823529411764705
1717	1454	38	3	0	0	0	41	3	0.07317073170731707
1718	1504	50	3	1	0	0	54	4	0.07407407407407407
1719	1507	56	6	0	0	0	62	6	0.0967741935483871
172	1438	53	0	0	0	0	53	0	0
1720	1486	38	4	0	0	0	42	4	0.09523809523809523
1721	1485	36	0	0	0	0	36	0	0
1722	1486	38	3	0	0	0	41	3	0.07317073170731707
1723	1464	47	7	0	0	0	54	7	0.12962962962962962
1724	1480	46	3	0	0	0	49	3	0.061224489795918366
1725	1475	59	0	0	0	0	59	0	0
1726	1482	60	4	0	0	0	64	4	0.0625
1727	1448	42	2	0	0	0	44	2	0.045454545454545456
1728	1484	56	6	0	0	0	62	6	0.0967741935483871
1729	1457	54	5	0	0	0	59	5	0.0847457627118644
173	1479	44	1	0	0	0	45	1	0.022222222222222223
1730	1438	44	2	0	0	0	46	2	0.043478260869565216
1731	1480	47	4	0	0	0	51	4	0.0784313725490196
1732	1481	44	5	0	0	0	49	5	0.10204081632653061
1733	1483	57	2	0	0	0	59	2	0.03389830508474576
1734	1479	55	2	0	0	0	57	2	0.03508771929824561
1735	1461	38	3	0	0	0	41	3	0.07317073170731707
1736	1459	43	2	0	0	0	45	2	0.044444444444444446
1737	1453	63	4	0	0	0	67	4	0.05970149253731343
1738	1461	37	5	0	0	0	42	5	0.11904761904761904
1739	1480	46	4	0	0	0	50	4	0.08
174	1477	52	2	1	0	0	55	3	0.05454545454545454
1740	1462	46	2	0	0	0	48	2	0.041666666666666664
1741	1473	51	4	0	0	0	55	4	0.07272727272727272
1742	1459	42	2	0	0	0	44	2	0.045454545454545456
1743	1464	40	3	0	0	0	43	3	0.06976744186046512
1744	1481	46	3	0	0	0	49	3	0.061224489795918366
1745	1486	33	1	0	0	0	34	1	0.029411764705882353
1746	1469	47	1	0	0	0	48	1	0.020833333333333332
1747	1493	46	1	0	0	0	47	1	0.02127659574468085
1748	1452	45	2	0	0	0	47	2	0.0425531914893617
1749	1507	44	0	0	0	0	44	0	0
175	1449	55	2	0	0	0	57	2	0.03508771929824561
1750	1491	44	2	0	0	0	46	2	0.043478260869565216
1751	1453	45	3	1	0	0	49	4	0.08163265306122448
1752	1488	37	2	0	0	0	39	2	0.05128205128205128
1753	1446	47	4	0	0	0	51	4	0.0784313725490196
1754	1476	36	1	0	0	0	37	1	0.02702702702702703
1755	1518	43	2	0	0	0	45	2	0.044444444444444446
1756	1470	58	6	0	0	0	64	6	0.09375
1757	1472	48	2	0	0	0	50	2	0.04
1758	1443	45	6	0	0	0	51	6	0.11764705882352941
1759	1494	42	0	0	0	0	42	0	0
176	1467	51	2	0	0	0	53	2	0.03773584905660377
1760	1472	63	1	0	0	0	64	1	0.015625
1761	1460	46	5	0	0	0	51	5	0.09803921568627451
1762	1490	39	2	0	0	0	41	2	0.04878048780487805
1763	1460	58	1	0	0	0	59	1	0.01694915254237288
1764	1469	48	4	1	0	0	53	5	0.09433962264150944
1765	1484	53	2	0	0	0	55	2	0.03636363636363636
1766	1438	46	2	0	0	0	48	2	0.041666666666666664
1767	1446	43	2	0	0	0	45	2	0.044444444444444446
1768	1467	39	3	0	0	0	42	3	0.07142857142857142
1769	1462	46	4	0	0	0	50	4	0.08
177	1439	51	1	0	0	0	52	1	0.019230769230769232
1770	1478	64	1	0	0	0	65	1	0.015384615384615385
1771	1489	38	1	0	0	0	39	1	0.02564102564102564
1772	1463	42	2	0	0	0	44	2	0.045454545454545456
1773	1472	44	2	0	0	0	46	2	0.043478260869565216
1774	1471	34	1	0	0	0	35	1	0.02857142857142857
1775	1437	48	1	0	0	0	49	1	0.02040816326530612
1776	1430	37	4	0	0	0	41	4	0.0975609756097561
1777	1461	51	2	1	0	0	54	3	0.05555555555555555
1778	1436	48	1	0	0	0	49	1	0.02040816326530612
1779	1485	29	1	0	0	0	30	1	0.03333333333333333
178	1483	46	2	0	0	0	48	2	0.041666666666666664
1780	1492	48	2	1	0	0	51	3	0.058823529411764705
1781	1463	45	1	0	0	0	46	1	0.021739130434782608
1782	1491	42	2	0	0	0	44	2	0.045454545454545456
1783	1499	47	1	0	0	0	48	1	0.020833333333333332
1784	1464	45	1	0	0	0	46	1	0.021739130434782608
1785	1479	42	2	0	0	0	44	2	0.045454545454545456
1786	1477	45	2	0	0	0	47	2	0.0425531914893617
1787	1489	39	2	0	0	0	41	2	0.04878048780487805
1788	1466	49	2	0	0	0	51	2	0.0392156862745098
1789	1474	50	6	0	0	0	56	6	0.10714285714285714
179	1479	43	2	0	0	0	45	2	0.044444444444444446
1790	1468	43	1	0	0	0	44	1	0.022727272727272728
1791	1467	38	2	0	0	0	40	2	0.05
1792	1461	39	3	0	0	0	42	3	0.07142857142857142
1793	1483	57	1	0	0	0	58	1	0.017241379310344827
1794	1479	38	2	0	0	0	40	2	0.05
1795	1511	49	5	0	0	0	54	5	0.09259259259259259
1796	1475	37	2	0	0	0	39	2	0.05128205128205128
1797	1408	54	1	0	0	0	55	1	0.01818181818181818
1798	1471	57	6	0	0	0	63	6	0.09523809523809523
1799	1477	49	0	0	0	0	49	0	0
18	1464	48	3	0	0	0	51	3	0.058823529411764705
180	1458	45	1	0	0	0	46	1	0.021739130434782608
1800	1488	46	1	0	0	0	47	1	0.02127659574468085
1801	1468	46	2	0	0	0	48	2	0.041666666666666664
1802	1469	40	3	0	0	0	43	3	0.06976744186046512
1803	1476	39	2	1	0	0	42	3	0.07142857142857142
1804	1483	38	5	0	0	0	43	5	0.11627906976744186
1805	1453	57	4	0	0	0	61	4	0.06557377049180328
1806	1486	53	3	0	0	0	56	3	0.05357142857142857
1807	1451	41	3	0	0	0	44	3	0.06818181818181818
1808	1479	39	7	0	0	0	46	7	0.15217391304347827
1809	1503	37	2	0	0	0	39	2	0.05128205128205128
181	1451	44	2	0	0	0	46	2	0.043478260869565216
1810	1469	37	2	0	0	0	39	2	0.05128205128205128
1811	1471	50	1	0	0	0	51	1	0.0196078431372549
1812	1464	45	2	0	0	0	47	2	0.0425531914893617
1813	1447	52	3	0	0	0	55	3	0.05454545454545454
1814	1487	37	2	0	0	0	39	2	0.05128205128205128
1815	1516	32	2	0	0	0	34	2	0.058823529411764705
1816	1457	49	1	0	0	0	50	1	0.02
1817	1464	45	0	0	0	0	45	0	0
1818	1496	51	3	0	0	0	54	3	0.05555555555555555
1819	1456	57	2	0	0	0	59	2	0.03389830508474576
182	1459	53	4	0	0	0	57	4	0.07017543859649122
1820	1495	46	2	0	0	0	48	2	0.041666666666666664
1821	1484	32	2	1	0	0	35	3	0.08571428571428572
1822	1428	50	5	0	0	0	55	5	0.09090909090909091
1823	1486	41	4	0	0	0	45	4	0.08888888888888889
1824	1511	52	4	0	0	0	56	4	0.07142857142857142
1825	1500	50	4	0	0	0	54	4	0.07407407407407407
1826	1454	50	2	0	0	0	52	2	0.038461538461538464
1827	1452	42	1	0	0	0	43	1	0.023255813953488372
1828	1463	50	3	0	0	0	53	3	0.05660377358490566
1829	1483	49	1	0	0	0	50	1	0.02
183	1460	40	2	0	0	0	42	2	0.047619047619047616
1830	1465	53	3	0	0	0	56	3	0.05357142857142857
1831	1499	40	3	0	0	0	43	3	0.06976744186046512
1832	1486	46	1	0	0	0	47	1	0.02127659574468085
1833	1462	41	3	0	0	0	44	3	0.06818181818181818
1834	1477	45	1	0	0	0	46	1	0.021739130434782608
1835	1450	49	2	0	0	0	51	2	0.0392156862745098
1836	1492	45	5	0	0	0	50	5	0.1
1837	1479	42	3	0	0	0	45	3	0.06666666666666667
1838	1449	29	1	0	0	0	30	1	0.03333333333333333
1839	1499	46	3	0	0	0	49	3	0.061224489795918366
184	1452	44	2	0	0	0	46	2	0.043478260869565216
1840	1506	47	2	1	0	0	50	3	0.06
1841	1481	47	1	1	0	0	49	2	0.04081632653061224
1842	1441	46	1	0	0	0	47	1	0.02127659574468085
1843	1461	55	1	0	0	0	56	1	0.017857142857142856
1844	1456	41	1	0	0	0	42	1	0.023809523809523808
1845	1481	56	4	0	0	0	60	4	0.06666666666666667
1846	1476	45	2	1	0	0	48	3	0.0625
1847	1455	37	2	0	0	0	39	2	0.05128205128205128
1848	1484	42	3	0	0	0	45	3	0.06666666666666667
1849	1460	32	3	0	0	0	35	3	0.08571428571428572
185	1476	47	3	0	0	0	50	3	0.06
1850	1461	55	4	0	0	0	59	4	0.06779661016949153
1851	1493	49	5	0	0	0	54	5	0.09259259259259259
1852	1491	50	4	0	0	0	54	4	0.07407407407407407
1853	1475	46	3	1	0	0	50	4	0.08
1854	1483	57	3	1	0	0	61	4	0.06557377049180328
1855	1498	44	0	0	0	0	44	0	0
1856	1455	45	0	0	0	0	45	0	0
1857	1480	38	0	0	0	0	38	0	0
1858	1460	36	1	0	0	0	37	1	0.02702702702702703
1859	1451	52	1	1	0	0	54	2	0.037037037037037035
186	1511	40	3	0	0	0	43	3	0.06976744186046512
1860	1472	50	7	0	0	0	57	7	0.12280701754385964
1861	1482	46	2	0	0	0	48	2	0.041666666666666664
1862	1457	51	2	0	0	0	53	2	0.03773584905660377
1863	1450	40	4	0	0	0	44	4	0.09090909090909091
1864	1474	47	1	1	0	0	49	2	0.04081632653061224
1865	1467	48	3	0	0	0	51	3	0.058823529411764705
1866	1508	42	5	0	0	0	47	5	0.10638297872340426
1867	1486	43	3	0	0	0	46	3	0.06521739130434782
1868	1475	43	0	0	0	0	43	0	0
1869	1497	54	1	0	0	0	55	1	0.01818181818181818
187	1471	39	5	0	0	0	44	5	0.11363636363636363
1870	1445	34	4	0	0	0	38	4	0.10526315789473684
1871	1496	48	5	0	0	0	53	5	0.09433962264150944
1872	1483	43	2	0	0	0	45	2	0.044444444444444446
1873	1465	57	6	0	0	0	63	6	0.09523809523809523
1874	1460	50	2	0	0	0	52	2	0.038461538461538464
1875	1481	49	4	0	0	0	53	4	0.07547169811320754
1876	1495	56	0	0	0	0	56	0	0
1877	1462	49	5	0	0	0	54	5	0.09259259259259259
1878	1468	53	4	0	0	0	57	4	0.07017543859649122
1879	1482	47	2	0	0	0	49	2	0.04081632653061224
188	1468	44	3	0	0	0	47	3	0.06382978723404255
1880	1501	49	3	0	1	0	53	4	0.07547169811320754
1881	1456	36	2	0	0	0	38	2	0.05263157894736842
1882	1453	47	2	1	0	0	50	3	0.06
1883	1491	51	1	0	0	0	52	1	0.019230769230769232
1884	1489	46	4	0	0	0	50	4	0.08
1885	1497	54	2	0	0	0	56	2	0.03571428571428571
1886	1430	53	2	0	0	0	55	2	0.03636363636363636
1887	1506	45	5	0	0	0	50	5	0.1
1888	1492	52	3	0	0	0	55	3	0.05454545454545454
1889	1488	33	4	0	0	0	37	4	0.10810810810810811
189	1457	52	4	0	1	0	57	5	0.08771929824561403
1890	1494	41	1	0	0	0	42	1	0.023809523809523808
1891	1477	42	4	0	0	0	46	4	0.08695652173913043
1892	1479	45	1	0	0	0	46	1	0.021739130434782608
1893	1444	52	1	0	0	0	53	1	0.018867924528301886
1894	1469	44	2	0	0	0	46	2	0.043478260869565216
1895	1442	47	5	0	0	0	52	5	0.09615384615384616
1896	1478	45	3	0	0	0	48	3	0.0625
1897	1477	39	1	0	0	0	40	1	0.025
1898	1465	49	2	0	0	0	51	2	0.0392156862745098
1899	1499	48	4	0	0	0	52	4	0.07692307692307693
19	1506	46	0	0	0	0	46	0	0
190	1445	57	4	0	0	0	61	4	0.06557377049180328
1900	1441	43	4	0	0	0	47	4	0.0851063829787234
1901	1466	50	1	0	0	0	51	1	0.0196078431372549
1902	1487	46	4	0	0	0	50	4	0.08
1903	1466	43	3	0	0	0	46	3	0.06521739130434782
1904	1475	53	2	0	0	0	55	2	0.03636363636363636
1905	1458	35	2	0	0	0	37	2	0.05405405405405406
1906	1498	40	4	0	0	0	44	4	0.09090909090909091
1907	1474	61	2	0	0	0	63	2	0.031746031746031744
1908	1487	47	3	0	0	0	50	3	0.06
1909	1497	47	0	0	0	0	47	0	0
191	1494	44	1	0	0	0	45	1	0.022222222222222223
1910	1450	34	4	1	0	0	39	5	0.1282051282051282
1911	1477	46	1	0	0	0	47	1	0.02127659574468085
1912	1497	34	1	0	0	0	35	1	0.02857142857142857
1913	1477	41	1	0	0	0	42	1	0.023809523809523808
1914	1465	47	2	0	0	0	49	2	0.04081632653061224
1915	1452	49	4	0	0	0	53	4	0.07547169811320754
1916	1455	31	1	0	0	0	32	1	0.03125
1917	1431	58	4	0	0	0	62	4	0.06451612903225806
1918	1489	51	2	0	0	0	53	2	0.03773584905660377
1919	1475	40	3	0	0	0	43	3	0.06976744186046512
192	1466	54	3	0	0	0	57	3	0.05263157894736842
1920	1475	38	1	0	0	0	39	1	0.02564102564102564
1921	1443	43	2	1	0	0	46	3	0.06521739130434782
1922	1479	47	2	0	0	0	49	2	0.04081632653061224
1923	1513	38	3	1	0	0	42	4	0.09523809523809523
1924	1479	43	6	0	0	0	49	6	0.12244897959183673
1925	1464	53	1	0	0	0	54	1	0.018518518518518517
1926	1486	36	3	0	0	0	39	3	0.07692307692307693
1927	1449	55	3	1	0	0	59	4	0.06779661016949153
1928	1471	42	2	0	0	0	44	2	0.045454545454545456
1929	1489	42	3	0	0	0	45	3	0.06666666666666667
193	1481	46	3	0	0	0	49	3	0.061224489795918366
1930	1489	51	4	1	0	0	56	5	0.08928571428571429
1931	1480	52	3	0	0	0	55	3	0.05454545454545454
1932	1495	41	5	1	0	0	47	6	0.1276595744680851
1933	1445	52	4	0	0	0	56	4	0.07142857142857142
1934	1464	43	4	0	0	0	47	4	0.0851063829787234
1935	1521	41	0	0	0	0	41	0	0
1936	1463	52	1	0	0	0	53	1	0.018867924528301886
1937	1479	38	1	0	0	0	39	1	0.02564102564102564
1938	1481	40	4	0	0	0	44	4	0.09090909090909091
1939	1484	53	1	0	0	0	54	1	0.018518518518518517
194	1452	37	6	0	0	0	43	6	0.13953488372093023
1940	1477	53	3	0	0	0	56	3	0.05357142857142857
1941	1466	43	1	0	0	0	44	1	0.022727272727272728
1942	1446	50	2	0	0	0	52	2	0.038461538461538464
1943	1446	36	4	0	0	0	40	4	0.1
1944	1498	45	1	1	0	0	47	2	0.0425531914893617
1945	1454	50	1	0	0	0	51	1	0.0196078431372549
1946	1487	45	2	0	1	0	48	3	0.0625
1947	1487	49	1	0	0	0	50	1	0.02
1948	1447	47	3	0	0	0	50	3	0.06
1949	1474	42	4	0	0	0	46	4	0.08695652173913043
195	1493	44	1	2	0	0	47	3	0.06382978723404255
1950	1457	49	3	0	0	0	52	3	0.057692307692307696
1951	1471	45	3	0	0	0	48	3	0.0625
1952	1495	44	3	0	0	0	47	3	0.06382978723404255
1953	1478	46	2	1	0	0	49	3	0.061224489795918366
1954	1486	46	4	0	0	0	50	4	0.08
1955	1492	50	3	0	0	0	53	3	0.05660377358490566
1956	1468	52	2	0	0	0	54	2	0.037037037037037035
1957	1470	32	2	0	0	0	34	2	0.058823529411764705
1958	1494	53	2	0	0	0	55	2	0.03636363636363636
1959	1471	38	2	0	0	0	40	2	0.05
196	1482	44	1	0	0	0	45	1	0.022222222222222223
1960	1512	43	2	0	0	0	45	2	0.044444444444444446
1961	1506	55	7	0	0	0	62	7	0.11290322580645161
1962	1459	52	1	0	0	0	53	1	0.018867924528301886
1963	1477	45	1	0	0	0	46	1	0.021739130434782608
1964	1438	52	3	1	0	0	56	4	0.07142857142857142
1965	1489	47	3	0	0	0	50	3	0.06
1966	1467	38	2	1	0	0	41	3	0.07317073170731707
1967	1496	39	2	0	0	0	41	2	0.04878048780487805
1968	1515	40	2	1	0	0	43	3	0.06976744186046512
1969	1445	52	1	0	0	0	53	1	0.018867924528301886
197	1499	53	3	0	0	0	56	3	0.05357142857142857
1970	1471	48	3	0	0	0	51	3	0.058823529411764705
1971	1484	44	2	0	0	0	46	2	0.043478260869565216
1972	1482	56	1	0	0	0	57	1	0.017543859649122806
1973	1464	43	3	0	0	0	46	3	0.06521739130434782
1974	1482	44	2	0	0	0	46	2	0.043478260869565216
1975	1473	46	4	0	0	0	50	4	0.08
1976	1487	37	4	0	0	0	41	4	0.0975609756097561
1977	1479	40	1	0	0	0	41	1	0.024390243902439025
1978	1501	48	0	0	0	0	48	0	0
1979	1507	41	5	1	0	0	47	6	0.1276595744680851
198	1490	41	5	0	0	0	46	5	0.10869565217391304
1980	1479	52	4	0	0	0	56	4	0.07142857142857142
1981	1491	47	0	0	0	0	47	0	0
1982	1456	49	3	0	0	0	52	3	0.057692307692307696
1983	1473	49	5	0	0	0	54	5	0.09259259259259259
1984	1475	53	3	0	0	0	56	3	0.05357142857142857
1985	1478	51	3	0	0	0	54	3	0.05555555555555555
1986	1448	40	4	0	0	0	44	4	0.09090909090909091
1987	1469	47	0	0	0	0	47	0	0
1988	1459	48	3	0	0	0	51	3	0.058823529411764705
1989	1491	41	1	0	0	0	42	1	0.023809523809523808
199	1456	44	4	0	0	0	48	4	0.08333333333333333
1990	1476	44	1	0	0	0	45	1	0.022222222222222223
1991	1453	48	3	0	0	0	51	3	0.058823529411764705
1992	1466	35	1	0	0	0	36	1	0.027777777777777776
1993	1512	43	0	0	0	0	43	0	0
1994	1516	47	4	0	0	0	51	4	0.0784313725490196
1995	1462	42	1	0	0	0	43	1	0.023255813953488372
1996	1476	40	3	0	0	0	43	3	0.06976744186046512
1997	1463	53	2	0	0	0	55	2	0.03636363636363636
1998	1476	46	6	0	0	0	52	6	0.11538461538461539
1999	1487	51	0	0	0	0	51	0	0
2	1501	37	2	1	0	0	40	3	0.075
20	1501	42	2	0	0	0	44	2	0.045454545454545456
200	1471	46	1	0	0	0	47	1	0.02127659574468085
2000	1480	50	0	0	0	0	50	0	0
2001	1451	44	2	0	0	0	46	2	0.043478260869565216
2002	1484	42	6	0	0	0	48	6	0.125
2003	1453	63	3	0	0	0	66	3	0.045454545454545456
2004	1461	50	1	0	0	0	51	1	0.0196078431372549
2005	1479	52	6	0	0	0	58	6	0.10344827586206896
2006	1468	43	3	0	0	0	46	3	0.06521739130434782
2007	1470	43	1	0	0	0	44	1	0.022727272727272728
2008	1473	54	3	0	0	0	57	3	0.05263157894736842
2009	1477	49	3	0	0	0	52	3	0.057692307692307696
201	1459	41	1	0	0	0	42	1	0.023809523809523808
2010	1464	46	3	0	0	0	49	3	0.061224489795918366
2011	1460	44	1	0	0	0	45	1	0.022222222222222223
2012	1482	49	1	1	0	0	51	2	0.0392156862745098
2013	1473	43	2	0	0	0	45	2	0.044444444444444446
2014	1432	48	4	0	0	0	52	4	0.07692307692307693
2015	1456	39	1	0	0	0	40	1	0.025
2016	1493	39	2	0	0	0	41	2	0.04878048780487805
2017	1495	37	2	0	0	0	39	2	0.05128205128205128
2018	1500	42	4	0	0	0	46	4	0.08695652173913043
2019	1452	54	5	0	0	0	59	5	0.0847457627118644
202	1487	42	2	0	0	0	44	2	0.045454545454545456
2020	1460	47	3	0	0	0	50	3	0.06
2021	1441	57	2	0	0	0	59	2	0.03389830508474576
2022	1485	40	1	0	0	0	41	1	0.024390243902439025
2023	1462	43	2	0	0	0	45	2	0.044444444444444446
2024	1463	54	1	0	0	0	55	1	0.01818181818181818
2025	1464	53	5	0	0	0	58	5	0.08620689655172414
2026	1453	46	3	0	0	0	49	3	0.061224489795918366
2027	1465	49	0	0	0	0	49	0	0
2028	1492	62	4	0	0	0	66	4	0.06060606060606061
2029	1481	47	4	0	0	0	51	4	0.0784313725490196
203	1497	45	1	0	0	0	46	1	0.021739130434782608
2030	1462	53	2	0	0	0	55	2	0.03636363636363636
2031	1463	54	3	0	0	0	57	3	0.05263157894736842
2032	1494	45	2	0	0	0	47	2	0.0425531914893617
2033	1479	67	1	0	0	0	68	1	0.014705882352941176
2034	1478	53	7	0	0	0	60	7	0.11666666666666667
2035	1460	53	1	0	0	0	54	1	0.018518518518518517
2036	1477	33	1	0	0	0	34	1	0.029411764705882353
2037	1492	49	0	0	0	0	49	0	0
2038	1490	49	2	0	0	0	51	2	0.0392156862745098
2039	1483	40	2	0	0	0	42	2	0.047619047619047616
204	1470	61	5	0	0	0	66	5	0.07575757575757576
2040	1510	47	2	0	0	0	49	2	0.04081632653061224
2041	1486	56	1	1	0	0	58	2	0.034482758620689655
2042	1472	44	5	0	0	0	49	5	0.10204081632653061
2043	1488	48	2	0	0	0	50	2	0.04
2044	1471	44	3	0	0	0	47	3	0.06382978723404255
2045	1478	49	2	0	0	0	51	2	0.0392156862745098
2046	1479	41	2	0	0	0	43	2	0.046511627906976744
2047	1479	43	0	0	0	0	43	0	0
2048	1472	45	7	0	0	0	52	7	0.1346153846153846
2049	1462	50	2	0	0	0	52	2	0.038461538461538464
205	1482	43	4	0	0	0	47	4	0.0851063829787234
2050	1460	57	2	0	0	0	59	2	0.03389830508474576
2051	1464	43	5	0	0	0	48	5	0.10416666666666667
2052	1459	50	3	0	0	0	53	3	0.05660377358490566
2053	1477	35	1	0	0	0	36	1	0.027777777777777776
2054	1475	49	4	0	0	0	53	4	0.07547169811320754
2055	1461	54	4	0	0	0	58	4	0.06896551724137931
2056	1488	56	8	0	0	0	64	8	0.125
2057	1463	51	1	0	0	0	52	1	0.019230769230769232
2058	1469	45	3	0	0	0	48	3	0.0625
2059	1489	37	1	0	0	0	38	1	0.02631578947368421
206	1469	54	3	0	0	0	57	3	0.05263157894736842
2060	1475	49	2	0	0	0	51	2	0.0392156862745098
2061	1484	53	2	1	0	0	56	3	0.05357142857142857
2062	1473	42	3	0	0	0	45	3	0.06666666666666667
2063	1451	52	4	0	0	0	56	4	0.07142857142857142
2064	1461	58	5	0	0	0	63	5	0.07936507936507936
2065	1475	45	5	0	0	0	50	5	0.1
2066	1470	50	2	0	0	0	52	2	0.038461538461538464
2067	1485	53	1	0	0	0	54	1	0.018518518518518517
2068	1486	37	3	0	0	0	40	3	0.075
2069	1470	35	2	0	0	0	37	2	0.05405405405405406
207	1489	48	1	0	0	0	49	1	0.02040816326530612
2070	1483	43	3	0	0	0	46	3	0.06521739130434782
2071	1479	40	2	0	0	0	42	2	0.047619047619047616
2072	1472	51	5	0	0	0	56	5	0.08928571428571429
2073	1480	36	0	1	0	0	37	1	0.02702702702702703
2074	1462	48	0	0	0	0	48	0	0
2075	1483	42	1	0	0	0	43	1	0.023255813953488372
2076	1486	48	4	0	0	0	52	4	0.07692307692307693
2077	1447	50	3	0	0	0	53	3	0.05660377358490566
2078	1445	48	1	0	0	0	49	1	0.02040816326530612
2079	1480	52	1	0	0	0	53	1	0.018867924528301886
208	1444	31	2	0	0	0	33	2	0.06060606060606061
2080	1481	44	4	0	0	0	48	4	0.08333333333333333
2081	1470	44	5	0	0	0	49	5	0.10204081632653061
2082	1462	45	1	0	0	0	46	1	0.021739130434782608
2083	1490	43	1	0	0	0	44	1	0.022727272727272728
2084	1484	39	1	0	0	0	40	1	0.025
2085	1488	42	3	0	0	0	45	3	0.06666666666666667
2086	1458	44	5	0	0	0	49	5	0.10204081632653061
2087	1488	38	1	0	0	0	39	1	0.02564102564102564
2088	1460	54	3	0	0	0	57	3	0.05263157894736842
2089	1444	57	0	0	0	0	57	0	0
209	1459	50	1	0	0	0	51	1	0.0196078431372549
2090	1474	29	2	0	0	0	31	2	0.06451612903225806
2091	1445	48	3	0	0	0	51	3	0.058823529411764705
2092	1475	41	4	0	0	0	45	4	0.08888888888888889
2093	1484	53	3	0	0	0	56	3	0.05357142857142857
2094	1504	44	5	0	0	0	49	5	0.10204081632653061
2095	1477	41	3	0	0	0	44	3	0.06818181818181818
2096	1444	49	2	0	0	0	51	2	0.0392156862745098
2097	1497	50	3	0	0	0	53	3	0.05660377358490566
2098	1452	43	1	0	0	0	44	1	0.022727272727272728
2099	1473	41	7	1	0	0	49	8	0.16326530612244897
21	1501	32	5	0	0	0	37	5	0.13513513513513514
210	1471	48	7	0	0	0	55	7	0.12727272727272726
2100	1458	37	3	0	0	0	40	3	0.075
2101	1454	47	3	0	0	0	50	3	0.06
2102	1454	55	2	0	0	0	57	2	0.03508771929824561
2103	1493	40	4	0	0	0	44	4	0.09090909090909091
2104	1481	55	3	0	1	0	59	4	0.06779661016949153
2105	1441	56	3	0	0	0	59	3	0.05084745762711865
2106	1473	48	4	1	0	0	53	5	0.09433962264150944
2107	1463	56	4	1	0	0	61	5	0.08196721311475409
2108	1462	33	1	1	0	0	35	2	0.05714285714285714
2109	1472	23	5	0	0	0	28	5	0.17857142857142858
211	1462	40	1	0	0	0	41	1	0.024390243902439025
2110	1494	51	3	0	0	0	54	3	0.05555555555555555
2111	1516	44	2	0	0	0	46	2	0.043478260869565216
2112	1455	49	3	0	0	0	52	3	0.057692307692307696
2113	1464	44	4	0	0	0	48	4	0.08333333333333333
2114	1493	46	1	0	0	0	47	1	0.02127659574468085
2115	1502	49	2	0	0	0	51	2	0.0392156862745098
2116	1484	34	1	0	0	0	35	1	0.02857142857142857
2117	1488	41	3	0	0	0	44	3	0.06818181818181818
2118	1478	49	0	0	0	0	49	0	0
2119	1479	62	2	0	0	0	64	2	0.03125
212	1481	45	2	1	0	0	48	3	0.0625
2120	1493	45	1	0	0	0	46	1	0.021739130434782608
2121	1468	40	4	0	0	0	44	4	0.09090909090909091
2122	1447	54	2	0	0	0	56	2	0.03571428571428571
2123	1504	48	6	0	0	0	54	6	0.1111111111111111
2124	1477	52	0	0	0	0	52	0	0
2125	1457	44	5	1	0	0	50	6	0.12
2126	1480	38	6	1	0	0	45	7	0.15555555555555556
2127	1478	58	1	1	0	0	60	2	0.03333333333333333
2128	1467	38	4	0	0	0	42	4	0.09523809523809523
2129	1468	45	1	0	0	0	46	1	0.021739130434782608
213	1474	44	3	0	0	0	47	3	0.06382978723404255
2130	1475	42	5	0	0	0	47	5	0.10638297872340426
2131	1462	34	4	0	0	0	38	4	0.10526315789473684
2132	1483	40	2	0	0	0	42	2	0.047619047619047616
2133	1519	43	5	0	0	0	48	5	0.10416666666666667
2134	1483	34	4	0	0	0	38	4	0.10526315789473684
2135	1496	44	0	0	0	0	44	0	0
2136	1467	58	0	0	0	0	58	0	0
2137	1487	33	1	0	0	0	34	1	0.029411764705882353
2138	1448	43	0	0	0	0	43	0	0
2139	1468	48	3	0	0	0	51	3	0.058823529411764705
214	1491	49	2	0	0	0	51	2	0.0392156862745098
2140	1447	27	0	0	0	0	27	0	0
2141	1474	42	2	0	0	0	44	2	0.045454545454545456
2142	1479	59	2	0	0	0	61	2	0.03278688524590164
2143	1469	57	3	0	0	0	60	3	0.05
2144	1457	34	3	0	0	0	37	3	0.08108108108108109
2145	1455	44	2	1	0	0	47	3	0.06382978723404255
2146	1477	55	3	0	0	0	58	3	0.05172413793103448
2147	1466	40	0	0	0	0	40	0	0
2148	1461	49	2	0	0	0	51	2	0.0392156862745098
2149	1471	45	5	0	0	0	50	5	0.1
215	1480	26	2	0	0	0	28	2	0.07142857142857142
2150	1520	52	2	1	0	0	55	3	0.05454545454545454
2151	1463	32	2	0	0	0	34	2	0.058823529411764705
2152	1461	46	5	0	0	0	51	5	0.09803921568627451
2153	1471	38	3	0	0	0	41	3	0.07317073170731707
2154	1475	41	3	0	0	0	44	3	0.06818181818181818
2155	1462	42	1	0	0	0	43	1	0.023255813953488372
2156	1456	40	2	0	0	0	42	2	0.047619047619047616
2157	1469	36	1	0	0	0	37	1	0.02702702702702703
2158	1514	36	4	0	0	0	40	4	0.1
2159	1485	44	3	0	0	0	47	3	0.06382978723404255
216	1464	35	1	0	0	0	36	1	0.027777777777777776
2160	1489	50	0	0	0	0	50	0	0
2161	1457	53	2	0	0	0	55	2	0.03636363636363636
2162	1471	51	5	0	0	0	56	5	0.08928571428571429
2163	1501	42	1	0	0	0	43	1	0.023255813953488372
2164	1464	42	1	0	0	0	43	1	0.023255813953488372
2165	1469	40	2	0	0	0	42	2	0.047619047619047616
2166	1450	52	2	0	0	0	54	2	0.037037037037037035
2167	1468	55	3	0	0	0	58	3	0.05172413793103448
2168	1483	47	2	0	0	0	49	2	0.04081632653061224
2169	1508	47	5	0	0	0	52	5	0.09615384615384616
217	1475	40	2	0	0	0	42	2	0.047619047619047616
2170	1482	48	3	0	0	0	51	3	0.058823529411764705
2171	1463	47	0	0	0	0	47	0	0
2172	1458	55	1	1	0	0	57	2	0.03508771929824561
2173	1485	48	0	0	0	0	48	0	0
2174	1450	42	2	0	0	0	44	2	0.045454545454545456
2175	1485	49	2	0	0	0	51	2	0.0392156862745098
2176	1497	48	4	0	0	0	52	4	0.07692307692307693
2177	1485	35	4	0	0	0	39	4	0.10256410256410256
2178	1463	41	2	0	0	0	43	2	0.046511627906976744
2179	1487	39	5	0	0	0	44	5	0.11363636363636363
218	1472	47	4	0	0	0	51	4	0.0784313725490196
2180	1495	55	8	0	0	0	63	8	0.12698412698412698
2181	1495	40	4	1	0	0	45	5	0.1111111111111111
2182	1464	49	1	0	0	0	50	1	0.02
2183	1504	52	1	0	0	0	53	1	0.018867924528301886
2184	1514	40	2	0	0	0	42	2	0.047619047619047616
2185	1475	44	1	0	0	0	45	1	0.022222222222222223
2186	1469	46	1	0	0	0	47	1	0.02127659574468085
2187	1481	51	3	0	0	0	54	3	0.05555555555555555
2188	1437	52	1	0	0	0	53	1	0.018867924528301886
2189	1487	36	2	0	0	0	38	2	0.05263157894736842
219	1488	55	3	1	0	0	59	4	0.06779661016949153
2190	1456	56	8	0	0	0	64	8	0.125
2191	1496	41	1	1	0	0	43	2	0.046511627906976744
2192	1481	37	3	0	0	0	40	3	0.075
2193	1479	54	2	1	0	0	57	3	0.05263157894736842
2194	1480	39	2	0	0	0	41	2	0.04878048780487805
2195	1462	58	5	0	1	0	64	6	0.09375
2196	1471	48	2	0	0	0	50	2	0.04
2197	1487	42	3	0	0	0	45	3	0.06666666666666667
2198	1446	50	3	0	0	0	53	3	0.05660377358490566
2199	1479	52	3	0	0	0	55	3	0.05454545454545454
22	1465	48	1	0	0	0	49	1	0.02040816326530612
220	1494	46	3	0	0	0	49	3	0.061224489795918366
2200	1449	47	1	0	0	0	48	1	0.020833333333333332
2201	1443	58	1	0	0	0	59	1	0.01694915254237288
2202	1472	57	4	0	0	0	61	4	0.06557377049180328
2203	1480	40	1	0	0	0	41	1	0.024390243902439025
2204	1454	51	1	0	0	0	52	1	0.019230769230769232
2205	1461	50	6	0	0	0	56	6	0.10714285714285714
2206	1476	41	3	0	0	0	44	3	0.06818181818181818
2207	1472	44	2	1	0	0	47	3	0.06382978723404255
2208	1486	42	3	0	0	0	45	3	0.06666666666666667
2209	1454	45	3	0	0	0	48	3	0.0625
221	1438	51	0	0	0	0	51	0	0
2210	1456	33	3	0	0	0	36	3	0.08333333333333333
2211	1467	44	1	0	0	0	45	1	0.022222222222222223
2212	1460	49	2	0	0	0	51	2	0.0392156862745098
2213	1504	39	3	0	0	0	42	3	0.07142857142857142
2214	1462	41	3	0	0	0	44	3	0.06818181818181818
2215	1481	33	2	0	0	0	35	2	0.05714285714285714
2216	1472	43	2	0	0	0	45	2	0.044444444444444446
2217	1472	46	5	0	0	0	51	5	0.09803921568627451
2218	1463	50	5	0	0	0	55	5	0.09090909090909091
2219	1477	49	2	0	0	0	51	2	0.0392156862745098
222	1495	41	1	0	0	0	42	1	0.023809523809523808
2220	1466	47	0	1	0	0	48	1	0.020833333333333332
2221	1499	37	3	0	0	0	40	3	0.075
2222	1478	43	5	0	0	0	48	5	0.10416666666666667
2223	1471	55	3	0	0	0	58	3	0.05172413793103448
2224	1459	33	0	0	0	0	33	0	0
2225	1445	24	3	0	0	0	27	3	0.1111111111111111
2226	1478	38	5	1	0	0	44	6	0.13636363636363635
2227	1466	51	4	1	0	0	56	5	0.08928571428571429
2228	1467	45	5	0	0	0	50	5	0.1
2229	1477	49	0	0	0	0	49	0	0
223	1471	43	2	1	0	0	46	3	0.06521739130434782
2230	1500	52	7	0	0	0	59	7	0.11864406779661017
2231	1464	53	3	0	0	0	56	3	0.05357142857142857
2232	1473	43	1	0	0	0	44	1	0.022727272727272728
2233	1472	48	2	0	0	0	50	2	0.04
2234	1486	43	2	0	0	0	45	2	0.044444444444444446
2235	1466	43	2	0	0	0	45	2	0.044444444444444446
2236	1486	33	3	0	0	0	36	3	0.08333333333333333
2237	1500	46	1	0	0	0	47	1	0.02127659574468085
2238	1467	42	8	2	0	0	52	10	0.19230769230769232
2239	1463	49	4	0	0	0	53	4	0.07547169811320754
224	1492	39	1	1	0	0	41	2	0.04878048780487805
2240	1486	56	2	0	0	0	58	2	0.034482758620689655
2241	1464	43	0	0	0	0	43	0	0
2242	1458	38	3	0	0	0	41	3	0.07317073170731707
2243	1461	49	0	0	0	0	49	0	0
2244	1455	46	2	0	0	0	48	2	0.041666666666666664
2245	1481	39	2	0	0	0	41	2	0.04878048780487805
2246	1456	43	4	0	0	0	47	4	0.0851063829787234
2247	1485	54	1	0	0	0	55	1	0.01818181818181818
2248	1476	39	1	0	0	0	40	1	0.025
2249	1468	48	1	0	0	0	49	1	0.02040816326530612
225	1471	52	3	0	0	0	55	3	0.05454545454545454
2250	1467	38	1	0	0	0	39	1	0.02564102564102564
2251	1496	46	2	0	0	0	48	2	0.041666666666666664
2252	1485	48	2	0	0	0	50	2	0.04
2253	1484	57	4	0	0	0	61	4	0.06557377049180328
2254	1482	42	3	0	0	0	45	3	0.06666666666666667
2255	1445	43	4	0	0	0	47	4	0.0851063829787234
2256	1470	42	2	0	0	0	44	2	0.045454545454545456
2257	1486	32	3	0	0	0	35	3	0.08571428571428572
2258	1450	52	2	0	0	0	54	2	0.037037037037037035
2259	1487	48	2	0	0	0	50	2	0.04
226	1498	38	3	0	0	0	41	3	0.07317073170731707
2260	1466	60	5	1	0	0	66	6	0.09090909090909091
2261	1513	50	4	0	0	0	54	4	0.07407407407407407
2262	1482	58	2	1	0	0	61	3	0.04918032786885246
2263	1482	37	1	0	0	0	38	1	0.02631578947368421
2264	1445	38	3	0	0	0	41	3	0.07317073170731707
2265	1493	50	6	0	0	0	56	6	0.10714285714285714
2266	1496	33	2	0	0	0	35	2	0.05714285714285714
2267	1453	46	2	0	0	0	48	2	0.041666666666666664
2268	1470	35	5	0	0	0	40	5	0.125
2269	1470	42	3	0	0	0	45	3	0.06666666666666667
227	1462	45	2	0	0	0	47	2	0.0425531914893617
2270	1482	48	1	0	0	0	49	1	0.02040816326530612
2271	1475	56	2	0	0	0	58	2	0.034482758620689655
2272	1482	54	2	0	0	0	56	2	0.03571428571428571
2273	1522	37	0	0	0	0	37	0	0
2274	1470	42	3	1	0	0	46	4	0.08695652173913043
2275	1461	40	3	0	0	0	43	3	0.06976744186046512
2276	1484	46	2	0	0	0	48	2	0.041666666666666664
2277	1483	46	3	0	0	0	49	3	0.061224489795918366
2278	1455	44	4	0	0	0	48	4	0.08333333333333333
2279	1477	43	1	0	0	0	44	1	0.022727272727272728
228	1470	40	1	1	0	0	42	2	0.047619047619047616
2280	1486	48	1	0	0	0	49	1	0.02040816326530612
2281	1490	34	3	0	0	0	37	3	0.08108108108108109
2282	1460	38	3	0	0	0	41	3	0.07317073170731707
2283	1463	38	1	0	0	0	39	1	0.02564102564102564
2284	1485	42	4	0	0	0	46	4	0.08695652173913043
2285	1458	43	4	0	0	0	47	4	0.0851063829787234
2286	1464	48	1	0	0	0	49	1	0.02040816326530612
2287	1492	51	3	0	0	0	54	3	0.05555555555555555
2288	1488	47	5	0	0	0	52	5	0.09615384615384616
2289	1480	52	3	0	0	0	55	3	0.05454545454545454
229	1474	37	4	0	0	0	41	4	0.0975609756097561
2290	1495	35	1	0	0	0	36	1	0.027777777777777776
2291	1491	36	5	0	0	0	41	5	0.12195121951219512
2292	1486	49	0	0	0	0	49	0	0
2293	1473	47	5	0	0	0	52	5	0.09615384615384616
2294	1489	41	0	0	0	0	41	0	0
2295	1486	43	1	0	0	0	44	1	0.022727272727272728
2296	1446	51	1	0	0	0	52	1	0.019230769230769232
2297	1478	51	2	0	0	0	53	2	0.03773584905660377
2298	1487	58	3	0	0	0	61	3	0.04918032786885246
2299	1463	53	3	0	0	0	56	3	0.05357142857142857
23	1447	48	1	0	0	0	49	1	0.02040816326530612
230	1481	38	2	0	0	0	40	2	0.05
2300	1494	44	3	0	0	0	47	3	0.06382978723404255
2301	1473	54	4	0	0	0	58	4	0.06896551724137931
2302	1475	36	1	0	0	0	37	1	0.02702702702702703
2303	1495	49	1	0	0	0	50	1	0.02
2304	1437	59	4	0	0	0	63	4	0.06349206349206349
2305	1470	44	0	0	0	0	44	0	0
2306	1464	40	3	0	0	0	43	3	0.06976744186046512
2307	1496	37	2	0	0	0	39	2	0.05128205128205128
2308	1458	46	1	0	0	0	47	1	0.02127659574468085
2309	1457	39	2	0	0	0	41	2	0.04878048780487805
231	1469	45	1	1	0	0	47	2	0.0425531914893617
2310	1472	43	1	0	0	0	44	1	0.022727272727272728
2311	1469	35	1	0	0	0	36	1	0.027777777777777776
2312	1455	44	1	0	0	0	45	1	0.022222222222222223
2313	1486	41	4	0	0	0	45	4	0.08888888888888889
2314	1476	35	3	0	0	0	38	3	0.07894736842105263
2315	1482	53	4	0	0	0	57	4	0.07017543859649122
2316	1480	51	3	0	0	0	54	3	0.05555555555555555
2317	1420	38	2	0	0	0	40	2	0.05
2318	1447	45	2	0	0	0	47	2	0.0425531914893617
2319	1475	46	3	0	0	0	49	3	0.061224489795918366
232	1464	37	3	1	0	0	41	4	0.0975609756097561
2320	1454	40	4	1	0	0	45	5	0.1111111111111111
2321	1447	53	4	0	0	0	57	4	0.07017543859649122
2322	1489	50	0	0	0	0	50	0	0
2323	1463	45	5	0	0	0	50	5	0.1
2324	1474	47	2	0	0	0	49	2	0.04081632653061224
2325	1475	46	5	1	0	0	52	6	0.11538461538461539
2326	1474	48	0	0	0	0	48	0	0
2327	1458	44	3	0	0	0	47	3	0.06382978723404255
2328	1445	39	3	0	0	0	42	3	0.07142857142857142
2329	1466	44	2	0	0	0	46	2	0.043478260869565216
233	1482	47	2	0	0	0	49	2	0.04081632653061224
2330	1469	44	2	0	0	0	46	2	0.043478260869565216
2331	1487	44	2	0	0	0	46	2	0.043478260869565216
2332	1469	43	3	0	0	0	46	3	0.06521739130434782
2333	1445	43	1	0	0	0	44	1	0.022727272727272728
2334	1501	57	2	0	0	0	59	2	0.03389830508474576
2335	1492	36	4	0	0	0	40	4	0.1
2336	1483	46	1	0	0	0	47	1	0.02127659574468085
2337	1471	40	0	0	0	0	40	0	0
2338	1462	40	4	0	0	0	44	4	0.09090909090909091
2339	1423	65	3	0	0	0	68	3	0.04411764705882353
234	1445	34	4	0	0	0	38	4	0.10526315789473684
2340	1531	47	2	0	0	0	49	2	0.04081632653061224
2341	1465	44	0	0	0	0	44	0	0
2342	1489	48	1	2	0	0	51	3	0.058823529411764705
2343	1468	50	3	0	0	0	53	3	0.05660377358490566
2344	1470	45	2	0	0	0	47	2	0.0425531914893617
2345	1494	49	1	0	0	0	50	1	0.02
2346	1498	39	2	0	0	0	41	2	0.04878048780487805
2347	1475	41	3	0	0	0	44	3	0.06818181818181818
2348	1465	48	1	0	0	0	49	1	0.02040816326530612
2349	1477	48	5	0	0	0	53	5	0.09433962264150944
235	1486	46	2	0	0	0	48	2	0.041666666666666664
2350	1452	51	6	0	0	0	57	6	0.10526315789473684
2351	1453	53	2	1	0	0	56	3	0.05357142857142857
2352	1446	48	3	0	0	0	51	3	0.058823529411764705
2353	1487	46	2	0	0	0	48	2	0.041666666666666664
2354	1459	49	1	0	0	0	50	1	0.02
2355	1474	42	1	0	0	0	43	1	0.023255813953488372
2356	1468	42	3	0	0	0	45	3	0.06666666666666667
2357	1458	36	5	0	0	0	41	5	0.12195121951219512
2358	1440	48	2	0	0	0	50	2	0.04
2359	1479	64	1	0	0	0	65	1	0.015384615384615385
236	1495	48	3	0	0	0	51	3	0.058823529411764705
2360	1459	39	3	0	0	0	42	3	0.07142857142857142
2361	1473	53	0	1	0	0	54	1	0.018518518518518517
2362	1495	45	3	0	0	0	48	3	0.0625
2363	1462	40	1	1	0	0	42	2	0.047619047619047616
2364	1498	38	3	0	0	0	41	3	0.07317073170731707
2365	1430	51	1	0	0	0	52	1	0.019230769230769232
2366	1436	62	3	0	0	0	65	3	0.046153846153846156
2367	1480	45	4	0	0	0	49	4	0.08163265306122448
2368	1438	39	4	0	0	0	43	4	0.09302325581395349
2369	1471	56	1	0	0	0	57	1	0.017543859649122806
237	1460	48	3	0	0	0	51	3	0.058823529411764705
2370	1495	46	6	0	0	0	52	6	0.11538461538461539
2371	1476	64	4	0	0	0	68	4	0.058823529411764705
2372	1472	34	2	0	0	0	36	2	0.05555555555555555
2373	1462	37	3	0	1	0	41	4	0.0975609756097561
2374	1516	56	5	0	0	0	61	5	0.08196721311475409
2375	1477	49	2	0	0	0	51	2	0.0392156862745098
2376	1458	62	3	0	0	0	65	3	0.046153846153846156
2377	1456	47	2	1	0	0	50	3	0.06
2378	1483	38	3	0	0	0	41	3	0.07317073170731707
2379	1487	51	3	0	1	0	55	4	0.07272727272727272
238	1468	47	2	0	0	0	49	2	0.04081632653061224
2380	1501	49	1	0	0	0	50	1	0.02
2381	1490	50	1	0	0	0	51	1	0.0196078431372549
2382	1503	37	4	0	0	0	41	4	0.0975609756097561
2383	1458	40	0	0	0	0	40	0	0
2384	1463	44	4	0	0	0	48	4	0.08333333333333333
2385	1449	38	3	0	0	0	41	3	0.07317073170731707
2386	1474	43	1	0	0	0	44	1	0.022727272727272728
2387	1449	51	3	0	0	0	54	3	0.05555555555555555
2388	1443	44	5	0	0	0	49	5	0.10204081632653061
2389	1482	41	2	0	0	0	43	2	0.046511627906976744
239	1487	44	2	0	0	0	46	2	0.043478260869565216
2390	1482	41	3	0	0	0	44	3	0.06818181818181818
2391	1502	48	3	0	0	0	51	3	0.058823529411764705
2392	1446	37	1	0	0	0	38	1	0.02631578947368421
2393	1467	43	3	0	0	0	46	3	0.06521739130434782
2394	1510	50	2	2	0	0	54	4	0.07407407407407407
2395	1448	38	7	0	0	0	45	7	0.15555555555555556
2396	1481	38	0	0	0	0	38	0	0
2397	1528	46	2	0	0	0	48	2	0.041666666666666664
2398	1480	36	2	0	0	0	38	2	0.05263157894736842
2399	1476	43	3	0	0	0	46	3	0.06521739130434782
24	1482	37	2	0	0	0	39	2	0.05128205128205128
240	1495	42	4	0	0	0	46	4	0.08695652173913043
2400	1484	33	1	0	0	0	34	1	0.029411764705882353
2401	1493	48	0	0	0	0	48	0	0
2402	1451	38	2	0	0	0	40	2	0.05
2403	1486	45	0	0	0	0	45	0	0
2404	1480	44	2	0	0	0	46	2	0.043478260869565216
2405	1463	44	1	0	0	0	45	1	0.022222222222222223
2406	1483	43	2	0	0	0	45	2	0.044444444444444446
2407	1453	57	2	0	0	0	59	2	0.03389830508474576
2408	1469	49	3	0	0	0	52	3	0.057692307692307696
2409	1473	45	1	0	0	0	46	1	0.021739130434782608
241	1481	45	3	0	0	0	48	3	0.0625
2410	1460	46	3	0	0	0	49	3	0.061224489795918366
2411	1496	55	5	0	0	0	60	5	0.08333333333333333
2412	1489	47	4	0	0	0	51	4	0.0784313725490196
2413	1481	61	3	0	0	0	64	3	0.046875
2414	1496	38	3	0	0	0	41	3	0.07317073170731707
2415	1400	54	0	0	0	0	54	0	0
2416	1463	43	1	0	0	0	44	1	0.022727272727272728
2417	1475	41	2	0	0	0	43	2	0.046511627906976744
2418	1500	29	0	1	0	0	30	1	0.03333333333333333
2419	1500	42	2	0	0	0	44	2	0.045454545454545456
242	1485	50	5	0	0	0	55	5	0.09090909090909091
2420	1503	41	2	0	0	0	43	2	0.046511627906976744
2421	1485	44	5	0	0	0	49	5	0.10204081632653061
2422	1460	47	3	0	0	0	50	3	0.06
2423	1460	40	0	1	0	0	41	1	0.024390243902439025
2424	1492	55	0	3	0	0	58	3	0.05172413793103448
2425	1471	54	4	0	0	0	58	4	0.06896551724137931
2426	1475	52	8	0	0	0	60	8	0.13333333333333333
2427	1498	46	4	0	0	0	50	4	0.08
2428	1519	40	1	0	0	0	41	1	0.024390243902439025
2429	1473	55	2	0	0	0	57	2	0.03508771929824561
243	1496	56	3	0	0	0	59	3	0.05084745762711865
2430	1515	47	2	0	0	0	49	2	0.04081632653061224
2431	1514	51	3	0	0	0	54	3	0.05555555555555555
2432	1459	50	4	0	0	0	54	4	0.07407407407407407
2433	1467	40	2	0	0	0	42	2	0.047619047619047616
2434	1480	47	1	0	0	0	48	1	0.020833333333333332
2435	1463	42	3	0	0	0	45	3	0.06666666666666667
2436	1494	51	2	0	0	0	53	2	0.03773584905660377
2437	1472	55	1	0	0	0	56	1	0.017857142857142856
2438	1463	55	1	0	0	0	56	1	0.017857142857142856
2439	1475	40	4	0	0	0	44	4	0.09090909090909091
244	1483	44	1	0	0	0	45	1	0.022222222222222223
2440	1442	39	5	0	0	0	44	5	0.11363636363636363
2441	1499	42	2	1	0	0	45	3	0.06666666666666667
2442	1482	38	0	0	0	0	38	0	0
2443	1467	51	4	0	0	0	55	4	0.07272727272727272
2444	1463	54	3	0	0	0	57	3	0.05263157894736842
2445	1489	41	2	0	0	0	43	2	0.046511627906976744
2446	1480	47	3	0	0	0	50	3	0.06
2447	1469	37	3	0	0	0	40	3	0.075
2448	1492	41	2	0	0	0	43	2	0.046511627906976744
2449	1480	33	2	0	0	0	35	2	0.05714285714285714
245	1484	51	3	1	0	0	55	4	0.07272727272727272
2450	1493	43	2	0	0	0	45	2	0.044444444444444446
2451	1477	42	2	0	0	0	44	2	0.045454545454545456
2452	1451	53	4	0	0	0	57	4	0.07017543859649122
2453	1486	48	1	0	0	0	49	1	0.02040816326530612
2454	1496	29	0	0	0	0	29	0	0
2455	1469	47	1	0	0	0	48	1	0.020833333333333332
2456	1504	33	0	0	0	0	33	0	0
2457	1466	43	0	0	0	0	43	0	0
2458	1494	44	1	0	0	0	45	1	0.022222222222222223
2459	1466	40	1	0	0	0	41	1	0.024390243902439025
246	1509	50	4	0	0	0	54	4	0.07407407407407407
2460	1465	53	1	0	0	0	54	1	0.018518518518518517
2461	1495	48	3	0	0	0	51	3	0.058823529411764705
2462	1489	44	1	0	0	0	45	1	0.022222222222222223
2463	1463	44	1	1	0	0	46	2	0.043478260869565216
2464	1510	53	2	0	0	0	55	2	0.03636363636363636
2465	1470	52	6	0	0	0	58	6	0.10344827586206896
2466	1516	36	5	0	0	0	41	5	0.12195121951219512
2467	1496	53	6	1	0	0	60	7	0.11666666666666667
2468	1494	49	6	0	0	0	55	6	0.10909090909090909
2469	1479	50	5	0	0	0	55	5	0.09090909090909091
247	1509	42	4	0	0	0	46	4	0.08695652173913043
2470	1455	36	5	0	0	0	41	5	0.12195121951219512
2471	1474	60	1	0	0	0	61	1	0.01639344262295082
2472	1478	47	1	0	0	0	48	1	0.020833333333333332
2473	1472	42	3	0	0	0	45	3	0.06666666666666667
2474	1462	55	1	1	0	0	57	2	0.03508771929824561
2475	1453	50	0	0	0	0	50	0	0
2476	1472	44	2	0	0	0	46	2	0.043478260869565216
2477	1494	51	1	0	0	0	52	1	0.019230769230769232
2478	1484	46	2	0	0	0	48	2	0.041666666666666664
2479	1473	34	3	0	0	0	37	3	0.08108108108108109
248	1467	48	2	0	0	0	50	2	0.04
2480	1462	48	2	0	0	0	50	2	0.04
2481	1477	51	3	2	0	0	56	5	0.08928571428571429
2482	1475	48	0	0	0	0	48	0	0
2483	1476	46	1	0	0	0	47	1	0.02127659574468085
2484	1451	36	1	1	0	0	38	2	0.05263157894736842
2485	1505	38	0	0	0	0	38	0	0
2486	1477	47	1	0	0	0	48	1	0.020833333333333332
2487	1443	41	3	0	0	0	44	3	0.06818181818181818
2488	1498	42	4	0	0	0	46	4	0.08695652173913043
2489	1465	50	3	0	0	0	53	3	0.05660377358490566
249	1482	54	2	1	0	0	57	3	0.05263157894736842
2490	1451	37	2	0	0	0	39	2	0.05128205128205128
2491	1473	51	2	0	0	0	53	2	0.03773584905660377
2492	1469	43	3	0	0	0	46	3	0.06521739130434782
2493	1483	34	1	0	0	0	35	1	0.02857142857142857
2494	1470	53	5	0	0	0	58	5	0.08620689655172414
2495	1481	37	1	0	0	0	38	1	0.02631578947368421
2496	1500	32	2	0	0	0	34	2	0.058823529411764705
2497	1483	46	2	0	0	0	48	2	0.041666666666666664
2498	1481	40	0	0	0	0	40	0	0
2499	1469	50	3	0	0	0	53	3	0.05660377358490566
25	1477	41	2	0	0	0	43	2	0.046511627906976744
250	1511	47	0	0	0	0	47	0	0
2500	1484	29	4	0	0	0	33	4	0.12121212121212122
2501	1445	47	0	0	0	0	47	0	0
2502	1456	47	0	0	0	0	47	0	0
2503	1451	47	2	0	0	0	49	2	0.04081632653061224
2504	1500	35	1	0	0	0	36	1	0.027777777777777776
2505	1475	34	0	0	0	0	34	0	0
2506	1473	49	3	0	0	0	52	3	0.057692307692307696
2507	1465	45	5	0	0	0	50	5	0.1
2508	1465	60	2	0	0	0	62	2	0.03225806451612903
2509	1475	41	4	0	0	0	45	4	0.08888888888888889
251	1428	46	2	0	0	0	48	2	0.041666666666666664
2510	1464	52	1	1	0	0	54	2	0.037037037037037035
2511	1460	35	1	0	0	0	36	1	0.027777777777777776
2512	1479	50	1	0	0	0	51	1	0.0196078431372549
2513	1455	46	5	0	0	0	51	5	0.09803921568627451
2514	1440	44	2	0	0	0	46	2	0.043478260869565216
2515	1450	41	2	0	0	0	43	2	0.046511627906976744
2516	1488	42	2	0	0	0	44	2	0.045454545454545456
2517	1519	46	5	0	0	0	51	5	0.09803921568627451
2518	1471	49	4	0	0	0	53	4	0.07547169811320754
2519	1460	42	2	0	0	0	44	2	0.045454545454545456
252	1437	43	7	0	0	0	50	7	0.14
2520	1490	46	1	0	0	0	47	1	0.02127659574468085
2521	1488	39	3	1	0	0	43	4	0.09302325581395349
2522	1431	38	2	0	0	0	40	2	0.05
2523	1443	33	3	0	0	0	36	3	0.08333333333333333
2524	1471	41	4	0	0	0	45	4	0.08888888888888889
2525	1458	37	2	0	0	0	39	2	0.05128205128205128
2526	1459	59	6	0	0	0	65	6	0.09230769230769231
2527	1474	48	2	1	0	0	51	3	0.058823529411764705
2528	1464	41	2	0	0	0	43	2	0.046511627906976744
2529	1472	46	2	0	0	0	48	2	0.041666666666666664
253	1482	33	0	0	0	0	33	0	0
2530	1512	44	3	0	0	0	47	3	0.06382978723404255
2531	1470	44	3	0	0	0	47	3	0.06382978723404255
2532	1463	38	0	0	0	0	38	0	0
2533	1462	45	2	0	0	0	47	2	0.0425531914893617
2534	1440	43	1	0	0	0	44	1	0.022727272727272728
2535	1464	37	3	0	0	0	40	3	0.075
2536	1453	47	6	0	0	0	53	6	0.11320754716981132
2537	1502	48	1	0	0	0	49	1	0.02040816326530612
2538	1485	43	2	0	0	0	45	2	0.044444444444444446
2539	1497	44	2	1	0	0	47	3	0.06382978723404255
254	1447	48	5	0	0	0	53	5	0.09433962264150944
2540	1456	50	3	0	0	0	53	3	0.05660377358490566
2541	1481	41	2	0	0	0	43	2	0.046511627906976744
2542	1473	39	5	0	0	0	44	5	0.11363636363636363
2543	1450	51	2	0	0	0	53	2	0.03773584905660377
2544	1468	40	2	0	0	0	42	2	0.047619047619047616
2545	1462	47	4	0	0	0	51	4	0.0784313725490196
2546	1472	38	3	0	0	0	41	3	0.07317073170731707
2547	1481	53	2	0	0	0	55	2	0.03636363636363636
2548	1481	44	0	1	0	0	45	1	0.022222222222222223
2549	1443	47	5	0	0	0	52	5	0.09615384615384616
255	1460	47	4	0	0	0	51	4	0.0784313725490196
2550	1474	39	1	0	0	0	40	1	0.025
2551	1492	46	2	0	0	0	48	2	0.041666666666666664
2552	1488	36	2	0	1	0	39	3	0.07692307692307693
2553	1501	58	2	0	0	0	60	2	0.03333333333333333
2554	1471	45	4	0	0	0	49	4	0.08163265306122448
2555	1466	34	2	1	0	0	37	3	0.08108108108108109
2556	1483	49	1	0	0	0	50	1	0.02
2557	1452	54	5	0	0	0	59	5	0.0847457627118644
2558	1484	31	1	0	0	0	32	1	0.03125
2559	1478	38	0	0	0	0	38	0	0
256	1485	53	4	0	0	0	57	4	0.07017543859649122
2560	1472	50	2	0	0	0	52	2	0.038461538461538464
2561	1499	44	5	1	0	0	50	6	0.12
2562	1466	41	0	0	0	0	41	0	0
2563	1468	43	3	1	0	0	47	4	0.0851063829787234
2564	1462	41	0	0	0	0	41	0	0
2565	1489	60	2	1	0	0	63	3	0.047619047619047616
2566	1465	52	3	1	0	0	56	4	0.07142857142857142
2567	1456	46	1	0	0	0	47	1	0.02127659574468085
2568	1468	49	4	0	0	0	53	4	0.07547169811320754
2569	1472	48	3	0	0	0	51	3	0.058823529411764705
257	1486	44	5	0	0	0	49	5	0.10204081632653061
2570	1480	46	4	0	0	0	50	4	0.08
2571	1438	49	4	0	0	0	53	4	0.07547169811320754
2572	1443	44	3	0	0	0	47	3	0.06382978723404255
2573	1461	52	2	0	0	0	54	2	0.037037037037037035
2574	1475	62	2	0	0	0	64	2	0.03125
2575	1487	42	4	0	0	0	46	4	0.08695652173913043
2576	1454	44	2	0	0	0	46	2	0.043478260869565216
2577	1480	60	2	0	0	0	62	2	0.03225806451612903
2578	1484	58	5	1	0	0	64	6	0.09375
2579	1498	44	0	1	0	0	45	1	0.022222222222222223
258	1457	54	3	0	0	0	57	3	0.05263157894736842
2580	1490	40	1	1	0	0	42	2	0.047619047619047616
2581	1463	34	2	0	0	0	36	2	0.05555555555555555
2582	1473	42	1	0	0	0	43	1	0.023255813953488372
2583	1508	35	0	0	0	0	35	0	0
2584	1473	38	4	1	0	0	43	5	0.11627906976744186
2585	1473	64	4	1	0	0	69	5	0.07246376811594203
2586	1456	53	3	0	0	0	56	3	0.05357142857142857
2587	1446	56	4	1	0	0	61	5	0.08196721311475409
2588	1470	48	1	0	0	0	49	1	0.02040816326530612
2589	1460	45	3	0	0	0	48	3	0.0625
259	1489	42	3	1	0	0	46	4	0.08695652173913043
2590	1451	34	4	0	0	0	38	4	0.10526315789473684
2591	1484	49	3	0	0	0	52	3	0.057692307692307696
2592	1436	45	4	0	0	0	49	4	0.08163265306122448
2593	1485	52	3	0	0	0	55	3	0.05454545454545454
2594	1489	52	6	1	0	0	59	7	0.11864406779661017
2595	1467	46	4	0	0	0	50	4	0.08
2596	1486	40	2	0	0	0	42	2	0.047619047619047616
2597	1489	49	3	0	0	0	52	3	0.057692307692307696
2598	1443	53	2	1	0	0	56	3	0.05357142857142857
2599	1451	44	4	0	0	0	48	4	0.08333333333333333
26	1446	52	1	0	0	0	53	1	0.018867924528301886
260	1483	42	2	0	0	0	44	2	0.045454545454545456
2600	1458	42	0	1	0	0	43	1	0.023255813953488372
2601	1509	38	2	0	0	0	40	2	0.05
2602	1467	51	2	0	0	0	53	2	0.03773584905660377
2603	1485	62	1	1	0	0	64	2	0.03125
2604	1448	49	1	0	0	0	50	1	0.02
2605	1469	42	3	0	0	0	45	3	0.06666666666666667
2606	1464	37	1	0	0	0	38	1	0.02631578947368421
2607	1482	50	5	0	0	0	55	5	0.09090909090909091
2608	1478	45	5	0	0	0	50	5	0.1
2609	1462	35	2	0	0	0	37	2	0.05405405405405406
261	1449	49	3	0	0	0	52	3	0.057692307692307696
2610	1474	40	2	0	0	0	42	2	0.047619047619047616
2611	1496	45	4	0	0	0	49	4	0.08163265306122448
2612	1496	47	4	0	0	0	51	4	0.0784313725490196
2613	1467	55	2	0	0	0	57	2	0.03508771929824561
2614	1512	37	1	0	0	0	38	1	0.02631578947368421
2615	1482	48	2	0	0	0	50	2	0.04
2616	1465	51	2	1	0	0	54	3	0.05555555555555555
2617	1465	46	2	0	0	0	48	2	0.041666666666666664
2618	1473	57	1	1	0	0	59	2	0.03389830508474576
2619	1466	50	2	0	0	0	52	2	0.038461538461538464
262	1461	51	3	0	0	0	54	3	0.05555555555555555
2620	1463	48	3	0	0	0	51	3	0.058823529411764705
2621	1499	30	2	0	0	0	32	2	0.0625
2622	1447	37	3	0	0	0	40	3	0.075
2623	1509	51	6	1	0	0	58	7	0.1206896551724138
2624	1458	55	1	0	0	0	56	1	0.017857142857142856
2625	1482	52	1	0	0	0	53	1	0.018867924528301886
2626	1465	42	5	0	0	0	47	5	0.10638297872340426
2627	1486	41	4	0	0	0	45	4	0.08888888888888889
2628	1458	50	3	0	0	0	53	3	0.05660377358490566
2629	1500	55	5	0	0	0	60	5	0.08333333333333333
263	1462	54	0	0	0	0	54	0	0
2630	1470	40	1	1	0	0	42	2	0.047619047619047616
2631	1484	48	1	0	0	0	49	1	0.02040816326530612
2632	1504	47	1	0	0	0	48	1	0.020833333333333332
2633	1473	35	6	0	0	0	41	6	0.14634146341463414
2634	1459	30	5	0	0	0	35	5	0.14285714285714285
2635	1482	35	5	0	0	0	40	5	0.125
2636	1478	47	1	0	0	0	48	1	0.020833333333333332
2637	1470	41	4	0	0	0	45	4	0.08888888888888889
2638	1475	52	0	0	0	0	52	0	0
2639	1475	53	1	0	0	0	54	1	0.018518518518518517
264	1458	49	0	0	0	0	49	0	0
2640	1464	47	3	0	0	0	50	3	0.06
2641	1496	39	4	1	0	0	44	5	0.11363636363636363
2642	1469	50	2	0	0	0	52	2	0.038461538461538464
2643	1489	54	3	0	0	0	57	3	0.05263157894736842
2644	1475	49	5	1	0	0	55	6	0.10909090909090909
2645	1484	43	1	0	0	0	44	1	0.022727272727272728
2646	1451	52	1	0	0	0	53	1	0.018867924528301886
2647	1458	47	0	0	0	0	47	0	0
2648	1498	39	2	0	0	0	41	2	0.04878048780487805
2649	1493	48	3	0	0	0	51	3	0.058823529411764705
265	1481	38	4	1	0	0	43	5	0.11627906976744186
2650	1438	48	4	0	0	0	52	4	0.07692307692307693
2651	1454	38	3	0	0	0	41	3	0.07317073170731707
2652	1460	43	3	0	0	0	46	3	0.06521739130434782
2653	1503	47	5	0	0	0	52	5	0.09615384615384616
2654	1478	40	1	0	0	0	41	1	0.024390243902439025
2655	1476	44	0	0	0	0	44	0	0
2656	1464	43	3	0	0	0	46	3	0.06521739130434782
2657	1465	44	3	0	0	0	47	3	0.06382978723404255
2658	1500	36	2	0	0	0	38	2	0.05263157894736842
2659	1501	33	4	0	0	0	37	4	0.10810810810810811
266	1453	44	3	0	0	0	47	3	0.06382978723404255
2660	1500	43	0	0	0	0	43	0	0
2661	1476	41	2	0	0	0	43	2	0.046511627906976744
2662	1481	46	1	0	0	0	47	1	0.02127659574468085
2663	1481	41	2	0	0	0	43	2	0.046511627906976744
2664	1459	52	2	0	0	0	54	2	0.037037037037037035
2665	1489	51	0	0	0	0	51	0	0
2666	1469	40	2	0	0	0	42	2	0.047619047619047616
2667	1463	41	2	0	0	0	43	2	0.046511627906976744
2668	1466	38	1	1	0	0	40	2	0.05
2669	1465	41	5	0	0	0	46	5	0.10869565217391304
267	1465	38	0	0	0	0	38	0	0
2670	1467	44	3	0	0	0	47	3	0.06382978723404255
2671	1471	31	6	0	0	0	37	6	0.16216216216216217
2672	1493	41	4	0	0	0	45	4	0.08888888888888889
2673	1469	59	2	0	0	0	61	2	0.03278688524590164
2674	1447	50	3	0	0	0	53	3	0.05660377358490566
2675	1503	38	3	0	0	0	41	3	0.07317073170731707
2676	1462	36	0	0	0	0	36	0	0
2677	1451	41	2	0	0	0	43	2	0.046511627906976744
2678	1469	39	3	0	0	0	42	3	0.07142857142857142
2679	1472	47	0	0	0	0	47	0	0
268	1505	42	4	0	0	0	46	4	0.08695652173913043
2680	1476	49	3	0	0	0	52	3	0.057692307692307696
2681	1497	41	2	0	0	0	43	2	0.046511627906976744
2682	1458	40	2	0	0	0	42	2	0.047619047619047616
2683	1499	47	6	0	0	0	53	6	0.11320754716981132
2684	1503	36	2	0	0	0	38	2	0.05263157894736842
2685	1455	42	2	0	0	0	44	2	0.045454545454545456
2686	1484	46	4	1	0	0	51	5	0.09803921568627451
2687	1498	52	1	0	0	0	53	1	0.018867924528301886
2688	1459	47	4	0	0	0	51	4	0.0784313725490196
2689	1473	48	5	1	0	0	54	6	0.1111111111111111
269	1501	35	4	0	0	0	39	4	0.10256410256410256
2690	1467	39	2	0	0	0	41	2	0.04878048780487805
2691	1473	35	3	0	0	0	38	3	0.07894736842105263
2692	1482	45	5	0	0	0	50	5	0.1
2693	1458	41	0	0	0	0	41	0	0
2694	1492	50	3	0	0	0	53	3	0.05660377358490566
2695	1482	40	4	0	0	0	44	4	0.09090909090909091
2696	1515	46	1	0	0	0	47	1	0.02127659574468085
2697	1482	42	3	0	0	0	45	3	0.06666666666666667
2698	1509	39	1	0	0	0	40	1	0.025
2699	1503	36	3	0	0	0	39	3	0.07692307692307693
27	1459	64	0	0	0	0	64	0	0
270	1485	46	3	0	0	0	49	3	0.061224489795918366
2700	1478	42	4	0	0	0	46	4	0.08695652173913043
2701	1484	55	2	0	0	0	57	2	0.03508771929824561
2702	1451	40	3	0	0	0	43	3	0.06976744186046512
2703	1503	42	1	1	0	0	44	2	0.045454545454545456
2704	1499	40	1	0	0	0	41	1	0.024390243902439025
2705	1455	44	1	0	0	0	45	1	0.022222222222222223
2706	1500	46	1	0	0	0	47	1	0.02127659574468085
2707	1450	48	1	0	0	0	49	1	0.02040816326530612
2708	1479	47	2	0	0	0	49	2	0.04081632653061224
2709	1446	43	2	0	0	0	45	2	0.044444444444444446
271	1467	53	2	0	0	0	55	2	0.03636363636363636
2710	1481	37	4	1	0	0	42	5	0.11904761904761904
2711	1503	43	2	0	0	0	45	2	0.044444444444444446
2712	1453	41	4	0	0	0	45	4	0.08888888888888889
2713	1449	39	1	0	0	0	40	1	0.025
2714	1456	52	3	1	0	0	56	4	0.07142857142857142
2715	1448	47	3	2	0	0	52	5	0.09615384615384616
2716	1487	49	0	0	0	0	49	0	0
2717	1463	45	2	0	0	0	47	2	0.0425531914893617
2718	1480	44	4	0	0	0	48	4	0.08333333333333333
2719	1488	40	2	0	0	0	42	2	0.047619047619047616
272	1453	40	1	0	0	0	41	1	0.024390243902439025
2720	1469	40	2	0	0	0	42	2	0.047619047619047616
2721	1449	45	2	0	0	0	47	2	0.0425531914893617
2722	1468	42	2	0	0	0	44	2	0.045454545454545456
2723	1462	52	1	0	0	0	53	1	0.018867924528301886
2724	1456	41	4	0	0	0	45	4	0.08888888888888889
2725	1465	52	1	0	0	0	53	1	0.018867924528301886
2726	1465	45	3	0	0	0	48	3	0.0625
2727	1458	52	2	1	0	0	55	3	0.05454545454545454
2728	1501	54	2	0	0	0	56	2	0.03571428571428571
2729	1489	52	3	0	0	0	55	3	0.05454545454545454
273	1482	40	2	0	0	0	42	2	0.047619047619047616
2730	1486	40	6	0	0	0	46	6	0.13043478260869565
2731	1466	48	4	0	0	0	52	4	0.07692307692307693
2732	1477	50	4	0	0	0	54	4	0.07407407407407407
2733	1489	41	1	0	0	0	42	1	0.023809523809523808
2734	1493	45	2	0	0	0	47	2	0.0425531914893617
2735	1489	57	1	0	0	0	58	1	0.017241379310344827
2736	1490	45	2	0	0	0	47	2	0.0425531914893617
2737	1472	45	2	0	0	0	47	2	0.0425531914893617
2738	1463	37	1	0	0	0	38	1	0.02631578947368421
2739	1490	52	4	1	0	0	57	5	0.08771929824561403
274	1460	48	1	0	0	0	49	1	0.02040816326530612
2740	1462	45	3	0	0	0	48	3	0.0625
2741	1478	51	1	0	0	0	52	1	0.019230769230769232
2742	1466	45	3	0	0	0	48	3	0.0625
2743	1462	44	2	0	0	0	46	2	0.043478260869565216
2744	1445	49	1	0	0	0	50	1	0.02
2745	1469	43	2	0	0	0	45	2	0.044444444444444446
2746	1469	46	1	0	0	0	47	1	0.02127659574468085
2747	1486	46	2	1	0	0	49	3	0.061224489795918366
2748	1460	43	6	0	0	0	49	6	0.12244897959183673
2749	1504	65	1	1	0	0	67	2	0.029850746268656716
275	1425	54	5	1	0	0	60	6	0.1
2750	1481	40	0	0	0	0	40	0	0
2751	1476	39	3	0	0	0	42	3	0.07142857142857142
2752	1476	30	4	0	0	0	34	4	0.11764705882352941
2753	1447	46	1	0	0	0	47	1	0.02127659574468085
2754	1508	46	3	0	0	0	49	3	0.061224489795918366
2755	1479	50	3	1	0	0	54	4	0.07407407407407407
2756	1496	55	3	1	0	0	59	4	0.06779661016949153
2757	1475	47	3	0	0	0	50	3	0.06
2758	1430	38	1	0	0	0	39	1	0.02564102564102564
2759	1473	53	3	0	0	0	56	3	0.05357142857142857
276	1479	43	0	0	0	0	43	0	0
2760	1476	52	5	0	0	0	57	5	0.08771929824561403
2761	1446	43	4	0	0	0	47	4	0.0851063829787234
2762	1471	44	2	0	0	0	46	2	0.043478260869565216
2763	1468	50	4	0	0	0	54	4	0.07407407407407407
2764	1495	54	2	0	0	0	56	2	0.03571428571428571
2765	1456	40	2	0	0	0	42	2	0.047619047619047616
2766	1463	40	2	0	0	0	42	2	0.047619047619047616
2767	1440	34	2	1	0	0	37	3	0.08108108108108109
2768	1481	44	4	0	0	0	48	4	0.08333333333333333
2769	1471	42	5	0	0	0	47	5	0.10638297872340426
277	1467	43	5	0	0	0	48	5	0.10416666666666667
2770	1491	48	2	0	0	0	50	2	0.04
2771	1471	41	3	0	0	0	44	3	0.06818181818181818
2772	1489	36	0	0	0	0	36	0	0
2773	1473	40	3	0	0	0	43	3	0.06976744186046512
2774	1468	56	9	0	0	0	65	9	0.13846153846153847
2775	1476	31	3	0	1	0	35	4	0.11428571428571428
2776	1490	36	1	0	0	0	37	1	0.02702702702702703
2777	1495	41	1	0	0	0	42	1	0.023809523809523808
2778	1493	55	5	0	0	0	60	5	0.08333333333333333
2779	1426	55	3	0	0	0	58	3	0.05172413793103448
278	1453	46	1	0	0	0	47	1	0.02127659574468085
2780	1467	48	4	0	0	0	52	4	0.07692307692307693
2781	1456	30	1	0	0	0	31	1	0.03225806451612903
2782	1482	52	2	0	0	0	54	2	0.037037037037037035
2783	1431	49	4	0	0	0	53	4	0.07547169811320754
2784	1483	54	2	0	0	0	56	2	0.03571428571428571
2785	1474	42	3	0	0	0	45	3	0.06666666666666667
2786	1479	49	2	1	0	0	52	3	0.057692307692307696
2787	1465	34	3	0	0	0	37	3	0.08108108108108109
2788	1450	47	3	0	0	0	50	3	0.06
2789	1490	39	3	0	0	0	42	3	0.07142857142857142
279	1495	37	0	1	0	0	38	1	0.02631578947368421
2790	1507	53	7	0	0	0	60	7	0.11666666666666667
2791	1487	49	2	0	0	0	51	2	0.0392156862745098
2792	1463	40	2	0	0	0	42	2	0.047619047619047616
2793	1491	43	2	0	0	0	45	2	0.044444444444444446
2794	1449	38	1	0	0	0	39	1	0.02564102564102564
2795	1488	42	0	0	0	0	42	0	0
2796	1490	37	4	0	0	0	41	4	0.0975609756097561
2797	1498	43	2	0	0	0	45	2	0.044444444444444446
2798	1457	59	0	0	0	0	59	0	0
2799	1468	48	0	0	0	0	48	0	0
28	1459	40	2	0	0	0	42	2	0.047619047619047616
280	1491	55	3	1	0	0	59	4	0.06779661016949153
2800	1496	44	3	0	0	0	47	3	0.06382978723404255
2801	1450	48	0	1	0	0	49	1	0.02040816326530612
2802	1465	47	2	0	0	0	49	2	0.04081632653061224
2803	1471	45	1	0	0	0	46	1	0.021739130434782608
2804	1459	52	1	0	0	0	53	1	0.018867924528301886
2805	1485	49	1	0	0	0	50	1	0.02
2806	1450	44	3	0	0	0	47	3	0.06382978723404255
2807	1447	41	3	0	0	0	44	3	0.06818181818181818
2808	1491	52	1	0	0	0	53	1	0.018867924528301886
2809	1495	55	5	0	0	0	60	5	0.08333333333333333
281	1451	47	3	0	0	0	50	3	0.06
2810	1496	36	3	0	0	0	39	3	0.07692307692307693
2811	1483	42	2	0	0	0	44	2	0.045454545454545456
2812	1465	47	2	0	0	0	49	2	0.04081632653061224
2813	1473	52	3	0	0	0	55	3	0.05454545454545454
2814	1458	53	2	0	0	0	55	2	0.03636363636363636
2815	1497	57	2	0	0	0	59	2	0.03389830508474576
2816	1491	52	1	0	0	0	53	1	0.018867924528301886
2817	1472	52	1	0	0	0	53	1	0.018867924528301886
2818	1490	50	3	0	0	0	53	3	0.05660377358490566
2819	1494	35	0	0	0	0	35	0	0
282	1475	46	3	0	0	0	49	3	0.061224489795918366
2820	1438	46	1	0	0	0	47	1	0.02127659574468085
2821	1491	44	4	0	0	0	48	4	0.08333333333333333
2822	1484	38	6	0	0	0	44	6	0.13636363636363635
2823	1478	45	2	1	0	0	48	3	0.0625
2824	1458	51	1	0	0	0	52	1	0.019230769230769232
2825	1468	58	5	0	0	0	63	5	0.07936507936507936
2826	1470	47	2	0	0	0	49	2	0.04081632653061224
2827	1454	54	2	1	0	0	57	3	0.05263157894736842
2828	1504	52	1	0	0	0	53	1	0.018867924528301886
2829	1460	45	0	0	0	0	45	0	0
283	1486	47	1	0	0	0	48	1	0.020833333333333332
2830	1503	42	0	0	0	0	42	0	0
2831	1497	47	4	0	0	0	51	4	0.0784313725490196
2832	1482	43	4	0	0	0	47	4	0.0851063829787234
2833	1504	42	4	0	0	0	46	4	0.08695652173913043
2834	1454	49	5	0	0	0	54	5	0.09259259259259259
2835	1463	51	0	0	0	0	51	0	0
2836	1472	38	2	0	0	0	40	2	0.05
2837	1452	63	3	0	0	0	66	3	0.045454545454545456
2838	1484	46	1	0	0	0	47	1	0.02127659574468085
2839	1488	45	1	0	0	0	46	1	0.021739130434782608
284	1480	54	5	1	0	0	60	6	0.1
2840	1452	55	1	0	0	0	56	1	0.017857142857142856
2841	1469	41	3	0	0	0	44	3	0.06818181818181818
2842	1448	49	5	0	0	0	54	5	0.09259259259259259
2843	1485	44	5	0	0	0	49	5	0.10204081632653061
2844	1476	49	2	0	0	0	51	2	0.0392156862745098
2845	1470	47	1	0	0	0	48	1	0.020833333333333332
2846	1470	38	2	0	0	0	40	2	0.05
2847	1506	33	4	0	0	0	37	4	0.10810810810810811
2848	1471	49	2	0	0	0	51	2	0.0392156862745098
2849	1466	41	2	0	0	0	43	2	0.046511627906976744
285	1518	39	2	0	0	0	41	2	0.04878048780487805
2850	1463	39	2	0	0	0	41	2	0.04878048780487805
2851	1484	35	1	0	0	0	36	1	0.027777777777777776
2852	1507	47	1	0	0	0	48	1	0.020833333333333332
2853	1486	51	1	0	0	0	52	1	0.019230769230769232
2854	1453	40	1	0	0	0	41	1	0.024390243902439025
2855	1486	40	1	0	0	0	41	1	0.024390243902439025
2856	1460	49	1	0	0	0	50	1	0.02
2857	1473	43	4	0	0	0	47	4	0.0851063829787234
2858	1494	42	3	0	0	0	45	3	0.06666666666666667
2859	1460	41	5	0	0	0	46	5	0.10869565217391304
286	1469	46	2	0	0	0	48	2	0.041666666666666664
2860	1495	29	3	1	0	0	33	4	0.12121212121212122
2861	1491	45	2	0	0	0	47	2	0.0425531914893617
2862	1445	41	5	0	0	0	46	5	0.10869565217391304
2863	1473	42	2	2	0	0	46	4	0.08695652173913043
2864	1459	38	1	1	0	0	40	2	0.05
2865	1479	44	3	0	0	0	47	3	0.06382978723404255
2866	1485	46	9	0	0	0	55	9	0.16363636363636364
2867	1476	35	2	0	0	0	37	2	0.05405405405405406
2868	1465	52	2	0	0	0	54	2	0.037037037037037035
2869	1481	56	3	0	0	0	59	3	0.05084745762711865
287	1489	37	2	0	0	0	39	2	0.05128205128205128
2870	1494	35	6	0	0	0	41	6	0.14634146341463414
2871	1476	52	0	0	0	0	52	0	0
2872	1475	40	2	0	0	0	42	2	0.047619047619047616
2873	1438	39	2	0	0	0	41	2	0.04878048780487805
2874	1512	39	2	0	0	0	41	2	0.04878048780487805
2875	1497	38	3	0	0	0	41	3	0.07317073170731707
2876	1477	52	3	0	0	0	55	3	0.05454545454545454
2877	1476	40	3	0	0	0	43	3	0.06976744186046512
2878	1437	47	0	0	0	0	47	0	0
2879	1476	43	1	0	0	0	44	1	0.022727272727272728
288	1436	40	3	0	0	0	43	3	0.06976744186046512
2880	1465	44	4	0	0	0	48	4	0.08333333333333333
2881	1475	53	1	0	0	0	54	1	0.018518518518518517
2882	1480	48	6	0	0	0	54	6	0.1111111111111111
2883	1485	41	3	1	0	0	45	4	0.08888888888888889
2884	1486	45	6	0	0	0	51	6	0.11764705882352941
2885	1472	46	3	0	0	0	49	3	0.061224489795918366
2886	1476	47	2	0	0	0	49	2	0.04081632653061224
2887	1450	40	1	0	0	0	41	1	0.024390243902439025
2888	1464	32	3	0	0	0	35	3	0.08571428571428572
2889	1471	50	4	0	0	0	54	4	0.07407407407407407
289	1467	50	1	0	0	0	51	1	0.0196078431372549
2890	1461	41	1	0	0	0	42	1	0.023809523809523808
2891	1481	49	5	0	0	0	54	5	0.09259259259259259
2892	1470	52	3	0	0	0	55	3	0.05454545454545454
2893	1488	48	3	0	0	0	51	3	0.058823529411764705
2894	1496	49	2	0	0	0	51	2	0.0392156862745098
2895	1495	46	1	0	0	0	47	1	0.02127659574468085
2896	1460	49	3	0	0	0	52	3	0.057692307692307696
2897	1449	51	2	1	0	0	54	3	0.05555555555555555
2898	1477	50	4	0	0	0	54	4	0.07407407407407407
2899	1489	47	4	0	0	0	51	4	0.0784313725490196
29	1488	37	4	0	0	0	41	4	0.0975609756097561
290	1464	41	2	0	0	0	43	2	0.046511627906976744
2900	1470	44	3	0	0	0	47	3	0.06382978723404255
2901	1488	40	8	0	0	0	48	8	0.16666666666666666
2902	1469	45	1	0	0	0	46	1	0.021739130434782608
2903	1453	41	6	0	0	0	47	6	0.1276595744680851
2904	1452	48	4	0	0	0	52	4	0.07692307692307693
2905	1462	48	5	0	0	0	53	5	0.09433962264150944
2906	1456	41	4	0	0	0	45	4	0.08888888888888889
2907	1470	42	2	0	0	0	44	2	0.045454545454545456
2908	1503	45	2	0	0	0	47	2	0.0425531914893617
2909	1470	45	1	0	0	0	46	1	0.021739130434782608
291	1458	42	1	0	0	0	43	1	0.023255813953488372
2910	1481	40	4	0	0	0	44	4	0.09090909090909091
2911	1476	54	1	0	0	0	55	1	0.01818181818181818
2912	1482	52	5	0	0	0	57	5	0.08771929824561403
2913	1477	41	5	0	0	0	46	5	0.10869565217391304
2914	1473	59	1	0	0	0	60	1	0.016666666666666666
2915	1475	44	4	0	0	0	48	4	0.08333333333333333
2916	1469	43	0	0	0	0	43	0	0
2917	1468	33	1	0	0	0	34	1	0.029411764705882353
2918	1462	40	2	0	0	0	42	2	0.047619047619047616
2919	1469	45	0	1	0	0	46	1	0.021739130434782608
292	1465	40	4	0	0	0	44	4	0.09090909090909091
2920	1473	39	1	0	0	0	40	1	0.025
2921	1462	42	3	1	0	0	46	4	0.08695652173913043
2922	1460	44	2	0	0	0	46	2	0.043478260869565216
2923	1456	53	4	0	0	0	57	4	0.07017543859649122
2924	1443	39	2	0	0	0	41	2	0.04878048780487805
2925	1443	53	4	0	0	0	57	4	0.07017543859649122
2926	1483	51	2	0	0	0	53	2	0.03773584905660377
2927	1480	45	5	0	0	0	50	5	0.1
2928	1434	42	3	0	0	0	45	3	0.06666666666666667
2929	1458	49	3	0	0	0	52	3	0.057692307692307696
293	1467	49	4	1	0	0	54	5	0.09259259259259259
2930	1449	58	1	0	0	0	59	1	0.01694915254237288
2931	1463	46	3	0	0	0	49	3	0.061224489795918366
2932	1482	47	2	0	0	0	49	2	0.04081632653061224
2933	1452	49	2	0	0	0	51	2	0.0392156862745098
2934	1456	61	2	0	0	0	63	2	0.031746031746031744
2935	1459	46	2	0	0	0	48	2	0.041666666666666664
2936	1436	61	2	0	0	0	63	2	0.031746031746031744
2937	1442	52	1	0	0	0	53	1	0.018867924528301886
2938	1468	33	3	0	0	0	36	3	0.08333333333333333
2939	1482	44	3	0	0	0	47	3	0.06382978723404255
294	1470	42	2	0	0	0	44	2	0.045454545454545456
2940	1425	49	2	0	0	0	51	2	0.0392156862745098
2941	1485	42	2	0	0	0	44	2	0.045454545454545456
2942	1461	50	2	1	0	0	53	3	0.05660377358490566
2943	1456	50	1	0	0	0	51	1	0.0196078431372549
2944	1459	49	3	0	0	0	52	3	0.057692307692307696
2945	1477	36	2	1	0	0	39	3	0.07692307692307693
2946	1478	43	1	0	0	0	44	1	0.022727272727272728
2947	1467	47	1	0	0	0	48	1	0.020833333333333332
2948	1443	38	4	1	0	0	43	5	0.11627906976744186
2949	1452	36	2	0	0	0	38	2	0.05263157894736842
295	1462	42	2	0	0	0	44	2	0.045454545454545456
2950	1465	40	3	0	0	0	43	3	0.06976744186046512
2951	1506	48	2	0	0	0	50	2	0.04
2952	1469	36	2	0	0	0	38	2	0.05263157894736842
2953	1476	43	3	0	0	0	46	3	0.06521739130434782
2954	1491	47	1	0	0	0	48	1	0.020833333333333332
2955	1492	44	1	0	0	0	45	1	0.022222222222222223
2956	1450	40	2	0	0	0	42	2	0.047619047619047616
2957	1480	47	3	0	0	0	50	3	0.06
2958	1488	48	5	0	0	0	53	5	0.09433962264150944
2959	1494	32	2	1	0	0	35	3	0.08571428571428572
296	1488	52	2	0	0	0	54	2	0.037037037037037035
2960	1458	57	0	0	0	0	57	0	0
2961	1496	44	0	0	0	0	44	0	0
2962	1473	46	3	0	0	0	49	3	0.061224489795918366
2963	1472	35	4	0	1	0	40	5	0.125
2964	1459	39	4	0	0	0	43	4	0.09302325581395349
2965	1465	48	1	0	0	0	49	1	0.02040816326530612
2966	1480	31	2	0	0	0	33	2	0.06060606060606061
2967	1457	52	0	0	0	0	52	0	0
2968	1467	49	1	0	0	0	50	1	0.02
2969	1464	43	2	0	0	0	45	2	0.044444444444444446
297	1474	39	3	0	0	0	42	3	0.07142857142857142
2970	1438	41	1	0	0	0	42	1	0.023809523809523808
2971	1506	33	3	0	0	0	36	3	0.08333333333333333
2972	1470	42	2	0	0	0	44	2	0.045454545454545456
2973	1488	69	2	0	0	0	71	2	0.028169014084507043
2974	1456	48	2	0	0	0	50	2	0.04
2975	1468	34	1	0	0	0	35	1	0.02857142857142857
2976	1489	42	3	0	0	0	45	3	0.06666666666666667
2977	1475	47	3	0	0	0	50	3	0.06
2978	1493	45	1	0	0	0	46	1	0.021739130434782608
2979	1504	41	2	0	0	0	43	2	0.046511627906976744
298	1455	44	2	0	0	0	46	2	0.043478260869565216
2980	1485	55	1	0	0	0	56	1	0.017857142857142856
2981	1467	46	5	0	0	0	51	5	0.09803921568627451
2982	1469	43	2	0	0	0	45	2	0.044444444444444446
2983	1489	48	1	0	0	0	49	1	0.02040816326530612
2984	1463	48	0	0	0	0	48	0	0
2985	1472	48	2	0	0	0	50	2	0.04
2986	1475	47	2	0	0	0	49	2	0.04081632653061224
2987	1481	49	4	0	0	0	53	4	0.07547169811320754
2988	1460	44	3	0	0	0	47	3	0.06382978723404255
2989	1457	36	1	0	0	0	37	1	0.02702702702702703
299	1457	43	4	1	0	0	48	5	0.10416666666666667
2990	1474	35	7	0	0	0	42	7	0.16666666666666666
2991	1477	57	2	0	0	0	59	2	0.03389830508474576
2992	1445	54	3	0	0	0	57	3	0.05263157894736842
2993	1476	49	0	1	0	0	50	1	0.02
2994	1485	55	2	0	0	0	57	2	0.03508771929824561
2995	1499	52	1	0	0	0	53	1	0.018867924528301886
2996	1488	45	0	0	0	0	45	0	0
2997	1472	52	4	0	0	0	56	4	0.07142857142857142
2998	1460	32	0	0	0	0	32	0	0
2999	1491	48	1	0	0	0	49	1	0.02040816326530612
3	1494	56	4	1	0	0	61	5	0.08196721311475409
30	1500	37	0	0	0	0	37	0	0
300	1478	38	3	0	0	0	41	3	0.07317073170731707
3000	1415	46	7	0	0	0	53	7	0.1320754716981132
3001	1502	43	2	0	0	0	45	2	0.044444444444444446
3002	1487	40	1	0	0	0	41	1	0.024390243902439025
3003	1454	59	5	0	0	0	64	5	0.078125
3004	1511	38	4	0	0	0	42	4	0.09523809523809523
3005	1493	36	2	0	0	0	38	2	0.05263157894736842
3006	1491	43	3	1	0	0	47	4	0.0851063829787234
3007	1440	47	1	0	0	0	48	1	0.020833333333333332
3008	1482	37	2	0	0	0	39	2	0.05128205128205128
3009	1478	49	6	0	0	0	55	6	0.10909090909090909
301	1477	53	3	0	0	0	56	3	0.05357142857142857
3010	1504	58	2	0	0	0	60	2	0.03333333333333333
3011	1477	35	0	0	0	0	35	0	0
3012	1483	47	1	0	0	0	48	1	0.020833333333333332
3013	1464	43	6	1	0	0	50	7	0.14
3014	1478	46	4	0	0	0	50	4	0.08
3015	1492	42	0	0	0	0	42	0	0
3016	1510	52	3	0	0	0	55	3	0.05454545454545454
3017	1487	49	2	0	0	0	51	2	0.0392156862745098
3018	1428	47	3	0	0	0	50	3	0.06
3019	1480	43	0	0	0	0	43	0	0
302	1450	42	0	0	0	0	42	0	0
3020	1474	39	4	0	0	0	43	4	0.09302325581395349
3021	1486	48	6	0	0	0	54	6	0.1111111111111111
3022	1489	48	3	0	0	0	51	3	0.058823529411764705
3023	1499	49	4	0	0	0	53	4	0.07547169811320754
3024	1471	39	2	0	0	0	41	2	0.04878048780487805
3025	1492	53	2	0	0	0	55	2	0.03636363636363636
3026	1511	35	4	0	0	0	39	4	0.10256410256410256
3027	1463	48	6	0	0	0	54	6	0.1111111111111111
3028	1464	48	3	0	0	0	51	3	0.058823529411764705
3029	1498	39	2	0	0	0	41	2	0.04878048780487805
303	1451	49	4	0	0	0	53	4	0.07547169811320754
3030	1462	54	2	0	0	0	56	2	0.03571428571428571
3031	1469	53	0	0	0	0	53	0	0
3032	1519	39	2	0	0	0	41	2	0.04878048780487805
3033	1487	37	1	0	0	0	38	1	0.02631578947368421
3034	1460	45	2	0	0	0	47	2	0.0425531914893617
3035	1472	41	4	0	0	0	45	4	0.08888888888888889
3036	1439	34	2	1	0	0	37	3	0.08108108108108109
3037	1472	41	3	0	0	0	44	3	0.06818181818181818
3038	1476	51	2	0	0	0	53	2	0.03773584905660377
3039	1415	56	4	0	0	0	60	4	0.06666666666666667
304	1505	45	5	0	0	0	50	5	0.1
3040	1475	43	1	0	0	0	44	1	0.022727272727272728
3041	1471	51	2	0	0	0	53	2	0.03773584905660377
3042	1463	36	1	0	0	0	37	1	0.02702702702702703
3043	1457	50	1	0	0	0	51	1	0.0196078431372549
3044	1465	31	1	0	0	0	32	1	0.03125
3045	1495	50	1	0	0	0	51	1	0.0196078431372549
3046	1489	49	0	0	0	0	49	0	0
3047	1478	50	3	0	0	0	53	3	0.05660377358490566
3048	1471	55	1	0	0	0	56	1	0.017857142857142856
3049	1472	40	3	0	0	0	43	3	0.06976744186046512
305	1499	47	3	0	0	0	50	3	0.06
3050	1479	44	3	0	0	0	47	3	0.06382978723404255
3051	1464	46	2	0	0	0	48	2	0.041666666666666664
3052	1485	32	4	0	0	0	36	4	0.1111111111111111
3053	1485	45	4	0	0	0	49	4	0.08163265306122448
3054	1472	51	6	0	0	0	57	6	0.10526315789473684
3055	1473	50	1	0	0	0	51	1	0.0196078431372549
3056	1434	48	4	0	0	0	52	4	0.07692307692307693
3057	1471	44	0	0	0	0	44	0	0
3058	1468	31	2	1	0	0	34	3	0.08823529411764706
3059	1485	40	6	0	0	0	46	6	0.13043478260869565
306	1505	47	1	0	0	0	48	1	0.020833333333333332
3060	1450	42	4	0	0	0	46	4	0.08695652173913043
3061	1455	45	1	0	0	0	46	1	0.021739130434782608
3062	1488	40	7	0	0	0	47	7	0.14893617021276595
3063	1480	48	2	0	0	0	50	2	0.04
3064	1483	42	1	0	0	0	43	1	0.023255813953488372
3065	1503	29	2	0	0	0	31	2	0.06451612903225806
3066	1469	54	4	0	0	0	58	4	0.06896551724137931
3067	1468	56	1	0	0	0	57	1	0.017543859649122806
3068	1498	51	4	0	0	0	55	4	0.07272727272727272
3069	1433	45	3	0	0	0	48	3	0.0625
307	1460	60	1	1	0	0	62	2	0.03225806451612903
3070	1499	42	0	0	0	0	42	0	0
3071	1466	52	2	0	0	0	54	2	0.037037037037037035
3072	1478	41	7	0	0	0	48	7	0.14583333333333334
3073	1492	39	2	0	0	0	41	2	0.04878048780487805
3074	1480	50	3	0	0	0	53	3	0.05660377358490566
3075	1495	51	4	0	0	0	55	4	0.07272727272727272
3076	1472	51	0	0	0	0	51	0	0
3077	1509	46	3	0	0	0	49	3	0.061224489795918366
3078	1459	54	2	0	0	0	56	2	0.03571428571428571
3079	1478	42	4	0	0	0	46	4	0.08695652173913043
308	1451	60	4	0	0	0	64	4	0.0625
3080	1450	39	2	0	0	0	41	2	0.04878048780487805
3081	1432	46	2	0	0	0	48	2	0.041666666666666664
3082	1458	57	1	0	0	0	58	1	0.017241379310344827
3083	1481	36	1	0	0	0	37	1	0.02702702702702703
3084	1506	38	2	0	0	0	40	2	0.05
3085	1467	45	2	0	0	0	47	2	0.0425531914893617
3086	1464	48	0	0	0	0	48	0	0
3087	1480	48	4	0	0	0	52	4	0.07692307692307693
3088	1471	52	5	0	0	0	57	5	0.08771929824561403
3089	1459	25	4	0	0	0	29	4	0.13793103448275862
309	1465	35	5	0	0	0	40	5	0.125
3090	1455	50	4	0	0	0	54	4	0.07407407407407407
3091	1460	39	5	0	0	0	44	5	0.11363636363636363
3092	1451	52	2	0	0	0	54	2	0.037037037037037035
3093	1479	51	0	0	0	0	51	0	0
3094	1490	55	1	0	0	0	56	1	0.017857142857142856
3095	1462	54	2	0	0	0	56	2	0.03571428571428571
3096	1461	49	3	0	0	0	52	3	0.057692307692307696
3097	1451	37	3	0	0	0	40	3	0.075
3098	1496	35	2	0	0	0	37	2	0.05405405405405406
3099	1493	40	1	0	0	0	41	1	0.024390243902439025
31	1466	37	0	0	0	0	37	0	0
310	1482	38	3	1	0	0	42	4	0.09523809523809523
3100	1487	34	0	0	0	0	34	0	0
3101	1478	33	0	0	0	0	33	0	0
3102	1451	44	2	0	0	0	46	2	0.043478260869565216
3103	1474	37	3	0	0	0	40	3	0.075
3104	1472	55	1	0	0	0	56	1	0.017857142857142856
3105	1485	53	1	0	0	0	54	1	0.018518518518518517
3106	1454	39	1	0	0	0	40	1	0.025
3107	1481	47	1	0	0	0	48	1	0.020833333333333332
3108	1420	47	6	0	0	0	53	6	0.11320754716981132
3109	1500	52	4	1	0	0	57	5	0.08771929824561403
311	1483	34	1	1	0	0	36	2	0.05555555555555555
3110	1482	46	4	0	0	0	50	4	0.08
3111	1492	53	3	0	0	0	56	3	0.05357142857142857
3112	1496	58	1	0	0	0	59	1	0.01694915254237288
3113	1464	46	2	0	0	0	48	2	0.041666666666666664
3114	1464	44	1	0	0	0	45	1	0.022222222222222223
3115	1490	42	1	0	0	0	43	1	0.023255813953488372
3116	1476	49	4	0	0	0	53	4	0.07547169811320754
3117	1491	48	6	0	0	0	54	6	0.1111111111111111
3118	1488	48	3	0	0	0	51	3	0.058823529411764705
3119	1458	43	3	0	0	0	46	3	0.06521739130434782
312	1449	50	2	0	0	0	52	2	0.038461538461538464
3120	1488	61	3	0	0	0	64	3	0.046875
3121	1483	39	2	0	0	0	41	2	0.04878048780487805
3122	1469	48	1	0	0	0	49	1	0.02040816326530612
3123	1442	44	2	0	0	0	46	2	0.043478260869565216
3124	1494	44	2	0	0	0	46	2	0.043478260869565216
3125	1475	49	5	0	0	0	54	5	0.09259259259259259
3126	1457	41	7	0	0	0	48	7	0.14583333333333334
3127	1458	50	6	0	0	0	56	6	0.10714285714285714
3128	1494	46	3	0	0	0	49	3	0.061224489795918366
3129	1493	53	4	0	0	0	57	4	0.07017543859649122
313	1501	40	2	0	0	0	42	2	0.047619047619047616
3130	1470	48	0	0	0	0	48	0	0
3131	1495	45	1	0	0	0	46	1	0.021739130434782608
3132	1469	60	4	0	0	0	64	4	0.0625
3133	1503	36	3	0	0	0	39	3	0.07692307692307693
3134	1483	47	1	0	0	0	48	1	0.020833333333333332
3135	1484	49	2	0	0	0	51	2	0.0392156862745098
3136	1471	52	2	0	0	0	54	2	0.037037037037037035
3137	1483	55	1	0	0	0	56	1	0.017857142857142856
3138	1490	40	2	0	0	0	42	2	0.047619047619047616
3139	1492	50	3	0	0	0	53	3	0.05660377358490566
314	1473	45	4	0	0	0	49	4	0.08163265306122448
3140	1488	47	2	0	0	0	49	2	0.04081632653061224
3141	1475	41	3	1	0	0	45	4	0.08888888888888889
3142	1464	46	3	0	0	0	49	3	0.061224489795918366
3143	1437	53	4	0	0	0	57	4	0.07017543859649122
3144	1481	33	3	0	0	0	36	3	0.08333333333333333
3145	1457	49	2	0	0	0	51	2	0.0392156862745098
3146	1477	48	6	0	0	0	54	6	0.1111111111111111
3147	1478	52	3	0	0	0	55	3	0.05454545454545454
3148	1492	39	4	1	0	0	44	5	0.11363636363636363
3149	1487	40	2	0	0	0	42	2	0.047619047619047616
315	1473	62	3	0	0	0	65	3	0.046153846153846156
3150	1471	46	4	0	0	0	50	4	0.08
3151	1480	39	2	0	0	0	41	2	0.04878048780487805
3152	1469	45	1	0	0	0	46	1	0.021739130434782608
3153	1484	41	3	0	0	0	44	3	0.06818181818181818
3154	1476	44	3	0	0	0	47	3	0.06382978723404255
3155	1462	37	6	1	0	0	44	7	0.1590909090909091
3156	1503	47	0	0	0	0	47	0	0
3157	1464	50	4	0	0	0	54	4	0.07407407407407407
3158	1462	41	3	0	0	0	44	3	0.06818181818181818
3159	1487	51	1	0	0	0	52	1	0.019230769230769232
316	1467	50	5	0	0	0	55	5	0.09090909090909091
3160	1497	46	2	0	0	0	48	2	0.041666666666666664
3161	1459	41	4	2	0	0	47	6	0.1276595744680851
3162	1471	56	3	0	0	0	59	3	0.05084745762711865
3163	1471	41	3	0	0	0	44	3	0.06818181818181818
3164	1469	37	2	0	0	0	39	2	0.05128205128205128
3165	1467	48	5	0	0	0	53	5	0.09433962264150944
3166	1500	45	4	0	0	0	49	4	0.08163265306122448
3167	1473	47	2	0	0	0	49	2	0.04081632653061224
3168	1461	48	2	1	0	0	51	3	0.058823529411764705
3169	1524	49	4	0	0	0	53	4	0.07547169811320754
317	1453	41	4	0	0	0	45	4	0.08888888888888889
3170	1450	37	1	0	0	0	38	1	0.02631578947368421
3171	1447	53	1	0	0	0	54	1	0.018518518518518517
3172	1466	58	3	0	0	0	61	3	0.04918032786885246
3173	1470	42	3	1	0	0	46	4	0.08695652173913043
3174	1480	40	1	0	0	0	41	1	0.024390243902439025
3175	1474	47	3	0	0	0	50	3	0.06
3176	1474	48	5	0	0	0	53	5	0.09433962264150944
3177	1508	45	1	0	0	0	46	1	0.021739130434782608
3178	1493	59	3	0	0	0	62	3	0.04838709677419355
3179	1454	48	3	0	0	0	51	3	0.058823529411764705
318	1457	47	2	0	0	0	49	2	0.04081632653061224
3180	1462	40	4	0	0	0	44	4	0.09090909090909091
3181	1514	40	4	0	0	0	44	4	0.09090909090909091
3182	1478	45	3	0	0	0	48	3	0.0625
3183	1483	51	2	0	0	0	53	2	0.03773584905660377
3184	1491	50	2	0	0	0	52	2	0.038461538461538464
3185	1464	46	2	0	0	0	48	2	0.041666666666666664
3186	1475	47	4	0	1	0	52	5	0.09615384615384616
3187	1489	44	4	0	0	0	48	4	0.08333333333333333
3188	1453	50	2	0	0	0	52	2	0.038461538461538464
3189	1468	38	1	1	0	0	40	2	0.05
319	1507	43	3	0	0	0	46	3	0.06521739130434782
3190	1488	50	2	0	0	0	52	2	0.038461538461538464
3191	1458	43	1	0	0	0	44	1	0.022727272727272728
3192	1493	55	2	0	0	0	57	2	0.03508771929824561
3193	1441	41	2	0	0	0	43	2	0.046511627906976744
3194	1454	45	0	0	0	0	45	0	0
3195	1458	39	0	0	0	0	39	0	0
3196	1483	47	3	0	0	0	50	3	0.06
3197	1496	54	4	0	0	0	58	4	0.06896551724137931
3198	1502	50	0	0	0	0	50	0	0
3199	1479	39	0	0	0	0	39	0	0
32	1477	52	2	1	0	0	55	3	0.05454545454545454
320	1490	39	1	0	0	0	40	1	0.025
3200	1456	52	1	0	0	0	53	1	0.018867924528301886
3201	1469	48	4	0	0	0	52	4	0.07692307692307693
3202	1474	36	1	0	0	0	37	1	0.02702702702702703
3203	1459	43	6	0	0	0	49	6	0.12244897959183673
3204	1495	42	2	1	0	0	45	3	0.06666666666666667
3205	1465	50	0	0	0	0	50	0	0
3206	1478	42	3	0	0	0	45	3	0.06666666666666667
3207	1490	29	5	0	0	0	34	5	0.14705882352941177
3208	1447	28	0	0	0	0	28	0	0
3209	1459	42	5	0	0	0	47	5	0.10638297872340426
321	1449	62	2	0	0	0	64	2	0.03125
3210	1460	40	5	0	0	0	45	5	0.1111111111111111
3211	1476	48	6	0	0	0	54	6	0.1111111111111111
3212	1487	52	0	1	0	0	53	1	0.018867924528301886
3213	1501	44	6	0	0	0	50	6	0.12
3214	1461	43	4	1	0	0	48	5	0.10416666666666667
3215	1530	50	4	0	0	0	54	4	0.07407407407407407
3216	1471	40	3	0	0	0	43	3	0.06976744186046512
3217	1468	43	1	0	0	0	44	1	0.022727272727272728
3218	1507	53	1	0	0	0	54	1	0.018518518518518517
3219	1483	45	1	0	0	0	46	1	0.021739130434782608
322	1477	47	1	1	0	0	49	2	0.04081632653061224
3220	1474	48	5	0	0	0	53	5	0.09433962264150944
3221	1500	46	1	0	0	0	47	1	0.02127659574468085
3222	1480	53	4	0	0	0	57	4	0.07017543859649122
3223	1460	39	0	0	0	0	39	0	0
3224	1488	42	7	0	0	0	49	7	0.14285714285714285
3225	1482	49	4	0	0	0	53	4	0.07547169811320754
3226	1454	47	4	0	0	0	51	4	0.0784313725490196
3227	1501	44	1	0	0	0	45	1	0.022222222222222223
3228	1455	44	0	0	0	0	44	0	0
3229	1459	40	5	0	0	0	45	5	0.1111111111111111
323	1452	42	3	0	0	0	45	3	0.06666666666666667
3230	1459	52	1	0	0	0	53	1	0.018867924528301886
3231	1460	46	3	0	0	0	49	3	0.061224489795918366
3232	1477	50	2	0	0	0	52	2	0.038461538461538464
3233	1479	41	1	0	0	0	42	1	0.023809523809523808
3234	1489	49	4	1	0	0	54	5	0.09259259259259259
3235	1465	50	3	0	0	0	53	3	0.05660377358490566
3236	1495	60	4	0	0	0	64	4	0.0625
3237	1455	49	1	0	0	0	50	1	0.02
3238	1455	47	1	1	0	0	49	2	0.04081632653061224
3239	1458	42	4	0	0	0	46	4	0.08695652173913043
324	1443	42	1	0	0	0	43	1	0.023255813953488372
3240	1478	47	3	0	0	0	50	3	0.06
3241	1458	47	2	1	0	0	50	3	0.06
3242	1478	42	1	0	0	0	43	1	0.023255813953488372
3243	1460	37	0	0	0	0	37	0	0
3244	1493	53	3	0	0	0	56	3	0.05357142857142857
3245	1492	46	5	0	0	0	51	5	0.09803921568627451
3246	1489	38	2	1	0	0	41	3	0.07317073170731707
3247	1466	42	3	1	0	0	46	4	0.08695652173913043
3248	1457	46	7	1	0	0	54	8	0.14814814814814814
3249	1480	49	3	0	0	0	52	3	0.057692307692307696
325	1466	46	2	0	0	0	48	2	0.041666666666666664
3250	1469	39	2	0	0	0	41	2	0.04878048780487805
3251	1473	57	2	0	0	0	59	2	0.03389830508474576
3252	1520	50	0	0	0	0	50	0	0
3253	1505	59	1	0	0	0	60	1	0.016666666666666666
3254	1462	56	4	0	0	0	60	4	0.06666666666666667
3255	1472	53	3	0	0	0	56	3	0.05357142857142857
3256	1471	49	2	0	0	0	51	2	0.0392156862745098
3257	1499	34	0	0	0	0	34	0	0
3258	1468	44	3	0	0	0	47	3	0.06382978723404255
3259	1475	49	1	0	0	0	50	1	0.02
326	1480	37	4	0	0	0	41	4	0.0975609756097561
3260	1471	49	2	0	0	0	51	2	0.0392156862745098
3261	1487	55	0	0	0	0	55	0	0
3262	1488	38	5	0	0	0	43	5	0.11627906976744186
3263	1480	63	3	0	0	0	66	3	0.045454545454545456
3264	1512	33	3	0	0	0	36	3	0.08333333333333333
3265	1468	56	3	0	0	0	59	3	0.05084745762711865
3266	1468	47	3	0	0	0	50	3	0.06
3267	1487	45	1	0	0	0	46	1	0.021739130434782608
3268	1472	43	2	0	0	0	45	2	0.044444444444444446
3269	1511	40	4	0	0	0	44	4	0.09090909090909091
327	1485	49	1	0	0	0	50	1	0.02
3270	1488	37	1	1	0	0	39	2	0.05128205128205128
3271	1466	41	4	0	0	0	45	4	0.08888888888888889
3272	1485	46	2	0	0	0	48	2	0.041666666666666664
3273	1449	30	3	0	0	0	33	3	0.09090909090909091
3274	1490	46	2	0	0	0	48	2	0.041666666666666664
3275	1487	44	4	1	0	0	49	5	0.10204081632653061
3276	1462	55	7	0	0	0	62	7	0.11290322580645161
3277	1448	51	1	0	0	0	52	1	0.019230769230769232
3278	1466	52	1	0	0	0	53	1	0.018867924528301886
3279	1483	38	5	0	0	0	43	5	0.11627906976744186
328	1484	51	2	0	0	0	53	2	0.03773584905660377
3280	1496	42	2	0	0	0	44	2	0.045454545454545456
3281	1447	39	2	0	0	0	41	2	0.04878048780487805
3282	1457	50	2	0	0	0	52	2	0.038461538461538464
3283	1483	43	2	0	0	0	45	2	0.044444444444444446
3284	1466	39	2	0	0	0	41	2	0.04878048780487805
3285	1492	41	2	0	0	0	43	2	0.046511627906976744
3286	1488	42	1	0	0	0	43	1	0.023255813953488372
3287	1464	51	4	1	0	0	56	5	0.08928571428571429
3288	1432	51	4	0	0	0	55	4	0.07272727272727272
3289	1499	38	3	0	0	0	41	3	0.07317073170731707
329	1467	52	1	0	0	0	53	1	0.018867924528301886
3290	1484	45	1	0	0	0	46	1	0.021739130434782608
3291	1470	42	0	0	0	0	42	0	0
3292	1469	31	2	0	0	0	33	2	0.06060606060606061
3293	1458	37	4	0	0	0	41	4	0.0975609756097561
3294	1489	35	6	0	0	0	41	6	0.14634146341463414
3295	1463	58	1	0	0	0	59	1	0.01694915254237288
3296	1484	46	4	0	0	0	50	4	0.08
3297	1469	35	0	0	0	0	35	0	0
3298	1465	54	5	0	0	0	59	5	0.0847457627118644
3299	1482	57	3	0	0	0	60	3	0.05
33	1456	51	1	0	0	0	52	1	0.019230769230769232
330	1507	46	0	0	0	0	46	0	0
3300	1446	50	2	0	0	0	52	2	0.038461538461538464
3301	1461	38	3	0	0	0	41	3	0.07317073170731707
3302	1478	45	5	0	0	0	50	5	0.1
3303	1500	45	2	0	0	0	47	2	0.0425531914893617
3304	1482	45	1	0	0	0	46	1	0.021739130434782608
3305	1462	38	1	0	0	0	39	1	0.02564102564102564
3306	1480	40	3	1	0	0	44	4	0.09090909090909091
3307	1475	49	3	0	0	0	52	3	0.057692307692307696
3308	1497	56	2	0	0	0	58	2	0.034482758620689655
3309	1470	47	2	1	0	0	50	3	0.06
331	1489	42	3	0	0	0	45	3	0.06666666666666667
3310	1460	53	1	0	0	0	54	1	0.018518518518518517
3311	1525	42	2	0	0	0	44	2	0.045454545454545456
3312	1482	45	5	0	0	0	50	5	0.1
3313	1476	36	3	0	0	0	39	3	0.07692307692307693
3314	1511	47	3	0	0	0	50	3	0.06
3315	1472	44	3	0	0	0	47	3	0.06382978723404255
3316	1449	43	3	0	0	0	46	3	0.06521739130434782
3317	1448	57	2	0	0	0	59	2	0.03389830508474576
3318	1458	36	5	0	0	0	41	5	0.12195121951219512
3319	1430	38	3	0	0	0	41	3	0.07317073170731707
332	1475	39	4	0	0	0	43	4	0.09302325581395349
3320	1463	50	6	0	0	0	56	6	0.10714285714285714
3321	1487	51	2	0	0	0	53	2	0.03773584905660377
3322	1515	39	1	0	0	0	40	1	0.025
3323	1488	40	2	0	0	0	42	2	0.047619047619047616
3324	1482	49	3	0	0	0	52	3	0.057692307692307696
3325	1469	45	5	0	0	0	50	5	0.1
3326	1458	55	5	0	0	0	60	5	0.08333333333333333
3327	1476	49	6	0	0	0	55	6	0.10909090909090909
3328	1463	28	3	1	0	0	32	4	0.125
3329	1461	45	1	0	0	0	46	1	0.021739130434782608
333	1481	41	0	0	0	0	41	0	0
3330	1476	48	2	0	0	0	50	2	0.04
3331	1453	46	3	0	0	0	49	3	0.061224489795918366
3332	1504	46	3	0	0	0	49	3	0.061224489795918366
3333	1448	43	3	0	0	0	46	3	0.06521739130434782
3334	1492	50	2	0	0	0	52	2	0.038461538461538464
3335	1484	43	1	0	0	0	44	1	0.022727272727272728
3336	1457	38	2	1	0	0	41	3	0.07317073170731707
3337	1474	56	1	0	0	0	57	1	0.017543859649122806
3338	1454	46	1	0	0	0	47	1	0.02127659574468085
3339	1481	53	1	0	0	0	54	1	0.018518518518518517
334	1437	46	3	0	0	0	49	3	0.061224489795918366
3340	1489	41	3	0	0	0	44	3	0.06818181818181818
3341	1497	44	3	0	0	0	47	3	0.06382978723404255
3342	1488	42	1	0	0	0	43	1	0.023255813953488372
3343	1438	43	2	0	0	0	45	2	0.044444444444444446
3344	1499	47	6	0	0	0	53	6	0.11320754716981132
3345	1452	60	3	0	0	0	63	3	0.047619047619047616
3346	1460	52	2	0	0	0	54	2	0.037037037037037035
3347	1465	39	3	0	0	0	42	3	0.07142857142857142
3348	1498	48	2	1	0	0	51	3	0.058823529411764705
3349	1460	43	1	0	0	0	44	1	0.022727272727272728
335	1492	45	3	0	0	0	48	3	0.0625
3350	1448	46	0	0	0	0	46	0	0
3351	1478	45	8	0	0	0	53	8	0.1509433962264151
3352	1466	36	3	1	0	0	40	4	0.1
3353	1465	41	1	0	0	0	42	1	0.023809523809523808
3354	1457	41	1	0	0	0	42	1	0.023809523809523808
3355	1486	47	4	0	0	0	51	4	0.0784313725490196
3356	1478	50	1	1	0	0	52	2	0.038461538461538464
3357	1477	46	3	0	0	0	49	3	0.061224489795918366
3358	1464	51	2	0	0	0	53	2	0.03773584905660377
3359	1510	34	4	1	0	0	39	5	0.1282051282051282
336	1493	56	2	0	0	0	58	2	0.034482758620689655
3360	1479	46	0	0	0	0	46	0	0
3361	1502	42	4	0	0	0	46	4	0.08695652173913043
3362	1472	57	5	0	0	0	62	5	0.08064516129032258
3363	1477	47	4	0	0	0	51	4	0.0784313725490196
3364	1489	54	5	0	0	0	59	5	0.0847457627118644
3365	1486	43	3	0	0	0	46	3	0.06521739130434782
3366	1484	35	3	0	0	0	38	3	0.07894736842105263
3367	1479	50	0	0	0	0	50	0	0
3368	1477	43	0	0	0	0	43	0	0
3369	1466	46	2	0	0	0	48	2	0.041666666666666664
337	1419	43	7	0	0	0	50	7	0.14
3370	1438	36	4	0	0	0	40	4	0.1
3371	1500	54	2	1	0	0	57	3	0.05263157894736842
3372	1511	37	6	0	0	0	43	6	0.13953488372093023
3373	1485	52	1	0	0	0	53	1	0.018867924528301886
3374	1493	49	2	0	0	0	51	2	0.0392156862745098
3375	1471	45	5	0	0	0	50	5	0.1
3376	1469	49	4	1	0	0	54	5	0.09259259259259259
3377	1475	50	3	0	0	0	53	3	0.05660377358490566
3378	1499	44	1	0	0	0	45	1	0.022222222222222223
3379	1482	44	5	0	0	0	49	5	0.10204081632653061
338	1474	37	3	0	0	0	40	3	0.075
3380	1480	35	5	0	0	0	40	5	0.125
3381	1453	43	0	0	0	0	43	0	0
3382	1477	36	2	0	0	0	38	2	0.05263157894736842
3383	1489	34	3	0	0	0	37	3	0.08108108108108109
3384	1489	39	1	0	0	0	40	1	0.025
3385	1493	53	3	0	0	0	56	3	0.05357142857142857
3386	1475	53	0	0	0	0	53	0	0
3387	1481	43	3	0	0	0	46	3	0.06521739130434782
3388	1473	39	3	0	0	0	42	3	0.07142857142857142
3389	1485	35	2	0	0	0	37	2	0.05405405405405406
339	1529	44	3	0	0	0	47	3	0.06382978723404255
3390	1480	56	5	0	0	0	61	5	0.08196721311475409
3391	1450	35	2	0	0	0	37	2	0.05405405405405406
3392	1489	38	4	0	0	1	43	5	0.11627906976744186
3393	1466	54	3	0	0	0	57	3	0.05263157894736842
3394	1451	55	3	0	0	0	58	3	0.05172413793103448
3395	1468	49	4	0	0	0	53	4	0.07547169811320754
3396	1476	43	2	0	0	0	45	2	0.044444444444444446
3397	1480	38	3	0	0	0	41	3	0.07317073170731707
3398	1497	41	1	0	0	0	42	1	0.023809523809523808
3399	1438	42	4	0	0	0	46	4	0.08695652173913043
34	1447	67	2	0	0	0	69	2	0.028985507246376812
340	1486	57	2	1	0	0	60	3	0.05
3400	1488	36	4	0	0	0	40	4	0.1
3401	1485	50	1	0	0	0	51	1	0.0196078431372549
3402	1471	45	1	0	0	0	46	1	0.021739130434782608
3403	1494	50	4	1	0	0	55	5	0.09090909090909091
3404	1481	45	2	0	0	0	47	2	0.0425531914893617
3405	1511	41	2	0	0	0	43	2	0.046511627906976744
3406	1466	43	4	0	1	0	48	5	0.10416666666666667
3407	1472	39	2	0	0	0	41	2	0.04878048780487805
3408	1478	53	3	0	0	0	56	3	0.05357142857142857
3409	1504	34	2	0	0	0	36	2	0.05555555555555555
341	1441	54	1	0	0	0	55	1	0.01818181818181818
3410	1475	44	1	0	0	0	45	1	0.022222222222222223
3411	1454	43	3	0	0	0	46	3	0.06521739130434782
3412	1463	49	4	0	0	0	53	4	0.07547169811320754
3413	1477	40	1	0	0	0	41	1	0.024390243902439025
3414	1473	49	5	0	0	0	54	5	0.09259259259259259
3415	1445	42	4	1	0	0	47	5	0.10638297872340426
3416	1483	55	1	0	0	0	56	1	0.017857142857142856
3417	1472	45	3	2	0	0	50	5	0.1
3418	1443	50	3	0	0	0	53	3	0.05660377358490566
3419	1517	47	3	0	0	0	50	3	0.06
342	1478	38	2	0	0	0	40	2	0.05
3420	1483	47	2	0	0	0	49	2	0.04081632653061224
3421	1486	31	3	0	0	0	34	3	0.08823529411764706
3422	1422	45	2	0	0	0	47	2	0.0425531914893617
3423	1476	48	2	0	0	0	50	2	0.04
3424	1496	25	4	0	0	0	29	4	0.13793103448275862
3425	1464	41	2	0	0	0	43	2	0.046511627906976744
3426	1471	46	1	0	0	0	47	1	0.02127659574468085
3427	1454	48	4	0	0	0	52	4	0.07692307692307693
3428	1474	40	0	0	0	0	40	0	0
3429	1489	35	8	0	0	0	43	8	0.18604651162790697
343	1489	34	2	0	0	0	36	2	0.05555555555555555
3430	1464	48	4	0	0	0	52	4	0.07692307692307693
3431	1448	52	1	0	0	0	53	1	0.018867924528301886
3432	1473	56	2	0	0	0	58	2	0.034482758620689655
3433	1466	39	0	0	0	0	39	0	0
3434	1473	45	5	0	0	0	50	5	0.1
3435	1450	53	2	0	0	0	55	2	0.03636363636363636
3436	1468	48	4	1	0	0	53	5	0.09433962264150944
3437	1479	44	3	0	0	0	47	3	0.06382978723404255
3438	1459	40	3	0	0	0	43	3	0.06976744186046512
3439	1470	52	1	0	0	0	53	1	0.018867924528301886
344	1477	50	2	1	0	0	53	3	0.05660377358490566
3440	1513	50	0	0	0	0	50	0	0
3441	1496	49	4	0	0	0	53	4	0.07547169811320754
3442	1501	47	2	0	0	0	49	2	0.04081632653061224
3443	1474	34	2	0	0	0	36	2	0.05555555555555555
3444	1508	52	2	0	0	0	54	2	0.037037037037037035
3445	1495	48	4	0	0	0	52	4	0.07692307692307693
3446	1449	40	2	0	0	0	42	2	0.047619047619047616
3447	1472	40	5	0	0	0	45	5	0.1111111111111111
3448	1456	42	4	1	0	0	47	5	0.10638297872340426
3449	1488	56	2	0	0	0	58	2	0.034482758620689655
345	1453	47	2	0	0	0	49	2	0.04081632653061224
3450	1491	32	2	0	0	0	34	2	0.058823529411764705
3451	1485	45	2	0	0	0	47	2	0.0425531914893617
3452	1496	52	3	0	0	0	55	3	0.05454545454545454
3453	1494	50	2	0	0	0	52	2	0.038461538461538464
3454	1473	44	3	0	0	0	47	3	0.06382978723404255
3455	1458	46	2	0	0	0	48	2	0.041666666666666664
3456	1506	42	3	0	0	0	45	3	0.06666666666666667
3457	1465	44	3	0	0	0	47	3	0.06382978723404255
3458	1465	44	2	0	0	0	46	2	0.043478260869565216
3459	1500	50	3	0	0	0	53	3	0.05660377358490566
346	1458	44	2	0	0	0	46	2	0.043478260869565216
3460	1511	40	5	0	0	0	45	5	0.1111111111111111
3461	1479	53	1	0	0	0	54	1	0.018518518518518517
3462	1500	37	1	0	0	0	38	1	0.02631578947368421
3463	1460	51	2	0	0	0	53	2	0.03773584905660377
3464	1480	41	4	0	0	0	45	4	0.08888888888888889
3465	1456	23	6	0	0	0	29	6	0.20689655172413793
3466	1484	46	6	0	0	0	52	6	0.11538461538461539
3467	1451	48	2	0	0	0	50	2	0.04
3468	1444	48	1	0	0	0	49	1	0.02040816326530612
3469	1484	58	1	1	0	0	60	2	0.03333333333333333
347	1466	45	0	0	0	0	45	0	0
3470	1421	43	4	0	0	0	47	4	0.0851063829787234
3471	1446	32	5	0	0	0	37	5	0.13513513513513514
3472	1482	40	3	0	0	0	43	3	0.06976744186046512
3473	1460	48	2	0	0	0	50	2	0.04
3474	1495	60	3	0	0	0	63	3	0.047619047619047616
3475	1468	66	2	0	0	0	68	2	0.029411764705882353
3476	1465	47	3	0	0	0	50	3	0.06
3477	1449	46	2	0	0	0	48	2	0.041666666666666664
3478	1523	51	3	0	0	0	54	3	0.05555555555555555
3479	1441	37	4	0	0	0	41	4	0.0975609756097561
348	1496	39	2	0	0	0	41	2	0.04878048780487805
3480	1490	44	4	1	0	0	49	5	0.10204081632653061
3481	1485	38	2	0	0	0	40	2	0.05
3482	1448	47	3	0	0	0	50	3	0.06
3483	1478	60	3	0	0	0	63	3	0.047619047619047616
3484	1474	52	2	0	0	0	54	2	0.037037037037037035
3485	1500	44	5	0	0	0	49	5	0.10204081632653061
3486	1457	39	6	0	0	0	45	6	0.13333333333333333
3487	1472	45	4	0	0	0	49	4	0.08163265306122448
3488	1436	48	4	0	0	0	52	4	0.07692307692307693
3489	1470	45	1	0	0	0	46	1	0.021739130434782608
349	1454	48	0	0	0	0	48	0	0
3490	1462	38	2	0	0	0	40	2	0.05
3491	1504	50	1	1	0	0	52	2	0.038461538461538464
3492	1466	43	7	0	0	0	50	7	0.14
3493	1448	47	0	0	0	0	47	0	0
3494	1447	37	4	0	0	0	41	4	0.0975609756097561
3495	1479	36	1	0	0	0	37	1	0.02702702702702703
3496	1457	36	2	0	0	0	38	2	0.05263157894736842
3497	1469	41	1	0	0	0	42	1	0.023809523809523808
3498	1452	37	1	1	0	0	39	2	0.05128205128205128
3499	1473	47	5	0	0	0	52	5	0.09615384615384616
35	1475	42	0	0	0	0	42	0	0
350	1466	51	1	0	0	0	52	1	0.019230769230769232
3500	1463	52	4	1	0	0	57	5	0.08771929824561403
3501	1522	56	2	0	0	0	58	2	0.034482758620689655
3502	1474	46	5	0	0	0	51	5	0.09803921568627451
3503	1498	40	5	0	0	0	45	5	0.1111111111111111
3504	1463	54	2	0	0	0	56	2	0.03571428571428571
3505	1448	38	2	0	0	0	40	2	0.05
3506	1507	39	5	0	0	0	44	5	0.11363636363636363
3507	1480	43	2	0	0	0	45	2	0.044444444444444446
3508	1468	56	2	0	0	0	58	2	0.034482758620689655
3509	1484	47	1	1	0	0	49	2	0.04081632653061224
351	1473	44	1	0	0	0	45	1	0.022222222222222223
3510	1426	51	4	0	0	0	55	4	0.07272727272727272
3511	1464	46	3	0	0	0	49	3	0.061224489795918366
3512	1473	45	2	0	0	0	47	2	0.0425531914893617
3513	1492	46	1	1	0	0	48	2	0.041666666666666664
3514	1480	53	0	0	0	0	53	0	0
3515	1493	36	0	0	0	0	36	0	0
3516	1464	52	6	0	0	0	58	6	0.10344827586206896
3517	1463	60	3	1	0	0	64	4	0.0625
3518	1500	54	6	0	0	0	60	6	0.1
3519	1477	48	1	0	0	0	49	1	0.02040816326530612
352	1446	48	1	0	0	0	49	1	0.02040816326530612
3520	1453	48	2	0	0	0	50	2	0.04
3521	1458	53	4	0	0	0	57	4	0.07017543859649122
3522	1482	48	0	0	0	0	48	0	0
3523	1461	48	2	0	0	0	50	2	0.04
3524	1506	35	1	0	0	0	36	1	0.027777777777777776
3525	1483	49	0	0	0	0	49	0	0
3526	1482	61	2	1	0	0	64	3	0.046875
3527	1454	50	1	0	0	0	51	1	0.0196078431372549
3528	1473	53	1	0	0	0	54	1	0.018518518518518517
3529	1451	44	4	0	0	0	48	4	0.08333333333333333
353	1487	40	2	0	0	0	42	2	0.047619047619047616
3530	1477	43	2	1	0	0	46	3	0.06521739130434782
3531	1456	46	3	1	0	0	50	4	0.08
3532	1438	51	1	0	0	0	52	1	0.019230769230769232
3533	1474	40	0	0	0	0	40	0	0
3534	1460	33	2	0	0	0	35	2	0.05714285714285714
3535	1449	50	4	0	0	0	54	4	0.07407407407407407
3536	1494	43	2	0	0	0	45	2	0.044444444444444446
3537	1477	49	2	0	0	0	51	2	0.0392156862745098
3538	1436	46	3	0	0	0	49	3	0.061224489795918366
3539	1477	44	1	0	0	0	45	1	0.022222222222222223
354	1477	54	5	0	0	0	59	5	0.0847457627118644
3540	1471	48	3	0	0	0	51	3	0.058823529411764705
3541	1443	44	3	0	0	0	47	3	0.06382978723404255
3542	1473	39	6	1	0	0	46	7	0.15217391304347827
3543	1504	46	6	0	0	0	52	6	0.11538461538461539
3544	1492	47	1	0	0	0	48	1	0.020833333333333332
3545	1477	40	1	0	0	0	41	1	0.024390243902439025
3546	1479	44	5	0	0	0	49	5	0.10204081632653061
3547	1440	44	1	0	0	0	45	1	0.022222222222222223
3548	1473	31	4	0	0	0	35	4	0.11428571428571428
3549	1470	56	0	0	0	0	56	0	0
355	1472	42	2	0	0	0	44	2	0.045454545454545456
3550	1494	46	4	0	0	0	50	4	0.08
3551	1467	51	1	0	0	0	52	1	0.019230769230769232
3552	1452	52	6	0	0	0	58	6	0.10344827586206896
3553	1470	56	3	1	0	0	60	4	0.06666666666666667
3554	1488	48	5	0	0	0	53	5	0.09433962264150944
3555	1484	38	1	0	0	0	39	1	0.02564102564102564
3556	1485	52	1	0	0	0	53	1	0.018867924528301886
3557	1477	43	5	0	0	0	48	5	0.10416666666666667
3558	1441	45	3	0	0	0	48	3	0.0625
3559	1482	46	3	0	0	0	49	3	0.061224489795918366
356	1466	46	3	0	0	0	49	3	0.061224489795918366
3560	1467	36	2	0	0	0	38	2	0.05263157894736842
3561	1492	38	3	0	0	0	41	3	0.07317073170731707
3562	1464	47	2	0	0	0	49	2	0.04081632653061224
3563	1480	48	3	0	0	0	51	3	0.058823529411764705
3564	1478	52	0	0	0	0	52	0	0
3565	1504	37	2	0	0	0	39	2	0.05128205128205128
3566	1450	43	2	0	0	0	45	2	0.044444444444444446
3567	1469	43	2	0	0	0	45	2	0.044444444444444446
3568	1491	44	3	1	0	0	48	4	0.08333333333333333
3569	1474	41	2	0	0	0	43	2	0.046511627906976744
357	1454	52	3	0	0	0	55	3	0.05454545454545454
3570	1449	38	1	0	0	0	39	1	0.02564102564102564
3571	1498	56	2	0	0	0	58	2	0.034482758620689655
3572	1488	54	0	0	0	0	54	0	0
3573	1458	41	2	0	0	0	43	2	0.046511627906976744
3574	1459	39	1	0	0	0	40	1	0.025
3575	1501	51	2	0	0	0	53	2	0.03773584905660377
3576	1475	47	4	0	0	0	51	4	0.0784313725490196
3577	1483	47	0	0	0	0	47	0	0
3578	1472	31	2	0	0	0	33	2	0.06060606060606061
3579	1448	46	5	1	0	0	52	6	0.11538461538461539
358	1482	40	2	0	0	0	42	2	0.047619047619047616
3580	1489	46	0	0	0	0	46	0	0
3581	1434	50	6	0	0	0	56	6	0.10714285714285714
3582	1453	38	3	0	0	0	41	3	0.07317073170731707
3583	1482	52	1	0	0	0	53	1	0.018867924528301886
3584	1444	47	1	0	0	0	48	1	0.020833333333333332
3585	1478	49	6	0	0	0	55	6	0.10909090909090909
3586	1452	55	3	0	0	0	58	3	0.05172413793103448
3587	1490	33	2	0	0	0	35	2	0.05714285714285714
3588	1487	38	3	0	0	0	41	3	0.07317073170731707
3589	1490	61	1	0	0	0	62	1	0.016129032258064516
359	1490	45	3	0	0	0	48	3	0.0625
3590	1472	50	2	0	0	0	52	2	0.038461538461538464
3591	1459	66	5	0	0	0	71	5	0.07042253521126761
3592	1482	37	2	0	0	0	39	2	0.05128205128205128
3593	1442	34	6	0	0	0	40	6	0.15
3594	1464	45	4	2	0	0	51	6	0.11764705882352941
3595	1486	51	1	0	0	0	52	1	0.019230769230769232
3596	1489	53	2	0	0	0	55	2	0.03636363636363636
3597	1460	48	5	0	0	0	53	5	0.09433962264150944
3598	1483	38	1	0	0	0	39	1	0.02564102564102564
3599	1485	46	2	0	0	0	48	2	0.041666666666666664
36	1471	46	3	1	0	0	50	4	0.08
360	1473	51	4	1	0	0	56	5	0.08928571428571429
3600	1460	54	2	0	0	0	56	2	0.03571428571428571
3601	1454	41	1	0	0	0	42	1	0.023809523809523808
3602	1475	33	1	0	0	0	34	1	0.029411764705882353
3603	1488	44	2	0	0	0	46	2	0.043478260869565216
3604	1458	48	1	0	0	0	49	1	0.02040816326530612
3605	1458	46	3	0	0	0	49	3	0.061224489795918366
3606	1446	52	3	0	0	0	55	3	0.05454545454545454
3607	1522	45	4	0	0	0	49	4	0.08163265306122448
3608	1473	26	0	1	0	0	27	1	0.037037037037037035
3609	1448	40	4	0	0	0	44	4	0.09090909090909091
361	1473	52	4	0	0	0	56	4	0.07142857142857142
3610	1489	38	0	0	0	0	38	0	0
3611	1467	48	3	0	0	0	51	3	0.058823529411764705
3612	1487	53	2	0	0	0	55	2	0.03636363636363636
3613	1496	44	0	0	0	0	44	0	0
3614	1513	36	5	0	0	0	41	5	0.12195121951219512
3615	1460	40	0	0	0	0	40	0	0
3616	1459	39	5	0	0	0	44	5	0.11363636363636363
3617	1475	45	1	0	0	0	46	1	0.021739130434782608
3618	1444	34	0	1	0	0	35	1	0.02857142857142857
3619	1470	43	0	0	0	0	43	0	0
362	1477	44	1	0	0	0	45	1	0.022222222222222223
3620	1490	53	2	0	0	0	55	2	0.03636363636363636
3621	1477	53	2	0	0	0	55	2	0.03636363636363636
3622	1486	34	3	0	0	0	37	3	0.08108108108108109
3623	1462	45	3	1	0	0	49	4	0.08163265306122448
3624	1470	41	3	0	0	0	44	3	0.06818181818181818
3625	1497	28	3	0	0	0	31	3	0.0967741935483871
3626	1460	52	0	0	0	0	52	0	0
3627	1458	57	2	0	0	0	59	2	0.03389830508474576
3628	1476	50	2	0	0	0	52	2	0.038461538461538464
3629	1472	57	0	0	0	0	57	0	0
363	1484	42	1	1	0	0	44	2	0.045454545454545456
3630	1452	46	5	0	0	0	51	5	0.09803921568627451
3631	1458	44	1	1	0	0	46	2	0.043478260869565216
3632	1473	50	2	0	0	0	52	2	0.038461538461538464
3633	1457	25	3	0	0	0	28	3	0.10714285714285714
3634	1461	52	2	0	0	0	54	2	0.037037037037037035
3635	1457	45	2	0	0	0	47	2	0.0425531914893617
3636	1482	46	4	0	0	0	50	4	0.08
3637	1477	39	0	0	0	0	39	0	0
3638	1501	33	0	1	0	0	34	1	0.029411764705882353
3639	1441	49	3	1	0	0	53	4	0.07547169811320754
364	1498	41	2	0	0	0	43	2	0.046511627906976744
3640	1485	36	1	0	0	0	37	1	0.02702702702702703
3641	1499	43	3	0	0	0	46	3	0.06521739130434782
3642	1467	44	2	1	0	0	47	3	0.06382978723404255
3643	1484	38	2	0	0	0	40	2	0.05
3644	1472	43	2	0	0	0	45	2	0.044444444444444446
3645	1471	53	0	0	0	0	53	0	0
3646	1477	53	4	0	0	0	57	4	0.07017543859649122
3647	1489	43	1	0	0	0	44	1	0.022727272727272728
3648	1499	29	2	0	0	0	31	2	0.06451612903225806
3649	1491	37	2	0	0	0	39	2	0.05128205128205128
365	1488	37	1	0	0	0	38	1	0.02631578947368421
3650	1445	48	2	0	0	0	50	2	0.04
3651	1455	40	3	1	0	0	44	4	0.09090909090909091
3652	1498	55	2	0	0	0	57	2	0.03508771929824561
3653	1469	56	1	0	0	0	57	1	0.017543859649122806
3654	1460	41	1	0	0	0	42	1	0.023809523809523808
3655	1480	40	1	0	0	0	41	1	0.024390243902439025
3656	1472	56	3	0	0	0	59	3	0.05084745762711865
3657	1467	46	1	0	0	0	47	1	0.02127659574468085
3658	1490	42	5	1	0	0	48	6	0.125
3659	1485	49	4	0	0	0	53	4	0.07547169811320754
366	1459	44	2	0	0	0	46	2	0.043478260869565216
3660	1496	41	4	1	0	0	46	5	0.10869565217391304
3661	1471	52	1	0	0	0	53	1	0.018867924528301886
3662	1490	51	3	0	0	0	54	3	0.05555555555555555
3663	1486	41	0	0	0	0	41	0	0
3664	1497	39	1	0	0	0	40	1	0.025
3665	1487	45	5	0	0	0	50	5	0.1
3666	1462	50	2	0	0	0	52	2	0.038461538461538464
3667	1467	38	4	1	0	0	43	5	0.11627906976744186
3668	1466	54	5	0	0	0	59	5	0.0847457627118644
3669	1493	50	5	0	0	0	55	5	0.09090909090909091
367	1496	47	3	0	0	0	50	3	0.06
3670	1464	47	4	1	0	0	52	5	0.09615384615384616
3671	1427	43	1	0	0	0	44	1	0.022727272727272728
3672	1476	42	2	0	0	0	44	2	0.045454545454545456
3673	1484	45	3	0	0	0	48	3	0.0625
3674	1468	54	5	0	0	0	59	5	0.0847457627118644
3675	1455	45	1	0	0	0	46	1	0.021739130434782608
3676	1437	51	0	1	0	0	52	1	0.019230769230769232
3677	1507	42	4	0	0	0	46	4	0.08695652173913043
3678	1455	47	1	0	0	0	48	1	0.020833333333333332
3679	1470	34	0	0	0	0	34	0	0
368	1464	38	1	0	0	0	39	1	0.02564102564102564
3680	1464	31	4	0	0	0	35	4	0.11428571428571428
3681	1484	44	1	0	1	0	46	2	0.043478260869565216
3682	1450	57	1	0	0	0	58	1	0.017241379310344827
3683	1449	53	4	0	0	0	57	4	0.07017543859649122
3684	1482	36	1	0	0	0	37	1	0.02702702702702703
3685	1508	50	2	0	0	0	52	2	0.038461538461538464
3686	1495	48	3	0	0	0	51	3	0.058823529411764705
3687	1486	51	3	1	0	0	55	4	0.07272727272727272
3688	1470	39	4	0	0	0	43	4	0.09302325581395349
3689	1463	46	1	0	0	0	47	1	0.02127659574468085
369	1472	30	2	0	0	0	32	2	0.0625
3690	1471	43	2	0	0	0	45	2	0.044444444444444446
3691	1510	37	1	0	0	0	38	1	0.02631578947368421
3692	1457	40	4	0	0	0	44	4	0.09090909090909091
3693	1474	44	2	0	0	0	46	2	0.043478260869565216
3694	1473	54	0	0	0	0	54	0	0
3695	1457	31	5	0	0	0	36	5	0.1388888888888889
3696	1489	48	0	1	0	0	49	1	0.02040816326530612
3697	1482	49	6	0	0	0	55	6	0.10909090909090909
3698	1470	50	2	1	0	0	53	3	0.05660377358490566
3699	1486	43	2	0	0	0	45	2	0.044444444444444446
37	1479	36	3	0	0	0	39	3	0.07692307692307693
370	1477	47	3	1	0	0	51	4	0.0784313725490196
3700	1450	53	3	0	0	0	56	3	0.05357142857142857
3701	1445	45	0	0	0	0	45	0	0
3702	1502	35	2	0	0	0	37	2	0.05405405405405406
3703	1466	49	3	0	0	0	52	3	0.057692307692307696
3704	1474	44	1	0	0	0	45	1	0.022222222222222223
3705	1477	49	5	0	0	0	54	5	0.09259259259259259
3706	1483	38	5	0	0	0	43	5	0.11627906976744186
3707	1499	48	2	0	0	0	50	2	0.04
3708	1442	33	4	0	0	0	37	4	0.10810810810810811
3709	1472	44	3	0	0	0	47	3	0.06382978723404255
371	1492	59	3	0	0	0	62	3	0.04838709677419355
3710	1453	45	2	0	0	0	47	2	0.0425531914893617
3711	1422	42	2	0	0	0	44	2	0.045454545454545456
3712	1479	44	2	0	0	0	46	2	0.043478260869565216
3713	1491	47	1	0	0	0	48	1	0.020833333333333332
3714	1465	48	3	0	0	0	51	3	0.058823529411764705
3715	1506	42	5	0	0	0	47	5	0.10638297872340426
3716	1468	49	1	0	0	0	50	1	0.02
3717	1489	44	2	0	0	0	46	2	0.043478260869565216
3718	1481	36	0	0	0	0	36	0	0
3719	1492	54	4	0	0	0	58	4	0.06896551724137931
372	1465	43	2	0	0	0	45	2	0.044444444444444446
3720	1479	39	2	0	0	0	41	2	0.04878048780487805
3721	1439	49	1	0	0	0	50	1	0.02
3722	1498	38	1	0	0	0	39	1	0.02564102564102564
3723	1491	47	0	0	0	0	47	0	0
3724	1512	37	3	0	0	0	40	3	0.075
3725	1448	43	2	0	0	0	45	2	0.044444444444444446
3726	1492	45	1	1	0	0	47	2	0.0425531914893617
3727	1464	38	5	0	0	0	43	5	0.11627906976744186
3728	1455	52	3	0	0	0	55	3	0.05454545454545454
3729	1462	55	2	0	0	0	57	2	0.03508771929824561
373	1462	48	3	0	0	0	51	3	0.058823529411764705
3730	1507	48	3	1	0	0	52	4	0.07692307692307693
3731	1483	47	3	0	0	0	50	3	0.06
3732	1474	40	6	0	0	0	46	6	0.13043478260869565
3733	1463	51	2	0	0	0	53	2	0.03773584905660377
3734	1491	35	1	0	0	0	36	1	0.027777777777777776
3735	1465	52	2	0	0	0	54	2	0.037037037037037035
3736	1449	41	1	0	0	0	42	1	0.023809523809523808
3737	1500	57	1	0	0	0	58	1	0.017241379310344827
3738	1478	35	0	0	0	0	35	0	0
3739	1440	60	2	0	0	0	62	2	0.03225806451612903
374	1487	44	3	0	0	0	47	3	0.06382978723404255
3740	1468	30	7	0	0	0	37	7	0.1891891891891892
3741	1508	40	1	0	0	0	41	1	0.024390243902439025
3742	1465	42	2	0	0	0	44	2	0.045454545454545456
3743	1460	46	3	1	0	0	50	4	0.08
3744	1472	48	3	0	0	0	51	3	0.058823529411764705
3745	1469	41	1	0	0	0	42	1	0.023809523809523808
3746	1429	43	2	0	0	0	45	2	0.044444444444444446
3747	1476	40	3	0	0	0	43	3	0.06976744186046512
3748	1429	44	3	0	0	0	47	3	0.06382978723404255
3749	1474	43	2	0	0	0	45	2	0.044444444444444446
375	1476	51	5	0	0	0	56	5	0.08928571428571429
3750	1438	42	1	0	0	0	43	1	0.023255813953488372
3751	1481	37	1	0	0	0	38	1	0.02631578947368421
3752	1496	48	3	0	0	0	51	3	0.058823529411764705
3753	1463	49	0	0	0	0	49	0	0
3754	1474	40	2	0	0	0	42	2	0.047619047619047616
3755	1485	41	1	0	0	0	42	1	0.023809523809523808
3756	1441	66	3	0	0	0	69	3	0.043478260869565216
3757	1479	45	1	0	0	0	46	1	0.021739130434782608
3758	1470	49	3	0	0	0	52	3	0.057692307692307696
3759	1471	57	2	0	0	0	59	2	0.03389830508474576
376	1466	50	1	0	0	0	51	1	0.0196078431372549
3760	1483	34	4	0	0	0	38	4	0.10526315789473684
3761	1484	45	0	0	0	0	45	0	0
3762	1488	64	0	0	0	0	64	0	0
3763	1501	41	0	0	0	0	41	0	0
3764	1451	52	5	0	0	0	57	5	0.08771929824561403
3765	1485	45	3	0	0	0	48	3	0.0625
3766	1473	44	2	0	0	0	46	2	0.043478260869565216
3767	1480	39	1	0	0	0	40	1	0.025
3768	1480	42	1	0	0	0	43	1	0.023255813953488372
3769	1484	38	5	0	0	0	43	5	0.11627906976744186
377	1440	45	2	0	0	0	47	2	0.0425531914893617
3770	1455	48	3	0	0	0	51	3	0.058823529411764705
3771	1463	39	1	0	0	0	40	1	0.025
3772	1510	51	4	0	0	0	55	4	0.07272727272727272
3773	1479	63	2	1	0	0	66	3	0.045454545454545456
3774	1493	43	0	0	0	0	43	0	0
3775	1452	49	2	1	0	0	52	3	0.057692307692307696
3776	1479	61	3	0	0	0	64	3	0.046875
3777	1480	50	2	1	0	0	53	3	0.05660377358490566
3778	1497	35	4	0	0	0	39	4	0.10256410256410256
3779	1505	39	2	0	0	0	41	2	0.04878048780487805
378	1507	44	4	0	0	0	48	4	0.08333333333333333
3780	1483	53	2	0	0	0	55	2	0.03636363636363636
3781	1477	46	2	0	0	0	48	2	0.041666666666666664
3782	1475	41	5	0	0	0	46	5	0.10869565217391304
3783	1462	52	2	0	0	0	54	2	0.037037037037037035
3784	1470	41	2	0	0	0	43	2	0.046511627906976744
3785	1446	38	0	0	0	0	38	0	0
3786	1451	50	5	1	0	0	56	6	0.10714285714285714
3787	1457	55	3	0	0	0	58	3	0.05172413793103448
3788	1460	59	2	0	0	0	61	2	0.03278688524590164
3789	1444	43	2	1	0	0	46	3	0.06521739130434782
379	1457	43	3	0	0	0	46	3	0.06521739130434782
3790	1484	54	1	0	0	0	55	1	0.01818181818181818
3791	1451	37	2	0	0	0	39	2	0.05128205128205128
3792	1455	32	1	0	0	0	33	1	0.030303030303030304
3793	1473	47	2	0	0	0	49	2	0.04081632653061224
3794	1454	48	4	0	0	0	52	4	0.07692307692307693
3795	1458	41	2	0	0	0	43	2	0.046511627906976744
3796	1459	48	2	1	0	0	51	3	0.058823529411764705
3797	1483	42	0	0	0	0	42	0	0
3798	1488	54	4	0	0	0	58	4	0.06896551724137931
3799	1475	35	1	0	0	0	36	1	0.027777777777777776
38	1466	44	1	0	0	0	45	1	0.022222222222222223
380	1464	40	4	0	0	0	44	4	0.09090909090909091
3800	1473	43	3	0	0	0	46	3	0.06521739130434782
3801	1484	53	4	0	0	0	57	4	0.07017543859649122
3802	1475	46	1	0	0	0	47	1	0.02127659574468085
3803	1486	51	2	0	0	0	53	2	0.03773584905660377
3804	1462	50	4	0	0	0	54	4	0.07407407407407407
3805	1475	33	2	0	0	0	35	2	0.05714285714285714
3806	1468	55	5	0	0	0	60	5	0.08333333333333333
3807	1500	50	1	0	0	0	51	1	0.0196078431372549
3808	1464	46	4	0	0	0	50	4	0.08
3809	1456	44	2	0	0	0	46	2	0.043478260869565216
381	1474	40	2	0	0	0	42	2	0.047619047619047616
3810	1468	54	2	0	0	0	56	2	0.03571428571428571
3811	1495	35	2	0	0	0	37	2	0.05405405405405406
3812	1502	35	4	0	0	0	39	4	0.10256410256410256
3813	1464	48	1	0	0	0	49	1	0.02040816326530612
3814	1458	47	2	0	0	0	49	2	0.04081632653061224
3815	1496	49	4	0	0	0	53	4	0.07547169811320754
3816	1469	43	1	0	0	0	44	1	0.022727272727272728
3817	1462	57	2	0	0	0	59	2	0.03389830508474576
3818	1470	36	1	0	0	0	37	1	0.02702702702702703
3819	1484	45	1	0	0	0	46	1	0.021739130434782608
382	1429	39	4	0	0	0	43	4	0.09302325581395349
3820	1455	42	6	0	0	0	48	6	0.125
3821	1446	67	2	0	0	0	69	2	0.028985507246376812
3822	1454	40	1	0	0	0	41	1	0.024390243902439025
3823	1477	54	4	0	0	0	58	4	0.06896551724137931
3824	1482	51	2	0	0	0	53	2	0.03773584905660377
3825	1455	50	4	0	0	0	54	4	0.07407407407407407
3826	1458	49	2	0	0	0	51	2	0.0392156862745098
3827	1478	47	2	0	0	0	49	2	0.04081632653061224
3828	1508	47	5	0	0	0	52	5	0.09615384615384616
3829	1439	55	2	0	0	0	57	2	0.03508771929824561
383	1441	56	1	0	0	0	57	1	0.017543859649122806
3830	1483	48	1	0	0	0	49	1	0.02040816326530612
3831	1454	33	3	0	0	0	36	3	0.08333333333333333
3832	1497	53	7	0	0	0	60	7	0.11666666666666667
3833	1477	52	2	0	0	0	54	2	0.037037037037037035
3834	1495	47	2	0	0	0	49	2	0.04081632653061224
3835	1467	38	1	0	0	0	39	1	0.02564102564102564
3836	1489	56	6	0	0	0	62	6	0.0967741935483871
3837	1496	42	3	0	0	0	45	3	0.06666666666666667
3838	1478	58	0	0	0	0	58	0	0
3839	1499	46	1	0	0	0	47	1	0.02127659574468085
384	1476	38	5	0	0	0	43	5	0.11627906976744186
3840	1474	38	2	0	0	0	40	2	0.05
3841	1442	46	5	0	0	0	51	5	0.09803921568627451
3842	1445	44	2	0	0	0	46	2	0.043478260869565216
3843	1474	52	0	0	0	0	52	0	0
3844	1453	43	1	0	0	0	44	1	0.022727272727272728
3845	1498	48	1	0	0	0	49	1	0.02040816326530612
3846	1458	37	3	1	0	0	41	4	0.0975609756097561
3847	1488	44	1	0	0	0	45	1	0.022222222222222223
3848	1493	50	5	0	0	0	55	5	0.09090909090909091
3849	1463	45	1	0	0	0	46	1	0.021739130434782608
385	1468	47	2	0	0	0	49	2	0.04081632653061224
3850	1496	41	3	0	0	0	44	3	0.06818181818181818
3851	1500	57	2	0	0	0	59	2	0.03389830508474576
3852	1480	48	2	0	0	0	50	2	0.04
3853	1473	38	1	0	0	0	39	1	0.02564102564102564
3854	1504	44	5	0	0	0	49	5	0.10204081632653061
3855	1452	45	2	0	0	0	47	2	0.0425531914893617
3856	1511	44	3	0	0	0	47	3	0.06382978723404255
3857	1484	38	4	1	0	0	43	5	0.11627906976744186
3858	1486	35	5	0	0	0	40	5	0.125
3859	1462	54	2	0	0	0	56	2	0.03571428571428571
386	1471	45	3	0	0	0	48	3	0.0625
3860	1460	48	3	0	0	0	51	3	0.058823529411764705
3861	1483	47	5	0	0	0	52	5	0.09615384615384616
3862	1460	41	1	0	0	0	42	1	0.023809523809523808
3863	1488	39	5	0	0	0	44	5	0.11363636363636363
3864	1461	37	2	0	0	0	39	2	0.05128205128205128
3865	1444	44	3	0	0	0	47	3	0.06382978723404255
3866	1434	47	4	1	0	0	52	5	0.09615384615384616
3867	1482	46	4	0	0	0	50	4	0.08
3868	1461	55	3	0	0	0	58	3	0.05172413793103448
3869	1496	43	7	0	0	0	50	7	0.14
387	1493	43	3	0	0	0	46	3	0.06521739130434782
3870	1499	42	1	0	0	0	43	1	0.023255813953488372
3871	1492	50	2	0	0	0	52	2	0.038461538461538464
3872	1442	44	0	0	0	0	44	0	0
3873	1490	48	4	0	0	0	52	4	0.07692307692307693
3874	1485	47	3	0	0	0	50	3	0.06
3875	1491	42	2	0	0	0	44	2	0.045454545454545456
3876	1462	36	1	0	0	0	37	1	0.02702702702702703
3877	1467	46	3	0	0	0	49	3	0.061224489795918366
3878	1466	52	2	0	0	0	54	2	0.037037037037037035
3879	1495	27	2	0	0	0	29	2	0.06896551724137931
388	1469	44	4	0	0	0	48	4	0.08333333333333333
3880	1495	44	1	0	0	0	45	1	0.022222222222222223
3881	1504	48	3	0	0	0	51	3	0.058823529411764705
3882	1501	42	4	0	0	0	46	4	0.08695652173913043
3883	1482	44	1	0	0	0	45	1	0.022222222222222223
3884	1456	47	3	0	0	0	50	3	0.06
3885	1491	43	2	0	0	0	45	2	0.044444444444444446
3886	1504	49	1	1	0	0	51	2	0.0392156862745098
3887	1467	42	2	0	0	0	44	2	0.045454545454545456
3888	1474	47	2	0	0	0	49	2	0.04081632653061224
3889	1469	57	3	0	0	0	60	3	0.05
389	1505	38	2	0	0	0	40	2	0.05
3890	1449	37	0	0	0	0	37	0	0
3891	1489	48	2	0	0	0	50	2	0.04
3892	1489	43	7	0	0	0	50	7	0.14
3893	1483	50	0	0	0	0	50	0	0
3894	1478	46	0	0	0	0	46	0	0
3895	1462	52	0	0	0	0	52	0	0
3896	1471	44	2	0	0	0	46	2	0.043478260869565216
3897	1502	35	2	0	0	0	37	2	0.05405405405405406
3898	1457	41	0	0	0	0	41	0	0
3899	1485	52	2	0	0	0	54	2	0.037037037037037035
39	1489	43	2	0	0	0	45	2	0.044444444444444446
390	1513	46	2	0	0	0	48	2	0.041666666666666664
3900	1452	57	1	0	0	0	58	1	0.017241379310344827
3901	1480	31	2	1	0	0	34	3	0.08823529411764706
3902	1482	45	1	0	0	0	46	1	0.021739130434782608
3903	1467	59	1	0	0	0	60	1	0.016666666666666666
3904	1492	52	3	0	0	0	55	3	0.05454545454545454
3905	1465	33	2	0	0	0	35	2	0.05714285714285714
3906	1490	40	3	0	0	0	43	3	0.06976744186046512
3907	1469	51	2	0	0	0	53	2	0.03773584905660377
3908	1481	40	2	0	0	0	42	2	0.047619047619047616
3909	1481	49	8	0	0	0	57	8	0.14035087719298245
391	1475	40	4	0	0	0	44	4	0.09090909090909091
3910	1464	44	5	0	0	0	49	5	0.10204081632653061
3911	1474	48	1	0	0	0	49	1	0.02040816326530612
3912	1469	42	3	0	1	0	46	4	0.08695652173913043
3913	1523	48	3	0	0	0	51	3	0.058823529411764705
3914	1438	54	5	0	0	0	59	5	0.0847457627118644
3915	1461	40	4	0	0	0	44	4	0.09090909090909091
3916	1471	45	2	0	0	0	47	2	0.0425531914893617
3917	1514	51	0	0	0	0	51	0	0
3918	1479	54	2	0	0	0	56	2	0.03571428571428571
3919	1464	47	2	0	0	0	49	2	0.04081632653061224
392	1497	43	0	0	0	0	43	0	0
3920	1474	40	6	0	0	0	46	6	0.13043478260869565
3921	1458	55	2	0	0	0	57	2	0.03508771929824561
3922	1505	51	2	1	0	0	54	3	0.05555555555555555
3923	1454	50	1	0	0	0	51	1	0.0196078431372549
3924	1501	40	3	0	0	0	43	3	0.06976744186046512
3925	1462	40	3	0	0	0	43	3	0.06976744186046512
3926	1449	58	2	0	0	0	60	2	0.03333333333333333
3927	1478	50	3	0	0	0	53	3	0.05660377358490566
3928	1475	60	2	0	0	0	62	2	0.03225806451612903
3929	1496	40	0	1	0	0	41	1	0.024390243902439025
393	1465	44	3	0	0	0	47	3	0.06382978723404255
3930	1500	46	1	0	0	0	47	1	0.02127659574468085
3931	1467	53	3	0	0	0	56	3	0.05357142857142857
3932	1511	44	1	0	0	0	45	1	0.022222222222222223
3933	1475	45	2	0	0	0	47	2	0.0425531914893617
3934	1485	46	3	0	0	0	49	3	0.061224489795918366
3935	1455	51	1	0	0	0	52	1	0.019230769230769232
3936	1487	37	3	0	0	0	40	3	0.075
3937	1493	44	5	0	0	0	49	5	0.10204081632653061
3938	1476	41	3	0	0	0	44	3	0.06818181818181818
3939	1475	38	3	0	0	0	41	3	0.07317073170731707
394	1468	51	3	0	0	0	54	3	0.05555555555555555
3940	1470	61	1	0	0	0	62	1	0.016129032258064516
3941	1476	41	2	0	0	0	43	2	0.046511627906976744
3942	1487	39	4	0	0	0	43	4	0.09302325581395349
3943	1487	47	2	0	0	0	49	2	0.04081632653061224
3944	1463	48	2	0	0	0	50	2	0.04
3945	1490	53	5	0	0	0	58	5	0.08620689655172414
3946	1434	43	2	0	0	0	45	2	0.044444444444444446
3947	1466	49	4	0	0	0	53	4	0.07547169811320754
3948	1498	49	7	0	0	0	56	7	0.125
3949	1428	54	2	0	0	0	56	2	0.03571428571428571
395	1462	46	4	0	0	0	50	4	0.08
3950	1497	50	3	0	0	0	53	3	0.05660377358490566
3951	1497	39	4	0	0	0	43	4	0.09302325581395349
3952	1475	37	3	0	0	0	40	3	0.075
3953	1487	44	3	0	0	0	47	3	0.06382978723404255
3954	1499	57	3	1	0	0	61	4	0.06557377049180328
3955	1448	53	3	0	0	0	56	3	0.05357142857142857
3956	1473	42	4	0	0	0	46	4	0.08695652173913043
3957	1477	52	1	0	0	0	53	1	0.018867924528301886
3958	1465	41	2	0	0	0	43	2	0.046511627906976744
3959	1481	49	2	0	0	0	51	2	0.0392156862745098
396	1476	46	1	0	0	0	47	1	0.02127659574468085
3960	1502	33	3	0	0	0	36	3	0.08333333333333333
3961	1479	51	2	0	0	0	53	2	0.03773584905660377
3962	1460	45	2	0	0	0	47	2	0.0425531914893617
3963	1497	40	0	0	0	0	40	0	0
3964	1473	48	1	0	0	0	49	1	0.02040816326530612
3965	1465	38	0	0	1	0	39	1	0.02564102564102564
3966	1458	48	3	0	0	0	51	3	0.058823529411764705
3967	1500	44	1	0	0	0	45	1	0.022222222222222223
3968	1483	44	3	0	0	0	47	3	0.06382978723404255
3969	1488	54	1	0	0	0	55	1	0.01818181818181818
397	1458	41	3	0	0	0	44	3	0.06818181818181818
3970	1508	35	1	0	0	0	36	1	0.027777777777777776
3971	1489	38	5	0	0	0	43	5	0.11627906976744186
3972	1484	46	3	0	0	0	49	3	0.061224489795918366
3973	1485	43	2	0	0	0	45	2	0.044444444444444446
3974	1464	58	2	0	0	0	60	2	0.03333333333333333
3975	1457	43	4	0	0	0	47	4	0.0851063829787234
3976	1446	49	1	0	0	0	50	1	0.02
3977	1471	46	4	0	0	0	50	4	0.08
3978	1455	45	5	1	0	0	51	6	0.11764705882352941
3979	1461	55	4	1	0	0	60	5	0.08333333333333333
398	1471	44	1	0	0	0	45	1	0.022222222222222223
3980	1434	42	3	0	0	0	45	3	0.06666666666666667
3981	1496	43	2	0	0	0	45	2	0.044444444444444446
3982	1479	42	5	0	0	0	47	5	0.10638297872340426
3983	1482	50	4	0	0	0	54	4	0.07407407407407407
3984	1449	40	2	0	0	0	42	2	0.047619047619047616
3985	1469	40	5	0	0	0	45	5	0.1111111111111111
3986	1469	55	3	0	0	0	58	3	0.05172413793103448
3987	1483	35	4	0	0	0	39	4	0.10256410256410256
3988	1475	62	2	1	0	0	65	3	0.046153846153846156
3989	1499	40	4	0	0	0	44	4	0.09090909090909091
399	1449	35	2	0	0	0	37	2	0.05405405405405406
3990	1502	45	1	0	0	0	46	1	0.021739130434782608
3991	1465	67	6	0	0	0	73	6	0.0821917808219178
3992	1488	49	4	0	0	0	53	4	0.07547169811320754
3993	1460	40	2	0	0	0	42	2	0.047619047619047616
3994	1463	37	1	1	0	0	39	2	0.05128205128205128
3995	1457	41	1	0	0	0	42	1	0.023809523809523808
3996	1467	42	0	0	0	0	42	0	0
3997	1469	47	4	0	0	0	51	4	0.0784313725490196
3998	1499	49	2	0	0	0	51	2	0.0392156862745098
3999	1471	58	3	0	0	0	61	3	0.04918032786885246
4	1490	28	4	0	0	0	32	4	0.125
40	1478	44	0	0	0	0	44	0	0
400	1448	54	2	0	0	0	56	2	0.03571428571428571
4000	1519	47	1	0	0	0	48	1	0.020833333333333332
4001	1464	35	4	0	0	0	39	4	0.10256410256410256
4002	1500	45	3	0	0	0	48	3	0.0625
4003	1484	46	1	0	0	0	47	1	0.02127659574468085
4004	1463	49	2	0	0	0	51	2	0.0392156862745098
4005	1466	44	1	1	0	0	46	2	0.043478260869565216
4006	1506	43	3	0	0	0	46	3	0.06521739130434782
4007	1462	54	2	0	0	0	56	2	0.03571428571428571
4008	1482	47	3	0	0	0	50	3	0.06
4009	1468	49	2	0	0	0	51	2	0.0392156862745098
401	1443	49	4	0	0	0	53	4	0.07547169811320754
4010	1442	44	2	0	0	0	46	2	0.043478260869565216
4011	1459	45	4	0	0	0	49	4	0.08163265306122448
4012	1470	40	3	0	0	0	43	3	0.06976744186046512
4013	1496	37	3	0	0	0	40	3	0.075
4014	1482	39	2	0	0	0	41	2	0.04878048780487805
4015	1465	52	7	0	0	0	59	7	0.11864406779661017
4016	1465	53	2	0	0	0	55	2	0.03636363636363636
4017	1469	47	3	0	0	0	50	3	0.06
4018	1463	46	1	0	0	0	47	1	0.02127659574468085
4019	1457	44	2	0	0	0	46	2	0.043478260869565216
402	1483	38	2	0	0	0	40	2	0.05
4020	1491	40	3	0	0	0	43	3	0.06976744186046512
4021	1465	53	3	0	0	0	56	3	0.05357142857142857
4022	1463	58	1	0	0	0	59	1	0.01694915254237288
4023	1476	51	2	0	0	0	53	2	0.03773584905660377
4024	1463	40	2	1	0	0	43	3	0.06976744186046512
4025	1483	47	1	0	0	0	48	1	0.020833333333333332
4026	1461	44	2	0	0	0	46	2	0.043478260869565216
4027	1457	55	2	0	0	0	57	2	0.03508771929824561
4028	1486	50	2	1	0	0	53	3	0.05660377358490566
4029	1492	39	1	0	0	0	40	1	0.025
403	1460	47	1	0	0	0	48	1	0.020833333333333332
4030	1484	42	1	0	0	0	43	1	0.023255813953488372
4031	1503	35	3	0	0	0	38	3	0.07894736842105263
4032	1484	45	0	0	0	0	45	0	0
4033	1455	44	0	0	0	0	44	0	0
4034	1468	45	1	0	0	0	46	1	0.021739130434782608
4035	1454	40	3	0	0	0	43	3	0.06976744186046512
4036	1450	42	2	0	0	0	44	2	0.045454545454545456
4037	1456	48	4	1	0	0	53	5	0.09433962264150944
4038	1501	48	4	0	0	0	52	4	0.07692307692307693
4039	1468	43	2	0	0	0	45	2	0.044444444444444446
404	1483	50	1	0	0	0	51	1	0.0196078431372549
4040	1449	50	2	0	0	0	52	2	0.038461538461538464
4041	1507	58	2	0	0	0	60	2	0.03333333333333333
4042	1466	48	5	0	0	0	53	5	0.09433962264150944
4043	1464	52	6	0	0	0	58	6	0.10344827586206896
4044	1477	33	1	0	0	0	34	1	0.029411764705882353
4045	1472	67	1	0	0	0	68	1	0.014705882352941176
4046	1457	51	3	0	0	0	54	3	0.05555555555555555
4047	1480	44	4	0	0	0	48	4	0.08333333333333333
4048	1478	44	3	0	0	0	47	3	0.06382978723404255
4049	1464	47	1	0	0	0	48	1	0.020833333333333332
405	1483	39	5	0	0	0	44	5	0.11363636363636363
4050	1506	46	3	0	0	0	49	3	0.061224489795918366
4051	1489	43	3	0	0	0	46	3	0.06521739130434782
4052	1446	36	3	0	0	0	39	3	0.07692307692307693
4053	1474	41	3	1	0	0	45	4	0.08888888888888889
4054	1491	49	1	0	0	0	50	1	0.02
4055	1483	38	2	0	0	0	40	2	0.05
4056	1493	27	3	1	0	0	31	4	0.12903225806451613
4057	1489	34	3	0	0	0	37	3	0.08108108108108109
4058	1477	45	3	0	0	0	48	3	0.0625
4059	1478	42	2	0	0	0	44	2	0.045454545454545456
406	1505	44	2	0	0	0	46	2	0.043478260869565216
4060	1457	45	2	0	0	0	47	2	0.0425531914893617
4061	1479	27	3	0	0	0	30	3	0.1
4062	1491	44	3	1	0	0	48	4	0.08333333333333333
4063	1455	43	4	0	0	0	47	4	0.0851063829787234
4064	1464	44	1	1	0	0	46	2	0.043478260869565216
4065	1516	55	1	0	0	0	56	1	0.017857142857142856
4066	1463	53	2	0	0	0	55	2	0.03636363636363636
4067	1474	46	4	0	0	0	50	4	0.08
4068	1471	42	2	0	0	0	44	2	0.045454545454545456
4069	1483	44	1	0	0	0	45	1	0.022222222222222223
407	1465	46	3	0	0	0	49	3	0.061224489795918366
4070	1475	48	2	0	0	0	50	2	0.04
4071	1464	37	2	0	0	0	39	2	0.05128205128205128
4072	1481	43	1	0	0	0	44	1	0.022727272727272728
4073	1492	40	1	0	0	0	41	1	0.024390243902439025
4074	1494	40	2	0	0	0	42	2	0.047619047619047616
4075	1488	44	1	0	0	0	45	1	0.022222222222222223
4076	1452	53	4	0	0	0	57	4	0.07017543859649122
4077	1467	54	5	1	0	0	60	6	0.1
4078	1447	59	2	0	0	0	61	2	0.03278688524590164
4079	1460	41	1	0	0	0	42	1	0.023809523809523808
408	1497	38	2	0	0	0	40	2	0.05
4080	1447	46	2	0	0	0	48	2	0.041666666666666664
4081	1473	40	2	0	0	0	42	2	0.047619047619047616
4082	1449	44	1	0	0	0	45	1	0.022222222222222223
4083	1470	48	1	0	0	0	49	1	0.02040816326530612
4084	1474	53	1	0	0	0	54	1	0.018518518518518517
4085	1476	42	3	0	0	0	45	3	0.06666666666666667
4086	1476	41	3	0	0	0	44	3	0.06818181818181818
4087	1482	47	5	0	0	0	52	5	0.09615384615384616
4088	1488	44	3	1	0	0	48	4	0.08333333333333333
4089	1494	43	5	0	0	0	48	5	0.10416666666666667
409	1477	35	5	0	0	0	40	5	0.125
4090	1458	32	1	0	0	0	33	1	0.030303030303030304
4091	1475	48	2	0	0	0	50	2	0.04
4092	1466	51	1	0	0	0	52	1	0.019230769230769232
4093	1466	42	5	0	0	0	47	5	0.10638297872340426
4094	1505	41	0	0	0	0	41	0	0
4095	1489	51	2	0	0	0	53	2	0.03773584905660377
4096	1450	55	3	0	0	0	58	3	0.05172413793103448
4097	1447	45	2	0	0	0	47	2	0.0425531914893617
4098	1441	40	5	0	0	0	45	5	0.1111111111111111
4099	1496	51	3	0	0	0	54	3	0.05555555555555555
41	1449	46	2	1	0	0	49	3	0.061224489795918366
410	1481	34	1	0	0	0	35	1	0.02857142857142857
4100	1515	52	1	0	0	0	53	1	0.018867924528301886
4101	1478	45	2	0	0	0	47	2	0.0425531914893617
4102	1497	51	3	0	0	0	54	3	0.05555555555555555
4103	1454	39	2	0	0	0	41	2	0.04878048780487805
4104	1454	40	0	0	0	0	40	0	0
4105	1495	57	3	0	0	0	60	3	0.05
4106	1476	42	2	0	0	0	44	2	0.045454545454545456
4107	1469	44	0	0	0	0	44	0	0
4108	1481	52	2	0	0	0	54	2	0.037037037037037035
4109	1502	52	5	0	0	0	57	5	0.08771929824561403
411	1478	35	1	0	0	0	36	1	0.027777777777777776
4110	1475	62	2	0	0	0	64	2	0.03125
4111	1497	43	1	0	0	0	44	1	0.022727272727272728
4112	1476	55	3	0	0	0	58	3	0.05172413793103448
4113	1490	43	3	0	0	0	46	3	0.06521739130434782
4114	1488	55	1	0	0	0	56	1	0.017857142857142856
4115	1461	44	2	0	0	0	46	2	0.043478260869565216
4116	1463	46	3	0	0	0	49	3	0.061224489795918366
4117	1463	31	4	0	0	0	35	4	0.11428571428571428
4118	1494	41	2	0	0	0	43	2	0.046511627906976744
4119	1492	51	1	0	0	0	52	1	0.019230769230769232
412	1502	53	2	0	0	0	55	2	0.03636363636363636
4120	1475	42	1	0	0	0	43	1	0.023255813953488372
4121	1487	42	1	0	0	0	43	1	0.023255813953488372
4122	1448	50	4	0	0	0	54	4	0.07407407407407407
4123	1507	40	5	0	0	0	45	5	0.1111111111111111
4124	1489	54	2	0	0	0	56	2	0.03571428571428571
4125	1480	41	1	0	0	0	42	1	0.023809523809523808
4126	1466	41	2	0	0	0	43	2	0.046511627906976744
4127	1468	41	3	1	0	0	45	4	0.08888888888888889
4128	1494	55	2	0	0	0	57	2	0.03508771929824561
4129	1479	53	5	0	0	0	58	5	0.08620689655172414
413	1461	49	5	0	0	0	54	5	0.09259259259259259
4130	1437	47	1	0	0	0	48	1	0.020833333333333332
4131	1467	36	5	0	0	0	41	5	0.12195121951219512
4132	1476	47	2	0	0	0	49	2	0.04081632653061224
4133	1440	65	6	0	0	0	71	6	0.08450704225352113
4134	1491	40	7	0	0	0	47	7	0.14893617021276595
4135	1470	49	1	1	0	0	51	2	0.0392156862745098
4136	1490	38	5	0	0	0	43	5	0.11627906976744186
4137	1472	60	1	0	0	0	61	1	0.01639344262295082
4138	1451	46	2	1	0	0	49	3	0.061224489795918366
4139	1487	45	1	0	0	0	46	1	0.021739130434782608
414	1493	39	2	1	0	0	42	3	0.07142857142857142
4140	1481	40	4	0	0	0	44	4	0.09090909090909091
4141	1462	42	0	0	0	0	42	0	0
4142	1471	41	2	0	0	0	43	2	0.046511627906976744
4143	1451	48	3	1	0	0	52	4	0.07692307692307693
4144	1479	41	1	0	0	0	42	1	0.023809523809523808
4145	1474	39	4	0	0	0	43	4	0.09302325581395349
4146	1513	41	3	0	0	0	44	3	0.06818181818181818
4147	1485	45	7	0	0	0	52	7	0.1346153846153846
4148	1483	42	1	0	0	0	43	1	0.023255813953488372
4149	1521	42	4	0	0	0	46	4	0.08695652173913043
415	1509	40	4	0	0	0	44	4	0.09090909090909091
4150	1493	44	3	0	0	0	47	3	0.06382978723404255
4151	1481	48	1	0	0	0	49	1	0.02040816326530612
4152	1495	27	0	0	0	0	27	0	0
4153	1440	46	1	0	0	0	47	1	0.02127659574468085
4154	1457	35	4	0	0	0	39	4	0.10256410256410256
4155	1470	45	5	0	0	0	50	5	0.1
4156	1495	35	1	0	0	0	36	1	0.027777777777777776
4157	1444	36	1	0	0	0	37	1	0.02702702702702703
4158	1482	43	2	0	0	0	45	2	0.044444444444444446
4159	1486	35	2	1	0	0	38	3	0.07894736842105263
416	1461	51	4	0	0	0	55	4	0.07272727272727272
4160	1499	42	2	0	0	0	44	2	0.045454545454545456
4161	1451	39	2	0	0	0	41	2	0.04878048780487805
4162	1474	34	2	0	0	0	36	2	0.05555555555555555
4163	1484	45	0	0	0	0	45	0	0
4164	1514	44	2	1	0	0	47	3	0.06382978723404255
4165	1462	43	3	0	0	0	46	3	0.06521739130434782
4166	1498	39	5	0	0	0	44	5	0.11363636363636363
4167	1467	35	4	0	0	0	39	4	0.10256410256410256
4168	1486	46	3	0	0	0	49	3	0.061224489795918366
4169	1453	43	4	0	0	0	47	4	0.0851063829787234
417	1466	38	1	0	0	0	39	1	0.02564102564102564
4170	1513	31	5	1	0	0	37	6	0.16216216216216217
4171	1474	35	2	0	0	0	37	2	0.05405405405405406
4172	1470	43	6	0	0	0	49	6	0.12244897959183673
4173	1463	56	8	0	0	0	64	8	0.125
4174	1486	51	1	0	0	0	52	1	0.019230769230769232
4175	1486	52	3	0	0	0	55	3	0.05454545454545454
4176	1452	39	6	0	0	0	45	6	0.13333333333333333
4177	1498	42	2	0	0	0	44	2	0.045454545454545456
4178	1467	44	2	0	0	0	46	2	0.043478260869565216
4179	1476	40	3	0	0	0	43	3	0.06976744186046512
418	1466	54	1	0	0	0	55	1	0.01818181818181818
4180	1506	38	5	0	0	0	43	5	0.11627906976744186
4181	1471	51	3	0	0	0	54	3	0.05555555555555555
4182	1513	45	5	0	0	0	50	5	0.1
4183	1504	44	2	0	0	0	46	2	0.043478260869565216
4184	1495	34	4	0	0	0	38	4	0.10526315789473684
4185	1500	51	3	0	0	0	54	3	0.05555555555555555
4186	1538	44	1	0	0	0	45	1	0.022222222222222223
4187	1482	53	2	0	0	0	55	2	0.03636363636363636
4188	1521	43	0	0	0	0	43	0	0
4189	1474	49	8	0	0	0	57	8	0.14035087719298245
419	1452	33	5	0	0	0	38	5	0.13157894736842105
4190	1455	46	1	0	0	0	47	1	0.02127659574468085
4191	1458	31	0	0	0	0	31	0	0
4192	1491	38	2	0	0	0	40	2	0.05
4193	1455	43	6	0	0	0	49	6	0.12244897959183673
4194	1487	45	4	0	0	0	49	4	0.08163265306122448
4195	1467	46	4	0	0	0	50	4	0.08
4196	1479	56	4	1	0	0	61	5	0.08196721311475409
4197	1472	41	2	0	0	0	43	2	0.046511627906976744
4198	1470	51	0	0	0	0	51	0	0
4199	1471	46	7	0	0	0	53	7	0.1320754716981132
42	1466	56	3	1	0	0	60	4	0.06666666666666667
420	1470	49	1	0	0	0	50	1	0.02
4200	1455	46	1	0	0	0	47	1	0.02127659574468085
4201	1454	55	2	0	0	0	57	2	0.03508771929824561
4202	1435	45	7	0	0	0	52	7	0.1346153846153846
4203	1461	36	0	1	0	0	37	1	0.02702702702702703
4204	1468	37	2	0	0	0	39	2	0.05128205128205128
4205	1483	39	5	0	0	0	44	5	0.11363636363636363
4206	1463	51	0	0	0	0	51	0	0
4207	1500	55	2	0	0	0	57	2	0.03508771929824561
4208	1495	49	4	0	0	0	53	4	0.07547169811320754
4209	1477	45	4	0	0	0	49	4	0.08163265306122448
421	1491	53	4	0	0	0	57	4	0.07017543859649122
4210	1472	52	4	0	0	0	56	4	0.07142857142857142
4211	1492	44	0	0	0	0	44	0	0
4212	1452	47	1	0	0	0	48	1	0.020833333333333332
4213	1456	44	3	0	0	0	47	3	0.06382978723404255
4214	1481	62	1	2	0	0	65	3	0.046153846153846156
4215	1461	51	1	0	0	0	52	1	0.019230769230769232
4216	1472	40	2	0	0	0	42	2	0.047619047619047616
4217	1494	40	0	0	0	0	40	0	0
4218	1432	32	2	0	0	0	34	2	0.058823529411764705
4219	1491	52	3	0	0	0	55	3	0.05454545454545454
422	1445	34	1	0	0	0	35	1	0.02857142857142857
4220	1471	52	1	1	0	0	54	2	0.037037037037037035
4221	1499	56	3	0	0	0	59	3	0.05084745762711865
4222	1483	45	5	0	0	0	50	5	0.1
4223	1526	50	3	0	0	0	53	3	0.05660377358490566
4224	1468	44	2	0	0	0	46	2	0.043478260869565216
4225	1472	52	4	0	0	0	56	4	0.07142857142857142
4226	1465	55	4	1	0	0	60	5	0.08333333333333333
4227	1508	38	0	0	0	0	38	0	0
4228	1454	56	4	0	0	0	60	4	0.06666666666666667
4229	1462	50	3	0	0	0	53	3	0.05660377358490566
423	1496	32	5	0	0	0	37	5	0.13513513513513514
4230	1483	51	4	0	1	0	56	5	0.08928571428571429
4231	1499	41	6	0	0	0	47	6	0.1276595744680851
4232	1454	62	8	0	0	0	70	8	0.11428571428571428
4233	1465	40	2	0	0	0	42	2	0.047619047619047616
4234	1469	39	1	0	0	0	40	1	0.025
4235	1493	45	3	0	0	0	48	3	0.0625
4236	1451	49	1	0	0	0	50	1	0.02
4237	1454	39	3	0	0	0	42	3	0.07142857142857142
4238	1484	52	2	0	0	0	54	2	0.037037037037037035
4239	1476	36	6	0	0	0	42	6	0.14285714285714285
424	1481	36	2	0	0	0	38	2	0.05263157894736842
4240	1482	44	2	0	0	0	46	2	0.043478260869565216
4241	1493	42	3	0	0	0	45	3	0.06666666666666667
4242	1493	47	3	1	0	0	51	4	0.0784313725490196
4243	1516	45	4	0	0	0	49	4	0.08163265306122448
4244	1493	43	0	1	0	0	44	1	0.022727272727272728
4245	1500	46	3	0	0	0	49	3	0.061224489795918366
4246	1485	42	2	0	0	0	44	2	0.045454545454545456
4247	1505	34	0	0	0	0	34	0	0
4248	1465	46	6	0	0	0	52	6	0.11538461538461539
4249	1481	54	3	0	0	0	57	3	0.05263157894736842
425	1461	45	3	0	0	0	48	3	0.0625
4250	1467	49	1	0	0	0	50	1	0.02
4251	1465	57	3	0	0	0	60	3	0.05
4252	1480	49	2	0	0	0	51	2	0.0392156862745098
4253	1470	46	4	0	0	0	50	4	0.08
4254	1470	41	0	1	0	0	42	1	0.023809523809523808
4255	1481	50	2	0	0	0	52	2	0.038461538461538464
4256	1447	56	2	0	0	0	58	2	0.034482758620689655
4257	1485	43	2	0	0	0	45	2	0.044444444444444446
4258	1474	45	1	0	0	0	46	1	0.021739130434782608
4259	1470	44	0	0	0	0	44	0	0
426	1462	36	0	0	0	0	36	0	0
4260	1435	46	3	0	0	0	49	3	0.061224489795918366
4261	1498	41	2	0	0	0	43	2	0.046511627906976744
4262	1496	43	5	0	0	0	48	5	0.10416666666666667
4263	1470	47	1	1	0	0	49	2	0.04081632653061224
4264	1467	47	4	0	0	0	51	4	0.0784313725490196
4265	1480	51	2	0	0	0	53	2	0.03773584905660377
4266	1466	41	2	0	0	0	43	2	0.046511627906976744
4267	1524	41	0	0	0	0	41	0	0
4268	1478	58	0	1	0	0	59	1	0.01694915254237288
4269	1482	52	0	0	0	0	52	0	0
427	1451	52	3	0	0	0	55	3	0.05454545454545454
4270	1475	41	0	0	0	0	41	0	0
4271	1430	49	3	0	0	0	52	3	0.057692307692307696
4272	1475	40	7	0	0	0	47	7	0.14893617021276595
4273	1500	41	2	0	0	0	43	2	0.046511627906976744
4274	1459	42	2	0	0	0	44	2	0.045454545454545456
4275	1480	53	4	0	0	0	57	4	0.07017543859649122
4276	1470	55	1	0	0	0	56	1	0.017857142857142856
4277	1459	49	2	0	0	0	51	2	0.0392156862745098
4278	1495	49	4	0	0	0	53	4	0.07547169811320754
4279	1455	38	4	0	0	0	42	4	0.09523809523809523
428	1507	44	1	0	0	0	45	1	0.022222222222222223
4280	1494	44	2	0	0	0	46	2	0.043478260869565216
4281	1437	30	3	0	0	0	33	3	0.09090909090909091
4282	1478	33	3	0	0	0	36	3	0.08333333333333333
4283	1483	34	1	0	0	0	35	1	0.02857142857142857
4284	1446	42	3	0	0	0	45	3	0.06666666666666667
4285	1476	51	1	0	0	0	52	1	0.019230769230769232
4286	1468	52	1	0	0	0	53	1	0.018867924528301886
4287	1425	52	4	0	0	0	56	4	0.07142857142857142
4288	1492	35	3	1	0	0	39	4	0.10256410256410256
4289	1486	57	3	0	0	0	60	3	0.05
429	1463	48	1	0	0	0	49	1	0.02040816326530612
4290	1469	56	1	0	0	0	57	1	0.017543859649122806
4291	1470	53	0	0	0	0	53	0	0
4292	1462	50	4	0	0	0	54	4	0.07407407407407407
4293	1478	45	4	0	0	0	49	4	0.08163265306122448
4294	1464	52	1	0	0	0	53	1	0.018867924528301886
4295	1492	48	1	0	0	0	49	1	0.02040816326530612
4296	1489	47	4	2	0	0	53	6	0.11320754716981132
4297	1481	57	1	0	0	0	58	1	0.017241379310344827
4298	1508	48	3	0	0	0	51	3	0.058823529411764705
4299	1440	47	3	0	0	0	50	3	0.06
43	1434	41	0	0	0	0	41	0	0
430	1503	54	3	0	0	0	57	3	0.05263157894736842
4300	1448	46	2	0	0	0	48	2	0.041666666666666664
4301	1500	41	0	0	0	0	41	0	0
4302	1465	57	2	0	0	0	59	2	0.03389830508474576
4303	1489	53	4	0	0	0	57	4	0.07017543859649122
4304	1481	35	4	1	0	0	40	5	0.125
4305	1492	41	2	1	0	0	44	3	0.06818181818181818
4306	1473	44	1	0	0	0	45	1	0.022222222222222223
4307	1498	40	1	0	0	0	41	1	0.024390243902439025
4308	1463	38	5	0	0	0	43	5	0.11627906976744186
4309	1470	40	2	0	0	0	42	2	0.047619047619047616
431	1496	52	2	0	0	0	54	2	0.037037037037037035
4310	1456	42	1	0	0	0	43	1	0.023255813953488372
4311	1459	47	2	0	0	0	49	2	0.04081632653061224
4312	1488	57	4	0	0	0	61	4	0.06557377049180328
4313	1429	60	5	0	0	0	65	5	0.07692307692307693
4314	1476	35	2	1	0	0	38	3	0.07894736842105263
4315	1459	41	0	0	0	0	41	0	0
4316	1514	47	3	0	0	0	50	3	0.06
4317	1451	48	3	0	0	0	51	3	0.058823529411764705
4318	1466	39	4	0	0	0	43	4	0.09302325581395349
4319	1499	48	4	0	0	0	52	4	0.07692307692307693
432	1461	41	2	0	0	0	43	2	0.046511627906976744
4320	1462	41	3	0	0	0	44	3	0.06818181818181818
4321	1465	44	3	0	0	0	47	3	0.06382978723404255
4322	1492	36	1	0	0	0	37	1	0.02702702702702703
4323	1470	50	0	0	0	0	50	0	0
4324	1449	55	4	0	0	0	59	4	0.06779661016949153
4325	1478	43	2	0	0	0	45	2	0.044444444444444446
4326	1462	42	3	0	0	0	45	3	0.06666666666666667
4327	1472	43	2	0	0	0	45	2	0.044444444444444446
4328	1454	38	1	0	0	0	39	1	0.02564102564102564
4329	1479	43	1	1	0	0	45	2	0.044444444444444446
433	1445	68	1	0	0	0	69	1	0.014492753623188406
4330	1476	46	3	0	0	0	49	3	0.061224489795918366
4331	1479	56	4	0	0	0	60	4	0.06666666666666667
4332	1489	48	1	0	0	0	49	1	0.02040816326530612
4333	1499	32	3	1	0	0	36	4	0.1111111111111111
4334	1480	55	1	0	0	0	56	1	0.017857142857142856
4335	1484	44	3	1	0	0	48	4	0.08333333333333333
4336	1482	57	2	1	0	0	60	3	0.05
4337	1462	52	2	0	0	0	54	2	0.037037037037037035
4338	1490	52	1	0	0	0	53	1	0.018867924528301886
4339	1468	26	3	0	0	0	29	3	0.10344827586206896
434	1488	40	5	0	0	0	45	5	0.1111111111111111
4340	1485	42	1	0	0	0	43	1	0.023255813953488372
4341	1440	48	0	0	0	0	48	0	0
4342	1457	41	0	0	0	0	41	0	0
4343	1484	50	2	0	0	0	52	2	0.038461538461538464
4344	1510	51	4	0	0	0	55	4	0.07272727272727272
4345	1485	43	3	0	0	0	46	3	0.06521739130434782
4346	1428	47	3	0	0	0	50	3	0.06
4347	1444	65	1	0	0	0	66	1	0.015151515151515152
4348	1496	58	1	0	0	0	59	1	0.01694915254237288
4349	1519	34	1	0	0	0	35	1	0.02857142857142857
435	1478	46	2	0	0	0	48	2	0.041666666666666664
4350	1471	54	2	0	0	0	56	2	0.03571428571428571
4351	1505	56	0	0	1	0	57	1	0.017543859649122806
4352	1455	48	1	0	0	0	49	1	0.02040816326530612
4353	1482	44	2	0	0	0	46	2	0.043478260869565216
4354	1487	49	2	0	0	0	51	2	0.0392156862745098
4355	1454	49	1	0	0	0	50	1	0.02
4356	1456	54	1	0	0	0	55	1	0.01818181818181818
4357	1478	38	3	0	0	0	41	3	0.07317073170731707
4358	1469	41	1	1	0	0	43	2	0.046511627906976744
4359	1456	48	2	0	0	0	50	2	0.04
436	1512	43	1	0	0	0	44	1	0.022727272727272728
4360	1438	47	1	0	0	0	48	1	0.020833333333333332
4361	1465	44	4	0	0	0	48	4	0.08333333333333333
4362	1490	33	3	1	0	0	37	4	0.10810810810810811
4363	1473	45	3	0	0	0	48	3	0.0625
4364	1529	45	3	0	0	0	48	3	0.0625
4365	1479	54	3	0	0	0	57	3	0.05263157894736842
4366	1476	49	1	0	0	0	50	1	0.02
4367	1498	44	3	0	0	0	47	3	0.06382978723404255
4368	1510	36	2	0	0	0	38	2	0.05263157894736842
4369	1508	37	1	0	0	0	38	1	0.02631578947368421
437	1473	41	2	0	0	0	43	2	0.046511627906976744
4370	1482	42	1	0	0	0	43	1	0.023255813953488372
4371	1440	61	2	0	0	0	63	2	0.031746031746031744
4372	1505	43	1	1	0	0	45	2	0.044444444444444446
4373	1478	46	2	0	0	0	48	2	0.041666666666666664
4374	1475	47	5	0	0	0	52	5	0.09615384615384616
4375	1481	53	2	0	0	0	55	2	0.03636363636363636
4376	1435	44	4	0	0	0	48	4	0.08333333333333333
4377	1448	35	3	0	0	0	38	3	0.07894736842105263
4378	1469	43	5	0	0	0	48	5	0.10416666666666667
4379	1443	46	1	0	0	0	47	1	0.02127659574468085
438	1457	36	4	1	0	0	41	5	0.12195121951219512
4380	1490	40	2	0	0	0	42	2	0.047619047619047616
4381	1463	38	1	0	0	0	39	1	0.02564102564102564
4382	1421	52	3	0	0	0	55	3	0.05454545454545454
4383	1466	58	3	0	0	0	61	3	0.04918032786885246
4384	1477	44	1	0	0	0	45	1	0.022222222222222223
4385	1434	50	1	0	0	0	51	1	0.0196078431372549
4386	1474	53	4	0	0	0	57	4	0.07017543859649122
4387	1472	37	0	0	0	0	37	0	0
4388	1497	42	3	0	0	0	45	3	0.06666666666666667
4389	1471	49	2	0	0	0	51	2	0.0392156862745098
439	1472	49	1	0	0	0	50	1	0.02
4390	1488	60	4	0	0	0	64	4	0.0625
4391	1468	43	2	0	0	0	45	2	0.044444444444444446
4392	1471	40	3	0	0	0	43	3	0.06976744186046512
4393	1484	50	3	0	0	0	53	3	0.05660377358490566
4394	1475	43	2	1	0	0	46	3	0.06521739130434782
4395	1462	64	0	0	0	0	64	0	0
4396	1438	49	2	1	0	0	52	3	0.057692307692307696
4397	1525	43	2	0	0	0	45	2	0.044444444444444446
4398	1479	45	2	0	0	0	47	2	0.0425531914893617
4399	1487	40	2	0	0	0	42	2	0.047619047619047616
44	1452	32	0	0	0	0	32	0	0
440	1496	36	1	0	0	0	37	1	0.02702702702702703
4400	1462	38	2	0	0	0	40	2	0.05
4401	1478	46	3	0	0	0	49	3	0.061224489795918366
4402	1474	38	2	0	0	0	40	2	0.05
4403	1441	39	4	0	0	0	43	4	0.09302325581395349
4404	1509	45	5	0	0	0	50	5	0.1
4405	1483	59	2	0	0	0	61	2	0.03278688524590164
4406	1464	50	2	0	0	0	52	2	0.038461538461538464
4407	1462	56	1	0	0	0	57	1	0.017543859649122806
4408	1501	37	2	0	0	0	39	2	0.05128205128205128
4409	1479	53	2	0	0	0	55	2	0.03636363636363636
441	1466	42	2	0	0	0	44	2	0.045454545454545456
4410	1478	47	1	0	0	0	48	1	0.020833333333333332
4411	1483	41	0	0	0	0	41	0	0
4412	1511	41	1	0	0	0	42	1	0.023809523809523808
4413	1475	42	3	0	0	0	45	3	0.06666666666666667
4414	1494	38	4	1	0	0	43	5	0.11627906976744186
4415	1464	43	3	0	0	0	46	3	0.06521739130434782
4416	1501	41	1	0	0	0	42	1	0.023809523809523808
4417	1521	52	0	0	0	0	52	0	0
4418	1484	55	3	0	0	0	58	3	0.05172413793103448
4419	1464	47	2	0	0	0	49	2	0.04081632653061224
442	1455	48	4	0	0	0	52	4	0.07692307692307693
4420	1498	47	3	1	0	0	51	4	0.0784313725490196
4421	1469	54	0	0	0	0	54	0	0
4422	1479	42	6	0	0	0	48	6	0.125
4423	1473	38	3	1	0	0	42	4	0.09523809523809523
4424	1474	37	1	0	0	0	38	1	0.02631578947368421
4425	1487	45	1	0	0	0	46	1	0.021739130434782608
4426	1427	58	2	0	0	0	60	2	0.03333333333333333
4427	1490	38	2	0	0	0	40	2	0.05
4428	1488	42	2	0	0	0	44	2	0.045454545454545456
4429	1472	50	1	0	0	0	51	1	0.0196078431372549
443	1502	43	2	1	0	0	46	3	0.06521739130434782
4430	1461	47	3	0	0	0	50	3	0.06
4431	1454	47	5	1	0	0	53	6	0.11320754716981132
4432	1464	37	1	0	0	0	38	1	0.02631578947368421
4433	1468	52	6	1	0	0	59	7	0.11864406779661017
4434	1471	35	2	1	0	0	38	3	0.07894736842105263
4435	1448	48	1	0	0	0	49	1	0.02040816326530612
4436	1443	52	3	0	0	0	55	3	0.05454545454545454
4437	1438	52	4	0	0	0	56	4	0.07142857142857142
4438	1484	47	3	0	0	0	50	3	0.06
4439	1483	38	6	0	0	0	44	6	0.13636363636363635
444	1435	48	0	0	0	0	48	0	0
4440	1471	43	1	0	0	0	44	1	0.022727272727272728
4441	1479	40	2	0	0	0	42	2	0.047619047619047616
4442	1494	52	2	0	0	0	54	2	0.037037037037037035
4443	1496	43	2	0	0	0	45	2	0.044444444444444446
4444	1471	42	6	0	0	0	48	6	0.125
4445	1478	38	2	0	0	0	40	2	0.05
4446	1479	37	2	0	0	0	39	2	0.05128205128205128
4447	1477	41	0	0	0	0	41	0	0
4448	1494	38	3	0	0	0	41	3	0.07317073170731707
4449	1469	46	2	0	0	0	48	2	0.041666666666666664
445	1488	34	2	0	0	0	36	2	0.05555555555555555
4450	1481	45	2	0	0	0	47	2	0.0425531914893617
4451	1465	44	4	0	0	0	48	4	0.08333333333333333
4452	1474	39	3	0	0	0	42	3	0.07142857142857142
4453	1502	38	2	0	0	0	40	2	0.05
4454	1479	35	0	0	0	0	35	0	0
4455	1469	46	3	0	0	0	49	3	0.061224489795918366
4456	1472	57	4	1	0	0	62	5	0.08064516129032258
4457	1495	55	2	0	0	0	57	2	0.03508771929824561
4458	1476	43	2	0	0	0	45	2	0.044444444444444446
4459	1474	42	5	0	0	0	47	5	0.10638297872340426
446	1453	48	5	0	0	0	53	5	0.09433962264150944
4460	1501	45	3	1	0	0	49	4	0.08163265306122448
4461	1476	39	5	0	0	0	44	5	0.11363636363636363
4462	1486	49	4	0	0	0	53	4	0.07547169811320754
4463	1494	54	3	1	0	0	58	4	0.06896551724137931
4464	1461	42	5	0	0	0	47	5	0.10638297872340426
4465	1456	37	0	0	0	0	37	0	0
4466	1508	54	1	0	0	0	55	1	0.01818181818181818
4467	1462	42	2	0	0	0	44	2	0.045454545454545456
4468	1472	50	2	0	0	0	52	2	0.038461538461538464
4469	1492	50	4	0	0	0	54	4	0.07407407407407407
447	1462	47	1	0	0	0	48	1	0.020833333333333332
4470	1494	53	0	0	0	0	53	0	0
4471	1460	43	1	1	0	0	45	2	0.044444444444444446
4472	1481	35	6	0	0	0	41	6	0.14634146341463414
4473	1477	47	2	0	0	0	49	2	0.04081632653061224
4474	1486	50	4	0	0	0	54	4	0.07407407407407407
4475	1488	56	1	0	0	0	57	1	0.017543859649122806
4476	1483	55	2	0	0	0	57	2	0.03508771929824561
4477	1469	40	3	0	0	0	43	3	0.06976744186046512
4478	1516	46	1	1	0	0	48	2	0.041666666666666664
4479	1453	45	4	0	0	0	49	4	0.08163265306122448
448	1442	54	1	0	0	0	55	1	0.01818181818181818
4480	1448	44	2	0	0	0	46	2	0.043478260869565216
4481	1512	42	4	0	0	0	46	4	0.08695652173913043
4482	1488	48	3	0	0	0	51	3	0.058823529411764705
4483	1461	53	0	0	0	0	53	0	0
4484	1519	51	1	0	0	0	52	1	0.019230769230769232
4485	1513	50	4	0	0	0	54	4	0.07407407407407407
4486	1477	50	1	0	0	0	51	1	0.0196078431372549
4487	1467	42	4	0	0	0	46	4	0.08695652173913043
4488	1449	40	3	0	0	0	43	3	0.06976744186046512
4489	1461	46	4	0	0	0	50	4	0.08
449	1521	60	2	0	0	0	62	2	0.03225806451612903
4490	1464	39	2	0	0	0	41	2	0.04878048780487805
4491	1463	40	3	0	0	0	43	3	0.06976744186046512
4492	1450	57	2	0	0	0	59	2	0.03389830508474576
4493	1498	40	3	0	0	0	43	3	0.06976744186046512
4494	1500	42	3	0	0	0	45	3	0.06666666666666667
4495	1475	39	1	0	0	0	40	1	0.025
4496	1488	42	0	0	0	0	42	0	0
4497	1497	48	4	1	0	0	53	5	0.09433962264150944
4498	1480	42	0	0	0	0	42	0	0
4499	1464	39	1	0	0	0	40	1	0.025
45	1471	61	2	0	0	0	63	2	0.031746031746031744
450	1471	38	4	0	0	0	42	4	0.09523809523809523
4500	1431	42	0	0	0	0	42	0	0
4501	1478	51	5	0	0	0	56	5	0.08928571428571429
4502	1457	49	3	0	0	0	52	3	0.057692307692307696
4503	1484	51	3	0	0	0	54	3	0.05555555555555555
4504	1493	46	2	0	0	0	48	2	0.041666666666666664
4505	1468	48	4	1	0	0	53	5	0.09433962264150944
4506	1500	54	3	0	0	0	57	3	0.05263157894736842
4507	1488	46	0	0	0	0	46	0	0
4508	1440	42	2	1	0	0	45	3	0.06666666666666667
4509	1482	45	1	0	0	0	46	1	0.021739130434782608
451	1465	50	1	0	0	0	51	1	0.0196078431372549
4510	1500	39	3	0	0	0	42	3	0.07142857142857142
4511	1487	43	0	0	0	0	43	0	0
4512	1454	44	5	0	0	0	49	5	0.10204081632653061
4513	1490	45	4	0	0	0	49	4	0.08163265306122448
4514	1475	35	1	0	0	0	36	1	0.027777777777777776
4515	1478	47	0	0	0	0	47	0	0
4516	1471	44	2	0	0	0	46	2	0.043478260869565216
4517	1491	39	3	1	0	0	43	4	0.09302325581395349
4518	1453	53	5	0	0	0	58	5	0.08620689655172414
4519	1490	58	2	0	0	0	60	2	0.03333333333333333
452	1451	47	3	0	0	0	50	3	0.06
4520	1467	48	2	0	0	0	50	2	0.04
4521	1483	50	3	0	0	0	53	3	0.05660377358490566
4522	1447	42	1	0	0	0	43	1	0.023255813953488372
4523	1494	40	0	1	0	0	41	1	0.024390243902439025
4524	1501	40	1	1	0	0	42	2	0.047619047619047616
4525	1460	46	3	0	0	0	49	3	0.061224489795918366
4526	1463	57	3	0	0	0	60	3	0.05
4527	1466	48	7	0	0	0	55	7	0.12727272727272726
4528	1460	49	3	0	0	0	52	3	0.057692307692307696
4529	1449	41	2	1	0	0	44	3	0.06818181818181818
453	1488	43	2	0	0	0	45	2	0.044444444444444446
4530	1462	52	3	0	0	0	55	3	0.05454545454545454
4531	1479	48	1	0	0	0	49	1	0.02040816326530612
4532	1461	54	4	0	0	0	58	4	0.06896551724137931
4533	1455	37	1	0	0	0	38	1	0.02631578947368421
4534	1477	38	1	0	0	0	39	1	0.02564102564102564
4535	1496	46	6	0	0	0	52	6	0.11538461538461539
4536	1455	48	5	0	0	0	53	5	0.09433962264150944
4537	1453	45	3	0	0	0	48	3	0.0625
4538	1456	49	1	0	0	0	50	1	0.02
4539	1460	38	2	0	0	0	40	2	0.05
454	1452	42	5	0	0	0	47	5	0.10638297872340426
4540	1476	41	6	0	0	0	47	6	0.1276595744680851
4541	1510	39	2	0	0	0	41	2	0.04878048780487805
4542	1469	54	0	0	0	0	54	0	0
4543	1463	40	0	0	0	0	40	0	0
4544	1450	54	1	0	0	0	55	1	0.01818181818181818
4545	1479	53	1	0	0	0	54	1	0.018518518518518517
4546	1484	39	5	0	0	0	44	5	0.11363636363636363
4547	1474	69	2	0	0	0	71	2	0.028169014084507043
4548	1474	44	1	0	0	0	45	1	0.022222222222222223
4549	1474	53	1	0	0	0	54	1	0.018518518518518517
455	1490	46	2	0	0	0	48	2	0.041666666666666664
4550	1487	46	9	0	0	0	55	9	0.16363636363636364
4551	1481	46	2	0	0	0	48	2	0.041666666666666664
4552	1476	39	3	0	0	0	42	3	0.07142857142857142
4553	1477	46	2	0	0	0	48	2	0.041666666666666664
4554	1484	55	6	0	0	0	61	6	0.09836065573770492
4555	1488	46	2	0	0	0	48	2	0.041666666666666664
4556	1465	42	3	0	0	0	45	3	0.06666666666666667
4557	1481	40	3	1	0	0	44	4	0.09090909090909091
4558	1476	39	3	0	0	0	42	3	0.07142857142857142
4559	1503	37	2	0	0	0	39	2	0.05128205128205128
456	1498	44	0	0	0	0	44	0	0
4560	1463	43	1	0	0	0	44	1	0.022727272727272728
4561	1443	49	0	0	0	0	49	0	0
4562	1487	40	2	0	0	0	42	2	0.047619047619047616
4563	1467	50	0	0	0	0	50	0	0
4564	1468	57	4	0	0	0	61	4	0.06557377049180328
4565	1510	45	4	0	0	0	49	4	0.08163265306122448
4566	1463	55	2	1	0	0	58	3	0.05172413793103448
4567	1491	42	3	0	0	0	45	3	0.06666666666666667
4568	1488	33	3	0	0	0	36	3	0.08333333333333333
4569	1456	46	2	0	0	0	48	2	0.041666666666666664
457	1463	44	2	0	0	0	46	2	0.043478260869565216
4570	1460	53	3	0	0	0	56	3	0.05357142857142857
4571	1451	52	3	0	0	0	55	3	0.05454545454545454
4572	1465	41	3	0	0	0	44	3	0.06818181818181818
4573	1487	54	5	0	0	0	59	5	0.0847457627118644
4574	1472	42	2	0	0	0	44	2	0.045454545454545456
4575	1476	52	1	0	0	0	53	1	0.018867924528301886
4576	1464	51	1	0	0	0	52	1	0.019230769230769232
4577	1460	40	3	0	0	0	43	3	0.06976744186046512
4578	1464	41	5	0	0	0	46	5	0.10869565217391304
4579	1499	39	1	0	1	0	41	2	0.04878048780487805
458	1448	46	3	0	0	0	49	3	0.061224489795918366
4580	1487	39	2	0	0	0	41	2	0.04878048780487805
4581	1443	43	4	0	0	0	47	4	0.0851063829787234
4582	1480	38	1	0	0	0	39	1	0.02564102564102564
4583	1485	44	5	0	0	0	49	5	0.10204081632653061
4584	1451	35	2	0	0	0	37	2	0.05405405405405406
4585	1456	35	0	0	0	0	35	0	0
4586	1456	46	3	0	0	0	49	3	0.061224489795918366
4587	1493	39	1	0	0	0	40	1	0.025
4588	1473	49	5	0	0	0	54	5	0.09259259259259259
4589	1494	48	3	0	0	0	51	3	0.058823529411764705
459	1519	37	1	0	0	0	38	1	0.02631578947368421
4590	1471	42	2	0	0	0	44	2	0.045454545454545456
4591	1468	50	5	1	0	0	56	6	0.10714285714285714
4592	1479	46	2	0	0	0	48	2	0.041666666666666664
4593	1472	56	1	0	0	0	57	1	0.017543859649122806
4594	1504	45	2	0	0	0	47	2	0.0425531914893617
4595	1463	53	5	0	0	0	58	5	0.08620689655172414
4596	1500	59	3	0	0	0	62	3	0.04838709677419355
4597	1503	48	0	0	0	0	48	0	0
4598	1464	49	5	0	0	0	54	5	0.09259259259259259
4599	1460	58	4	0	0	0	62	4	0.06451612903225806
46	1481	44	1	1	0	0	46	2	0.043478260869565216
460	1483	44	2	0	0	0	46	2	0.043478260869565216
4600	1435	43	3	0	0	0	46	3	0.06521739130434782
4601	1468	50	4	0	0	0	54	4	0.07407407407407407
4602	1449	51	1	0	1	0	53	2	0.03773584905660377
4603	1496	40	2	0	0	0	42	2	0.047619047619047616
4604	1471	45	3	0	0	0	48	3	0.0625
4605	1465	45	2	1	0	0	48	3	0.0625
4606	1486	51	4	1	0	0	56	5	0.08928571428571429
4607	1490	43	0	0	0	0	43	0	0
4608	1482	47	2	0	0	0	49	2	0.04081632653061224
4609	1436	46	1	1	0	0	48	2	0.041666666666666664
461	1479	43	2	1	0	0	46	3	0.06521739130434782
4610	1485	44	3	0	0	0	47	3	0.06382978723404255
4611	1463	40	2	0	0	0	42	2	0.047619047619047616
4612	1491	50	1	0	0	0	51	1	0.0196078431372549
4613	1481	50	3	0	0	0	53	3	0.05660377358490566
4614	1457	56	1	0	0	0	57	1	0.017543859649122806
4615	1460	54	1	1	0	0	56	2	0.03571428571428571
4616	1484	46	2	1	0	0	49	3	0.061224489795918366
4617	1485	44	4	0	0	0	48	4	0.08333333333333333
4618	1489	44	1	0	0	0	45	1	0.022222222222222223
4619	1489	53	2	0	0	0	55	2	0.03636363636363636
462	1454	46	2	0	0	0	48	2	0.041666666666666664
4620	1449	42	4	1	0	0	47	5	0.10638297872340426
4621	1487	44	2	0	0	0	46	2	0.043478260869565216
4622	1503	48	2	0	0	0	50	2	0.04
4623	1471	51	0	0	0	0	51	0	0
4624	1488	48	2	0	0	0	50	2	0.04
4625	1453	45	3	0	0	0	48	3	0.0625
4626	1475	49	2	0	0	0	51	2	0.0392156862745098
4627	1453	42	0	0	0	0	42	0	0
4628	1460	39	2	0	0	0	41	2	0.04878048780487805
4629	1472	48	1	0	0	0	49	1	0.02040816326530612
463	1435	53	0	0	0	0	53	0	0
4630	1471	51	2	0	0	0	53	2	0.03773584905660377
4631	1455	44	1	0	0	0	45	1	0.022222222222222223
4632	1466	47	8	0	0	0	55	8	0.14545454545454545
4633	1467	44	1	0	0	0	45	1	0.022222222222222223
4634	1476	46	1	0	0	0	47	1	0.02127659574468085
4635	1493	44	3	0	0	0	47	3	0.06382978723404255
4636	1461	45	3	0	0	0	48	3	0.0625
4637	1495	48	2	0	0	0	50	2	0.04
4638	1486	39	4	1	0	0	44	5	0.11363636363636363
4639	1491	34	2	0	0	0	36	2	0.05555555555555555
464	1509	43	1	0	0	0	44	1	0.022727272727272728
4640	1488	39	7	0	0	0	46	7	0.15217391304347827
4641	1490	39	3	0	0	0	42	3	0.07142857142857142
4642	1495	59	3	0	0	0	62	3	0.04838709677419355
4643	1447	45	1	0	0	0	46	1	0.021739130434782608
4644	1488	53	4	0	0	0	57	4	0.07017543859649122
4645	1481	56	2	0	0	0	58	2	0.034482758620689655
4646	1436	39	6	0	0	0	45	6	0.13333333333333333
4647	1437	51	2	0	0	0	53	2	0.03773584905660377
4648	1488	49	2	0	0	0	51	2	0.0392156862745098
4649	1464	54	0	0	0	0	54	0	0
465	1452	57	3	0	0	0	60	3	0.05
4650	1482	44	2	0	0	0	46	2	0.043478260869565216
4651	1459	42	1	0	0	0	43	1	0.023255813953488372
4652	1476	52	2	0	0	0	54	2	0.037037037037037035
4653	1485	53	4	0	0	0	57	4	0.07017543859649122
4654	1484	39	3	0	0	0	42	3	0.07142857142857142
4655	1470	47	2	0	0	0	49	2	0.04081632653061224
4656	1472	47	3	0	0	0	50	3	0.06
4657	1489	46	4	0	0	0	50	4	0.08
4658	1439	48	1	0	0	0	49	1	0.02040816326530612
4659	1448	43	0	0	0	0	43	0	0
466	1506	52	1	0	0	0	53	1	0.018867924528301886
4660	1490	53	2	0	0	0	55	2	0.03636363636363636
4661	1486	46	4	0	0	0	50	4	0.08
4662	1468	42	3	0	0	0	45	3	0.06666666666666667
4663	1466	45	4	0	0	0	49	4	0.08163265306122448
4664	1461	38	1	0	0	0	39	1	0.02564102564102564
4665	1459	53	4	0	0	0	57	4	0.07017543859649122
4666	1450	45	3	0	0	0	48	3	0.0625
4667	1484	30	6	0	0	0	36	6	0.16666666666666666
4668	1449	36	5	0	0	0	41	5	0.12195121951219512
4669	1473	50	4	0	0	0	54	4	0.07407407407407407
467	1444	62	1	0	0	0	63	1	0.015873015873015872
4670	1462	62	6	0	0	0	68	6	0.08823529411764706
4671	1462	51	5	0	0	0	56	5	0.08928571428571429
4672	1463	43	4	0	0	0	47	4	0.0851063829787234
4673	1458	47	2	0	0	0	49	2	0.04081632653061224
4674	1478	41	4	0	0	0	45	4	0.08888888888888889
4675	1442	46	5	0	0	0	51	5	0.09803921568627451
4676	1465	43	3	0	0	0	46	3	0.06521739130434782
4677	1481	28	2	0	0	0	30	2	0.06666666666666667
4678	1461	35	2	0	0	0	37	2	0.05405405405405406
4679	1512	40	1	0	0	0	41	1	0.024390243902439025
468	1491	55	1	0	0	0	56	1	0.017857142857142856
4680	1482	49	3	0	0	0	52	3	0.057692307692307696
4681	1453	44	2	0	0	0	46	2	0.043478260869565216
4682	1483	46	3	0	0	0	49	3	0.061224489795918366
4683	1463	53	2	0	0	0	55	2	0.03636363636363636
4684	1448	38	3	0	0	0	41	3	0.07317073170731707
4685	1446	48	3	0	0	0	51	3	0.058823529411764705
4686	1476	58	2	0	0	0	60	2	0.03333333333333333
4687	1482	41	2	0	0	0	43	2	0.046511627906976744
4688	1451	42	5	0	0	0	47	5	0.10638297872340426
4689	1496	62	3	0	0	0	65	3	0.046153846153846156
469	1464	43	0	0	0	0	43	0	0
4690	1493	33	6	0	0	0	39	6	0.15384615384615385
4691	1487	52	5	1	0	0	58	6	0.10344827586206896
4692	1497	44	1	0	0	0	45	1	0.022222222222222223
4693	1494	37	6	0	0	0	43	6	0.13953488372093023
4694	1453	35	4	0	0	0	39	4	0.10256410256410256
4695	1459	48	2	0	0	0	50	2	0.04
4696	1463	45	3	0	0	0	48	3	0.0625
4697	1459	46	4	0	0	0	50	4	0.08
4698	1488	38	1	0	0	0	39	1	0.02564102564102564
4699	1460	54	4	0	0	0	58	4	0.06896551724137931
47	1487	43	2	1	0	0	46	3	0.06521739130434782
470	1498	31	2	0	0	0	33	2	0.06060606060606061
4700	1466	52	0	1	0	0	53	1	0.018867924528301886
4701	1476	38	3	0	0	0	41	3	0.07317073170731707
4702	1477	44	1	0	0	0	45	1	0.022222222222222223
4703	1478	55	2	1	0	0	58	3	0.05172413793103448
4704	1498	53	1	1	0	0	55	2	0.03636363636363636
4705	1518	43	2	0	0	0	45	2	0.044444444444444446
4706	1489	47	5	1	0	0	53	6	0.11320754716981132
4707	1439	31	5	0	0	0	36	5	0.1388888888888889
4708	1475	38	3	0	0	0	41	3	0.07317073170731707
4709	1461	48	3	0	0	0	51	3	0.058823529411764705
471	1482	38	0	0	0	0	38	0	0
4710	1463	38	1	0	0	0	39	1	0.02564102564102564
4711	1502	49	0	0	0	0	49	0	0
4712	1453	47	0	0	0	0	47	0	0
4713	1448	40	2	0	0	0	42	2	0.047619047619047616
4714	1484	52	3	0	0	0	55	3	0.05454545454545454
4715	1470	50	3	0	0	0	53	3	0.05660377358490566
4716	1456	46	4	1	0	0	51	5	0.09803921568627451
4717	1461	48	5	0	0	0	53	5	0.09433962264150944
4718	1463	49	2	0	0	0	51	2	0.0392156862745098
4719	1472	44	1	0	0	0	45	1	0.022222222222222223
472	1490	42	1	0	0	0	43	1	0.023255813953488372
4720	1471	39	2	1	0	0	42	3	0.07142857142857142
4721	1449	42	1	0	0	0	43	1	0.023255813953488372
4722	1492	53	2	0	0	0	55	2	0.03636363636363636
4723	1473	55	3	0	0	0	58	3	0.05172413793103448
4724	1503	38	2	0	0	0	40	2	0.05
4725	1488	58	0	0	0	0	58	0	0
4726	1450	51	6	0	0	0	57	6	0.10526315789473684
4727	1500	36	4	0	0	0	40	4	0.1
4728	1469	51	3	0	0	0	54	3	0.05555555555555555
4729	1461	34	3	0	0	0	37	3	0.08108108108108109
473	1478	40	1	0	0	0	41	1	0.024390243902439025
4730	1507	40	0	0	0	0	40	0	0
4731	1444	50	5	0	0	0	55	5	0.09090909090909091
4732	1487	44	2	1	0	0	47	3	0.06382978723404255
4733	1451	42	3	0	0	0	45	3	0.06666666666666667
4734	1464	44	3	0	0	0	47	3	0.06382978723404255
4735	1494	52	2	0	0	0	54	2	0.037037037037037035
4736	1458	50	3	0	0	0	53	3	0.05660377358490566
4737	1498	38	6	0	0	0	44	6	0.13636363636363635
4738	1440	53	0	0	0	0	53	0	0
4739	1487	31	3	0	0	0	34	3	0.08823529411764706
474	1463	59	2	0	0	0	61	2	0.03278688524590164
4740	1432	38	4	0	0	0	42	4	0.09523809523809523
4741	1490	43	1	0	0	0	44	1	0.022727272727272728
4742	1488	51	1	0	0	0	52	1	0.019230769230769232
4743	1449	50	2	0	0	0	52	2	0.038461538461538464
4744	1480	42	1	0	0	0	43	1	0.023255813953488372
4745	1481	55	3	0	0	0	58	3	0.05172413793103448
4746	1477	50	2	0	0	0	52	2	0.038461538461538464
4747	1467	51	1	0	0	0	52	1	0.019230769230769232
4748	1473	48	2	0	0	0	50	2	0.04
4749	1504	44	2	1	0	0	47	3	0.06382978723404255
475	1453	36	2	0	0	0	38	2	0.05263157894736842
4750	1473	45	3	0	1	0	49	4	0.08163265306122448
4751	1480	48	4	0	0	0	52	4	0.07692307692307693
4752	1482	38	1	0	0	0	39	1	0.02564102564102564
4753	1468	50	1	0	0	0	51	1	0.0196078431372549
4754	1487	54	2	0	0	0	56	2	0.03571428571428571
4755	1440	39	3	0	0	0	42	3	0.07142857142857142
4756	1466	44	0	0	0	0	44	0	0
4757	1489	44	7	1	0	0	52	8	0.15384615384615385
4758	1487	43	2	1	0	0	46	3	0.06521739130434782
4759	1486	51	4	1	0	0	56	5	0.08928571428571429
476	1478	42	2	0	0	0	44	2	0.045454545454545456
4760	1487	34	1	0	0	0	35	1	0.02857142857142857
4761	1441	42	1	0	0	0	43	1	0.023255813953488372
4762	1471	68	2	1	0	0	71	3	0.04225352112676056
4763	1475	50	4	0	0	0	54	4	0.07407407407407407
4764	1471	49	4	0	0	0	53	4	0.07547169811320754
4765	1482	51	2	0	0	0	53	2	0.03773584905660377
4766	1486	45	1	0	0	0	46	1	0.021739130434782608
4767	1469	57	1	0	0	0	58	1	0.017241379310344827
4768	1465	34	2	0	0	0	36	2	0.05555555555555555
4769	1462	55	1	0	0	0	56	1	0.017857142857142856
477	1481	48	2	0	0	0	50	2	0.04
4770	1462	51	2	1	0	0	54	3	0.05555555555555555
4771	1493	41	1	0	0	0	42	1	0.023809523809523808
4772	1487	40	5	0	0	0	45	5	0.1111111111111111
4773	1447	44	2	0	0	0	46	2	0.043478260869565216
4774	1480	53	6	0	0	0	59	6	0.1016949152542373
4775	1489	27	2	1	0	0	30	3	0.1
4776	1489	50	5	0	0	0	55	5	0.09090909090909091
4777	1468	43	2	0	0	0	45	2	0.044444444444444446
4778	1468	49	2	0	0	0	51	2	0.0392156862745098
4779	1482	34	2	0	0	0	36	2	0.05555555555555555
478	1498	40	4	0	0	0	44	4	0.09090909090909091
4780	1467	52	4	0	0	0	56	4	0.07142857142857142
4781	1460	51	1	0	0	0	52	1	0.019230769230769232
4782	1466	47	2	0	0	0	49	2	0.04081632653061224
4783	1478	45	2	0	0	0	47	2	0.0425531914893617
4784	1444	32	4	0	0	0	36	4	0.1111111111111111
4785	1467	48	1	0	0	0	49	1	0.02040816326530612
4786	1501	53	1	0	0	0	54	1	0.018518518518518517
4787	1490	49	2	0	0	0	51	2	0.0392156862745098
4788	1449	52	1	0	0	0	53	1	0.018867924528301886
4789	1451	43	1	0	0	0	44	1	0.022727272727272728
479	1490	41	1	0	0	0	42	1	0.023809523809523808
4790	1483	49	2	1	0	0	52	3	0.057692307692307696
4791	1483	48	3	0	0	0	51	3	0.058823529411764705
4792	1460	52	4	0	0	0	56	4	0.07142857142857142
4793	1518	44	3	0	0	0	47	3	0.06382978723404255
4794	1471	30	0	1	0	0	31	1	0.03225806451612903
4795	1503	49	0	0	0	0	49	0	0
4796	1459	55	2	0	0	0	57	2	0.03508771929824561
4797	1495	47	0	0	0	0	47	0	0
4798	1487	39	0	0	0	0	39	0	0
4799	1460	44	2	0	0	0	46	2	0.043478260869565216
48	1474	48	3	0	0	0	51	3	0.058823529411764705
480	1465	48	3	0	0	0	51	3	0.058823529411764705
4800	1484	36	1	0	0	0	37	1	0.02702702702702703
4801	1492	47	0	0	0	0	47	0	0
4802	1454	32	2	0	0	0	34	2	0.058823529411764705
4803	1497	52	4	0	0	0	56	4	0.07142857142857142
4804	1472	53	1	0	0	0	54	1	0.018518518518518517
4805	1475	51	2	0	0	0	53	2	0.03773584905660377
4806	1459	47	4	0	0	0	51	4	0.0784313725490196
4807	1453	42	0	0	0	0	42	0	0
4808	1475	49	1	0	0	0	50	1	0.02
4809	1472	47	7	0	0	0	54	7	0.12962962962962962
481	1492	40	2	0	0	0	42	2	0.047619047619047616
4810	1483	54	3	0	0	0	57	3	0.05263157894736842
4811	1460	43	2	0	0	0	45	2	0.044444444444444446
4812	1485	51	5	0	0	0	56	5	0.08928571428571429
4813	1457	52	5	0	0	0	57	5	0.08771929824561403
4814	1475	49	1	0	0	0	50	1	0.02
4815	1446	54	3	0	0	0	57	3	0.05263157894736842
4816	1478	51	6	0	0	0	57	6	0.10526315789473684
4817	1468	54	2	0	0	0	56	2	0.03571428571428571
4818	1449	37	0	0	0	0	37	0	0
4819	1474	39	3	0	0	0	42	3	0.07142857142857142
482	1455	39	3	1	0	0	43	4	0.09302325581395349
4820	1453	43	0	0	0	0	43	0	0
4821	1444	45	4	0	0	0	49	4	0.08163265306122448
4822	1480	52	3	0	0	0	55	3	0.05454545454545454
4823	1483	50	1	0	0	0	51	1	0.0196078431372549
4824	1480	41	1	0	0	0	42	1	0.023809523809523808
4825	1448	40	3	0	0	0	43	3	0.06976744186046512
4826	1471	44	5	0	0	0	49	5	0.10204081632653061
4827	1485	48	2	0	0	0	50	2	0.04
4828	1470	42	1	0	0	0	43	1	0.023255813953488372
4829	1452	43	5	0	0	0	48	5	0.10416666666666667
483	1486	44	1	0	0	0	45	1	0.022222222222222223
4830	1492	43	1	0	0	0	44	1	0.022727272727272728
4831	1498	44	3	0	0	0	47	3	0.06382978723404255
4832	1490	47	1	0	0	0	48	1	0.020833333333333332
4833	1481	45	3	0	0	0	48	3	0.0625
4834	1442	49	2	1	0	0	52	3	0.057692307692307696
4835	1495	41	1	0	0	0	42	1	0.023809523809523808
4836	1477	44	1	0	0	0	45	1	0.022222222222222223
4837	1446	45	3	1	0	0	49	4	0.08163265306122448
4838	1481	51	2	0	0	0	53	2	0.03773584905660377
4839	1473	44	1	0	0	0	45	1	0.022222222222222223
484	1495	41	0	1	0	0	42	1	0.023809523809523808
4840	1457	50	2	0	0	0	52	2	0.038461538461538464
4841	1471	34	1	0	0	0	35	1	0.02857142857142857
4842	1439	52	2	0	0	0	54	2	0.037037037037037035
4843	1471	42	0	0	0	0	42	0	0
4844	1442	53	5	0	0	0	58	5	0.08620689655172414
4845	1452	49	4	0	0	0	53	4	0.07547169811320754
4846	1473	44	4	0	0	0	48	4	0.08333333333333333
4847	1472	44	4	0	0	0	48	4	0.08333333333333333
4848	1474	39	3	0	0	0	42	3	0.07142857142857142
4849	1456	48	5	0	0	0	53	5	0.09433962264150944
485	1453	57	1	0	0	0	58	1	0.017241379310344827
4850	1443	55	2	0	0	0	57	2	0.03508771929824561
4851	1468	48	1	0	0	0	49	1	0.02040816326530612
4852	1457	40	2	0	0	0	42	2	0.047619047619047616
4853	1480	49	6	0	0	0	55	6	0.10909090909090909
4854	1453	48	5	1	0	0	54	6	0.1111111111111111
4855	1451	47	1	0	0	0	48	1	0.020833333333333332
4856	1477	52	4	0	0	0	56	4	0.07142857142857142
4857	1486	46	1	0	0	0	47	1	0.02127659574468085
4858	1496	61	4	0	0	0	65	4	0.06153846153846154
4859	1467	63	1	0	0	0	64	1	0.015625
486	1490	43	5	0	0	0	48	5	0.10416666666666667
4860	1467	51	2	0	0	0	53	2	0.03773584905660377
4861	1444	51	5	0	0	0	56	5	0.08928571428571429
4862	1489	45	3	0	0	0	48	3	0.0625
4863	1462	57	2	0	0	0	59	2	0.03389830508474576
4864	1435	42	6	0	0	0	48	6	0.125
4865	1455	36	1	0	0	0	37	1	0.02702702702702703
4866	1494	47	1	0	0	0	48	1	0.020833333333333332
4867	1484	35	2	0	0	0	37	2	0.05405405405405406
4868	1485	42	3	0	0	0	45	3	0.06666666666666667
4869	1474	50	2	0	0	0	52	2	0.038461538461538464
487	1474	44	2	0	0	0	46	2	0.043478260869565216
4870	1468	42	2	0	0	0	44	2	0.045454545454545456
4871	1462	47	3	0	0	0	50	3	0.06
4872	1478	38	2	0	0	0	40	2	0.05
4873	1455	55	2	0	0	0	57	2	0.03508771929824561
4874	1456	56	0	1	0	0	57	1	0.017543859649122806
4875	1454	42	1	0	0	0	43	1	0.023255813953488372
4876	1473	38	4	0	0	0	42	4	0.09523809523809523
4877	1463	46	2	0	0	0	48	2	0.041666666666666664
4878	1496	44	4	0	0	0	48	4	0.08333333333333333
4879	1485	42	2	0	0	0	44	2	0.045454545454545456
488	1516	37	2	0	0	0	39	2	0.05128205128205128
4880	1423	33	3	0	0	0	36	3	0.08333333333333333
4881	1443	41	0	0	0	0	41	0	0
4882	1468	46	3	0	0	0	49	3	0.061224489795918366
4883	1460	48	1	0	0	0	49	1	0.02040816326530612
4884	1446	48	1	0	0	0	49	1	0.02040816326530612
4885	1476	50	4	0	0	0	54	4	0.07407407407407407
4886	1465	42	5	0	0	0	47	5	0.10638297872340426
4887	1470	43	0	0	0	0	43	0	0
4888	1469	37	4	0	0	0	41	4	0.0975609756097561
4889	1470	45	2	0	0	0	47	2	0.0425531914893617
489	1467	49	4	0	0	0	53	4	0.07547169811320754
4890	1476	34	1	0	0	0	35	1	0.02857142857142857
4891	1458	42	1	0	0	0	43	1	0.023255813953488372
4892	1447	48	1	0	0	0	49	1	0.02040816326530612
4893	1457	44	2	0	0	0	46	2	0.043478260869565216
4894	1464	39	0	0	0	0	39	0	0
4895	1455	41	3	0	0	0	44	3	0.06818181818181818
4896	1468	45	4	1	0	0	50	5	0.1
4897	1446	43	2	0	0	0	45	2	0.044444444444444446
4898	1500	50	2	0	0	0	52	2	0.038461538461538464
4899	1432	41	0	0	0	0	41	0	0
49	1486	38	5	0	0	0	43	5	0.11627906976744186
490	1473	48	5	0	0	0	53	5	0.09433962264150944
4900	1499	45	2	1	0	0	48	3	0.0625
4901	1478	43	3	0	0	0	46	3	0.06521739130434782
4902	1478	51	5	1	0	0	57	6	0.10526315789473684
4903	1494	45	4	0	0	0	49	4	0.08163265306122448
4904	1466	50	1	0	0	0	51	1	0.0196078431372549
4905	1471	46	4	0	0	0	50	4	0.08
4906	1488	46	2	0	0	0	48	2	0.041666666666666664
4907	1454	36	2	0	0	0	38	2	0.05263157894736842
4908	1479	44	1	0	0	0	45	1	0.022222222222222223
4909	1496	42	4	0	0	0	46	4	0.08695652173913043
491	1458	43	1	0	0	0	44	1	0.022727272727272728
4910	1440	51	3	0	0	0	54	3	0.05555555555555555
4911	1507	45	2	0	0	0	47	2	0.0425531914893617
4912	1446	51	3	0	0	0	54	3	0.05555555555555555
4913	1480	52	1	0	0	0	53	1	0.018867924528301886
4914	1482	44	2	0	0	0	46	2	0.043478260869565216
4915	1466	42	4	0	0	0	46	4	0.08695652173913043
4916	1489	50	2	0	0	0	52	2	0.038461538461538464
4917	1514	46	2	0	0	0	48	2	0.041666666666666664
4918	1474	47	3	0	0	0	50	3	0.06
4919	1477	52	2	0	0	0	54	2	0.037037037037037035
492	1483	42	3	0	0	0	45	3	0.06666666666666667
4920	1489	30	5	0	0	0	35	5	0.14285714285714285
4921	1483	49	0	0	0	0	49	0	0
4922	1491	47	2	0	0	0	49	2	0.04081632653061224
4923	1507	49	1	0	0	0	50	1	0.02
4924	1468	53	3	0	0	0	56	3	0.05357142857142857
4925	1477	52	1	0	0	0	53	1	0.018867924528301886
4926	1439	42	6	0	0	0	48	6	0.125
4927	1452	48	3	0	0	0	51	3	0.058823529411764705
4928	1496	47	5	1	0	0	53	6	0.11320754716981132
4929	1487	44	1	1	0	0	46	2	0.043478260869565216
493	1519	43	2	0	0	0	45	2	0.044444444444444446
4930	1465	44	2	0	0	0	46	2	0.043478260869565216
4931	1486	55	1	0	0	0	56	1	0.017857142857142856
4932	1484	49	6	0	0	0	55	6	0.10909090909090909
4933	1513	33	1	0	0	0	34	1	0.029411764705882353
4934	1458	51	3	0	0	0	54	3	0.05555555555555555
4935	1479	40	4	0	0	0	44	4	0.09090909090909091
4936	1457	48	1	0	0	0	49	1	0.02040816326530612
4937	1495	50	1	0	0	0	51	1	0.0196078431372549
4938	1463	48	4	0	0	0	52	4	0.07692307692307693
4939	1485	28	1	0	0	0	29	1	0.034482758620689655
494	1480	48	3	0	0	0	51	3	0.058823529411764705
4940	1522	32	3	0	0	0	35	3	0.08571428571428572
4941	1492	46	4	0	0	0	50	4	0.08
4942	1472	55	4	0	0	0	59	4	0.06779661016949153
4943	1468	46	1	0	0	0	47	1	0.02127659574468085
4944	1507	44	1	0	0	0	45	1	0.022222222222222223
4945	1474	58	3	0	0	0	61	3	0.04918032786885246
4946	1466	29	3	1	0	0	33	4	0.12121212121212122
4947	1459	41	4	0	0	0	45	4	0.08888888888888889
4948	1451	47	0	0	0	0	47	0	0
4949	1455	40	2	0	0	0	42	2	0.047619047619047616
495	1461	37	2	0	0	0	39	2	0.05128205128205128
4950	1464	52	4	1	0	0	57	5	0.08771929824561403
4951	1481	38	2	0	0	0	40	2	0.05
4952	1449	43	2	1	0	0	46	3	0.06521739130434782
4953	1458	39	2	0	0	0	41	2	0.04878048780487805
4954	1490	49	4	0	0	0	53	4	0.07547169811320754
4955	1470	46	3	0	0	0	49	3	0.061224489795918366
4956	1463	46	2	0	0	0	48	2	0.041666666666666664
4957	1480	37	2	0	0	0	39	2	0.05128205128205128
4958	1460	46	0	0	0	0	46	0	0
4959	1460	43	4	0	0	0	47	4	0.0851063829787234
496	1453	48	4	0	0	0	52	4	0.07692307692307693
4960	1479	38	3	0	0	0	41	3	0.07317073170731707
4961	1487	45	4	1	0	0	50	5	0.1
4962	1491	40	1	0	0	0	41	1	0.024390243902439025
4963	1489	43	1	0	0	0	44	1	0.022727272727272728
4964	1484	48	2	0	0	0	50	2	0.04
4965	1457	49	1	0	0	0	50	1	0.02
4966	1451	45	5	0	0	0	50	5	0.1
4967	1482	39	6	0	0	0	45	6	0.13333333333333333
4968	1457	47	2	0	0	0	49	2	0.04081632653061224
4969	1460	56	3	0	0	0	59	3	0.05084745762711865
497	1479	42	2	0	0	0	44	2	0.045454545454545456
4970	1508	54	2	0	0	0	56	2	0.03571428571428571
4971	1459	39	0	0	0	0	39	0	0
4972	1469	34	3	0	0	0	37	3	0.08108108108108109
4973	1465	47	2	0	0	0	49	2	0.04081632653061224
4974	1450	47	3	0	0	0	50	3	0.06
4975	1503	51	4	0	0	0	55	4	0.07272727272727272
4976	1510	47	1	0	0	0	48	1	0.020833333333333332
4977	1443	44	3	0	0	0	47	3	0.06382978723404255
4978	1492	47	4	0	0	0	51	4	0.0784313725490196
4979	1506	40	3	0	0	0	43	3	0.06976744186046512
498	1481	46	3	0	0	0	49	3	0.061224489795918366
4980	1453	42	3	0	0	0	45	3	0.06666666666666667
4981	1490	56	0	0	0	0	56	0	0
4982	1459	46	1	0	0	0	47	1	0.02127659574468085
4983	1450	50	2	0	0	0	52	2	0.038461538461538464
4984	1483	46	2	0	0	0	48	2	0.041666666666666664
4985	1464	48	1	0	0	0	49	1	0.02040816326530612
4986	1491	36	3	0	0	0	39	3	0.07692307692307693
4987	1487	45	2	1	0	0	48	3	0.0625
4988	1483	35	0	0	0	0	35	0	0
4989	1466	54	2	0	0	0	56	2	0.03571428571428571
499	1491	33	3	0	0	0	36	3	0.08333333333333333
4990	1449	35	4	0	0	0	39	4	0.10256410256410256
4991	1456	49	3	0	0	0	52	3	0.057692307692307696
4992	1507	48	4	0	0	0	52	4	0.07692307692307693
4993	1467	40	2	0	0	0	42	2	0.047619047619047616
4994	1462	45	2	0	0	0	47	2	0.0425531914893617
4995	1457	44	1	0	0	0	45	1	0.022222222222222223
4996	1462	39	1	0	0	0	40	1	0.025
4997	1455	58	2	0	0	0	60	2	0.03333333333333333
4998	1484	42	1	0	0	0	43	1	0.023255813953488372
4999	1467	40	3	0	0	0	43	3	0.06976744186046512
5	1485	47	1	0	0	0	48	1	0.020833333333333332
50	1468	48	3	0	0	0	51	3	0.058823529411764705
500	1447	54	1	0	0	0	55	1	0.01818181818181818
5000	1474	59	6	0	0	0	65	6	0.09230769230769231
5001	1491	51	3	0	0	0	54	3	0.05555555555555555
5002	1465	51	1	0	0	0	52	1	0.019230769230769232
5003	1462	49	3	0	0	0	52	3	0.057692307692307696
5004	1480	55	2	0	0	0	57	2	0.03508771929824561
5005	1472	48	1	0	0	0	49	1	0.02040816326530612
5006	1492	34	3	0	0	0	37	3	0.08108108108108109
5007	1513	50	1	0	0	0	51	1	0.0196078431372549
5008	1489	42	2	0	0	0	44	2	0.045454545454545456
5009	1485	46	2	0	0	0	48	2	0.041666666666666664
501	1475	38	2	0	0	0	40	2	0.05
5010	1491	43	2	1	0	0	46	3	0.06521739130434782
5011	1486	35	1	1	0	0	37	2	0.05405405405405406
5012	1487	56	4	0	0	0	60	4	0.06666666666666667
5013	1488	42	1	0	0	0	43	1	0.023255813953488372
5014	1468	50	2	0	0	0	52	2	0.038461538461538464
5015	1468	40	4	0	0	0	44	4	0.09090909090909091
5016	1497	47	1	0	0	0	48	1	0.020833333333333332
5017	1463	41	5	0	0	0	46	5	0.10869565217391304
5018	1472	37	4	0	0	0	41	4	0.0975609756097561
5019	1439	40	4	0	0	0	44	4	0.09090909090909091
502	1493	32	4	0	0	0	36	4	0.1111111111111111
5020	1478	45	2	0	0	0	47	2	0.0425531914893617
5021	1481	41	2	0	0	0	43	2	0.046511627906976744
5022	1468	37	2	0	0	0	39	2	0.05128205128205128
5023	1464	51	3	0	0	0	54	3	0.05555555555555555
5024	1461	40	3	0	0	0	43	3	0.06976744186046512
5025	1458	36	4	0	0	0	40	4	0.1
5026	1504	44	1	0	0	0	45	1	0.022222222222222223
5027	1458	42	6	0	0	0	48	6	0.125
5028	1471	45	4	1	0	0	50	5	0.1
5029	1472	41	1	0	0	0	42	1	0.023809523809523808
503	1471	42	2	1	0	0	45	3	0.06666666666666667
5030	1476	54	5	0	0	0	59	5	0.0847457627118644
5031	1485	43	3	0	0	0	46	3	0.06521739130434782
5032	1481	39	1	0	0	0	40	1	0.025
5033	1473	41	6	0	0	0	47	6	0.1276595744680851
5034	1446	44	1	0	0	0	45	1	0.022222222222222223
5035	1440	44	5	0	0	0	49	5	0.10204081632653061
5036	1474	57	4	0	0	0	61	4	0.06557377049180328
5037	1458	40	4	0	0	0	44	4	0.09090909090909091
5038	1468	38	2	0	0	0	40	2	0.05
5039	1450	42	2	0	0	0	44	2	0.045454545454545456
504	1464	39	2	0	0	0	41	2	0.04878048780487805
5040	1478	40	3	0	0	0	43	3	0.06976744186046512
5041	1471	42	0	0	0	0	42	0	0
5042	1501	54	4	0	0	0	58	4	0.06896551724137931
5043	1456	37	3	0	0	0	40	3	0.075
5044	1463	45	2	0	0	0	47	2	0.0425531914893617
5045	1478	47	1	0	0	0	48	1	0.020833333333333332
5046	1463	39	3	1	0	0	43	4	0.09302325581395349
5047	1493	52	1	0	0	0	53	1	0.018867924528301886
5048	1474	51	6	0	0	0	57	6	0.10526315789473684
5049	1458	49	2	0	0	0	51	2	0.0392156862745098
505	1462	50	3	0	0	0	53	3	0.05660377358490566
5050	1492	49	1	0	0	0	50	1	0.02
5051	1445	54	4	0	0	0	58	4	0.06896551724137931
5052	1440	55	1	0	0	0	56	1	0.017857142857142856
5053	1468	35	4	1	0	0	40	5	0.125
5054	1466	41	2	0	0	0	43	2	0.046511627906976744
5055	1494	50	1	0	0	0	51	1	0.0196078431372549
5056	1459	47	2	0	0	0	49	2	0.04081632653061224
5057	1470	43	5	0	0	0	48	5	0.10416666666666667
5058	1457	33	3	0	0	0	36	3	0.08333333333333333
5059	1493	38	2	0	0	0	40	2	0.05
506	1467	43	2	0	0	0	45	2	0.044444444444444446
5060	1491	34	7	0	0	0	41	7	0.17073170731707318
5061	1473	46	2	0	0	0	48	2	0.041666666666666664
5062	1475	43	1	0	0	0	44	1	0.022727272727272728
5063	1449	50	2	0	0	0	52	2	0.038461538461538464
5064	1459	43	0	0	0	0	43	0	0
5065	1508	37	3	0	0	0	40	3	0.075
5066	1438	48	2	0	0	0	50	2	0.04
5067	1463	49	3	0	0	0	52	3	0.057692307692307696
5068	1475	50	4	0	0	0	54	4	0.07407407407407407
5069	1508	49	2	0	0	0	51	2	0.0392156862745098
507	1475	46	1	0	0	0	47	1	0.02127659574468085
5070	1477	36	2	1	0	0	39	3	0.07692307692307693
5071	1456	49	1	0	0	0	50	1	0.02
5072	1472	42	6	0	0	0	48	6	0.125
5073	1429	44	2	0	0	0	46	2	0.043478260869565216
5074	1503	45	3	0	0	0	48	3	0.0625
5075	1429	54	0	0	0	0	54	0	0
5076	1483	36	1	0	0	0	37	1	0.02702702702702703
5077	1459	45	2	0	0	0	47	2	0.0425531914893617
5078	1440	51	2	1	0	0	54	3	0.05555555555555555
5079	1463	42	1	0	0	0	43	1	0.023255813953488372
508	1471	50	0	0	0	0	50	0	0
5080	1524	55	4	0	0	0	59	4	0.06779661016949153
5081	1495	54	3	0	0	0	57	3	0.05263157894736842
5082	1463	39	2	0	0	0	41	2	0.04878048780487805
5083	1483	45	3	0	0	0	48	3	0.0625
5084	1492	47	0	0	0	0	47	0	0
5085	1486	41	3	0	0	0	44	3	0.06818181818181818
5086	1444	47	0	0	0	0	47	0	0
5087	1458	47	1	0	0	0	48	1	0.020833333333333332
5088	1455	50	1	0	0	0	51	1	0.0196078431372549
5089	1458	44	2	1	0	0	47	3	0.06382978723404255
509	1518	41	2	0	0	0	43	2	0.046511627906976744
5090	1487	36	3	0	0	0	39	3	0.07692307692307693
5091	1488	45	3	0	0	0	48	3	0.0625
5092	1493	33	5	0	0	0	38	5	0.13157894736842105
5093	1479	34	2	0	0	0	36	2	0.05555555555555555
5094	1469	38	2	0	0	0	40	2	0.05
5095	1481	44	3	0	0	0	47	3	0.06382978723404255
5096	1494	44	0	0	0	0	44	0	0
5097	1462	52	4	0	0	0	56	4	0.07142857142857142
5098	1459	50	3	0	0	0	53	3	0.05660377358490566
5099	1464	36	1	0	0	0	37	1	0.02702702702702703
51	1474	43	4	0	0	0	47	4	0.0851063829787234
510	1447	46	4	0	0	0	50	4	0.08
5100	1464	28	2	0	0	0	30	2	0.06666666666666667
5101	1493	52	0	0	0	0	52	0	0
5102	1465	35	6	0	0	0	41	6	0.14634146341463414
5103	1432	56	3	0	0	0	59	3	0.05084745762711865
5104	1487	28	0	0	0	0	28	0	0
5105	1468	47	1	0	0	0	48	1	0.020833333333333332
5106	1467	46	0	0	0	0	46	0	0
5107	1473	44	3	0	0	0	47	3	0.06382978723404255
5108	1473	40	3	0	0	0	43	3	0.06976744186046512
5109	1474	37	3	0	0	0	40	3	0.075
511	1465	46	2	0	0	0	48	2	0.041666666666666664
5110	1478	44	1	1	0	0	46	2	0.043478260869565216
5111	1490	45	4	0	0	0	49	4	0.08163265306122448
5112	1466	42	4	0	0	0	46	4	0.08695652173913043
5113	1493	53	1	0	0	0	54	1	0.018518518518518517
5114	1481	37	2	0	0	0	39	2	0.05128205128205128
5115	1492	41	3	1	0	0	45	4	0.08888888888888889
5116	1452	44	3	0	0	0	47	3	0.06382978723404255
5117	1488	53	3	0	0	0	56	3	0.05357142857142857
5118	1477	58	2	1	0	0	61	3	0.04918032786885246
5119	1482	55	5	0	0	0	60	5	0.08333333333333333
512	1494	37	2	0	0	0	39	2	0.05128205128205128
5120	1505	50	1	0	0	0	51	1	0.0196078431372549
5121	1464	38	5	1	0	0	44	6	0.13636363636363635
5122	1507	40	2	0	0	0	42	2	0.047619047619047616
5123	1473	41	3	0	0	0	44	3	0.06818181818181818
5124	1478	44	5	0	0	0	49	5	0.10204081632653061
5125	1440	54	3	0	0	0	57	3	0.05263157894736842
5126	1467	47	4	0	0	0	51	4	0.0784313725490196
5127	1465	51	1	1	0	0	53	2	0.03773584905660377
5128	1519	54	3	0	0	0	57	3	0.05263157894736842
5129	1491	38	4	0	0	0	42	4	0.09523809523809523
513	1475	33	5	0	0	0	38	5	0.13157894736842105
5130	1458	38	3	0	0	0	41	3	0.07317073170731707
5131	1460	49	2	0	0	0	51	2	0.0392156862745098
5132	1461	54	5	0	0	0	59	5	0.0847457627118644
5133	1435	52	3	0	0	0	55	3	0.05454545454545454
5134	1483	50	1	1	0	0	52	2	0.038461538461538464
5135	1492	38	0	0	0	0	38	0	0
5136	1485	52	1	1	0	0	54	2	0.037037037037037035
5137	1472	48	3	0	0	0	51	3	0.058823529411764705
5138	1446	44	4	0	0	0	48	4	0.08333333333333333
5139	1473	56	7	0	0	0	63	7	0.1111111111111111
514	1460	47	2	0	0	0	49	2	0.04081632653061224
5140	1494	37	3	0	0	0	40	3	0.075
5141	1493	35	0	0	0	0	35	0	0
5142	1476	47	3	0	0	0	50	3	0.06
5143	1462	43	2	0	0	0	45	2	0.044444444444444446
5144	1501	52	1	0	0	0	53	1	0.018867924528301886
5145	1506	49	2	0	0	0	51	2	0.0392156862745098
5146	1510	46	4	0	0	0	50	4	0.08
5147	1455	49	0	0	0	0	49	0	0
5148	1487	48	3	0	0	0	51	3	0.058823529411764705
5149	1453	49	1	0	0	0	50	1	0.02
515	1468	54	5	0	0	0	59	5	0.0847457627118644
5150	1487	38	2	0	0	0	40	2	0.05
5151	1475	42	3	0	0	0	45	3	0.06666666666666667
5152	1447	42	5	0	0	0	47	5	0.10638297872340426
5153	1472	50	2	0	0	0	52	2	0.038461538461538464
5154	1451	57	7	0	0	0	64	7	0.109375
5155	1493	43	1	0	0	0	44	1	0.022727272727272728
5156	1476	52	2	0	0	0	54	2	0.037037037037037035
5157	1442	50	3	0	0	0	53	3	0.05660377358490566
5158	1475	40	2	0	0	0	42	2	0.047619047619047616
5159	1479	45	6	0	0	0	51	6	0.11764705882352941
516	1492	55	4	0	0	0	59	4	0.06779661016949153
5160	1472	49	3	0	0	0	52	3	0.057692307692307696
5161	1473	38	2	0	0	0	40	2	0.05
5162	1492	48	1	0	0	0	49	1	0.02040816326530612
5163	1484	53	3	0	0	0	56	3	0.05357142857142857
5164	1485	45	2	0	0	0	47	2	0.0425531914893617
5165	1489	43	2	0	0	0	45	2	0.044444444444444446
5166	1457	39	2	0	0	0	41	2	0.04878048780487805
5167	1484	36	6	1	0	0	43	7	0.16279069767441862
5168	1453	48	0	0	0	0	48	0	0
5169	1467	40	1	0	0	0	41	1	0.024390243902439025
517	1499	49	2	0	0	0	51	2	0.0392156862745098
5170	1447	51	3	1	0	0	55	4	0.07272727272727272
5171	1489	40	1	0	0	0	41	1	0.024390243902439025
5172	1455	43	1	0	0	0	44	1	0.022727272727272728
5173	1474	48	0	0	0	0	48	0	0
5174	1509	55	2	0	0	0	57	2	0.03508771929824561
5175	1477	40	1	0	0	0	41	1	0.024390243902439025
5176	1465	60	2	0	0	0	62	2	0.03225806451612903
5177	1453	36	1	0	0	0	37	1	0.02702702702702703
5178	1506	39	2	0	0	0	41	2	0.04878048780487805
5179	1495	50	2	0	0	0	52	2	0.038461538461538464
518	1485	46	2	1	0	0	49	3	0.061224489795918366
5180	1488	53	1	0	0	0	54	1	0.018518518518518517
5181	1479	42	3	1	0	0	46	4	0.08695652173913043
5182	1505	33	4	0	0	0	37	4	0.10810810810810811
5183	1464	41	5	0	0	0	46	5	0.10869565217391304
5184	1454	43	1	0	0	0	44	1	0.022727272727272728
5185	1456	46	2	1	0	0	49	3	0.061224489795918366
5186	1489	45	2	0	0	0	47	2	0.0425531914893617
5187	1485	46	2	0	0	0	48	2	0.041666666666666664
5188	1486	46	5	0	0	0	51	5	0.09803921568627451
5189	1485	47	3	0	0	0	50	3	0.06
519	1441	52	5	0	0	0	57	5	0.08771929824561403
5190	1472	35	1	0	0	0	36	1	0.027777777777777776
5191	1481	42	2	1	0	0	45	3	0.06666666666666667
5192	1455	42	2	0	0	0	44	2	0.045454545454545456
5193	1463	40	2	0	0	0	42	2	0.047619047619047616
5194	1458	47	3	0	0	0	50	3	0.06
5195	1485	57	2	0	0	0	59	2	0.03389830508474576
5196	1485	38	0	0	0	0	38	0	0
5197	1475	48	2	0	0	0	50	2	0.04
5198	1482	46	3	1	0	0	50	4	0.08
5199	1447	47	2	0	0	0	49	2	0.04081632653061224
52	1480	48	3	0	0	0	51	3	0.058823529411764705
520	1477	47	2	0	0	0	49	2	0.04081632653061224
5200	1496	50	0	0	0	0	50	0	0
5201	1513	36	4	0	0	0	40	4	0.1
5202	1480	44	2	1	0	0	47	3	0.06382978723404255
5203	1473	58	1	0	0	0	59	1	0.01694915254237288
5204	1476	51	2	0	0	0	53	2	0.03773584905660377
5205	1467	43	1	0	0	0	44	1	0.022727272727272728
5206	1441	32	1	0	0	0	33	1	0.030303030303030304
5207	1480	45	3	0	0	0	48	3	0.0625
5208	1528	40	1	0	0	0	41	1	0.024390243902439025
5209	1484	51	3	0	0	0	54	3	0.05555555555555555
521	1524	36	1	1	0	0	38	2	0.05263157894736842
5210	1491	46	4	0	0	0	50	4	0.08
5211	1459	47	6	0	0	0	53	6	0.11320754716981132
5212	1463	52	0	0	0	0	52	0	0
5213	1454	51	1	0	0	0	52	1	0.019230769230769232
5214	1448	44	4	0	0	0	48	4	0.08333333333333333
5215	1470	46	1	1	0	0	48	2	0.041666666666666664
5216	1476	53	4	0	0	0	57	4	0.07017543859649122
5217	1523	45	2	0	0	0	47	2	0.0425531914893617
5218	1467	44	2	0	0	0	46	2	0.043478260869565216
5219	1448	51	2	0	0	0	53	2	0.03773584905660377
522	1453	49	3	0	0	0	52	3	0.057692307692307696
5220	1463	29	1	1	0	0	31	2	0.06451612903225806
5221	1484	49	1	0	0	0	50	1	0.02
5222	1465	43	2	0	0	0	45	2	0.044444444444444446
5223	1457	47	5	1	0	0	53	6	0.11320754716981132
5224	1499	34	3	1	0	0	38	4	0.10526315789473684
5225	1513	43	3	0	0	0	46	3	0.06521739130434782
5226	1487	50	5	0	0	0	55	5	0.09090909090909091
5227	1492	54	1	0	0	0	55	1	0.01818181818181818
5228	1464	44	0	0	0	0	44	0	0
5229	1493	54	0	0	0	0	54	0	0
523	1484	43	2	0	0	0	45	2	0.044444444444444446
5230	1480	42	3	0	0	0	45	3	0.06666666666666667
5231	1473	53	8	0	0	0	61	8	0.13114754098360656
5232	1448	35	4	0	0	0	39	4	0.10256410256410256
5233	1500	49	2	0	0	0	51	2	0.0392156862745098
5234	1463	39	3	0	0	0	42	3	0.07142857142857142
5235	1475	34	2	0	0	0	36	2	0.05555555555555555
5236	1499	47	4	0	0	0	51	4	0.0784313725490196
5237	1463	60	2	0	0	0	62	2	0.03225806451612903
5238	1448	38	3	0	0	0	41	3	0.07317073170731707
5239	1472	47	1	0	0	0	48	1	0.020833333333333332
524	1485	29	1	0	0	0	30	1	0.03333333333333333
5240	1424	42	1	0	0	0	43	1	0.023255813953488372
5241	1503	48	1	1	0	0	50	2	0.04
5242	1487	55	5	0	0	0	60	5	0.08333333333333333
5243	1461	50	5	0	0	0	55	5	0.09090909090909091
5244	1465	54	1	0	0	0	55	1	0.01818181818181818
5245	1493	33	3	0	0	0	36	3	0.08333333333333333
5246	1474	45	2	0	0	0	47	2	0.0425531914893617
5247	1488	36	5	0	0	0	41	5	0.12195121951219512
5248	1486	47	3	0	0	0	50	3	0.06
5249	1479	50	3	1	0	0	54	4	0.07407407407407407
525	1468	58	1	0	0	0	59	1	0.01694915254237288
5250	1518	32	3	0	0	0	35	3	0.08571428571428572
5251	1446	50	2	0	0	0	52	2	0.038461538461538464
5252	1462	51	2	0	0	0	53	2	0.03773584905660377
5253	1469	38	1	0	0	0	39	1	0.02564102564102564
5254	1490	42	2	0	0	0	44	2	0.045454545454545456
5255	1488	45	2	0	0	0	47	2	0.0425531914893617
5256	1494	36	3	0	0	0	39	3	0.07692307692307693
5257	1487	48	3	0	0	0	51	3	0.058823529411764705
5258	1486	39	1	0	0	0	40	1	0.025
5259	1493	42	0	0	0	0	42	0	0
526	1444	36	1	0	0	0	37	1	0.02702702702702703
5260	1526	40	3	0	0	0	43	3	0.06976744186046512
5261	1487	49	3	0	0	0	52	3	0.057692307692307696
5262	1485	28	5	0	0	0	33	5	0.15151515151515152
5263	1446	37	3	0	0	0	40	3	0.075
5264	1480	28	4	0	0	0	32	4	0.125
5265	1481	56	8	0	0	0	64	8	0.125
5266	1455	54	0	0	0	0	54	0	0
5267	1451	46	3	0	0	0	49	3	0.061224489795918366
5268	1474	36	2	0	0	0	38	2	0.05263157894736842
5269	1504	45	1	0	0	0	46	1	0.021739130434782608
527	1471	49	1	1	0	0	51	2	0.0392156862745098
5270	1475	54	1	0	0	0	55	1	0.01818181818181818
5271	1453	45	2	0	0	0	47	2	0.0425531914893617
5272	1457	50	1	0	0	0	51	1	0.0196078431372549
5273	1497	35	0	0	0	0	35	0	0
5274	1501	28	1	0	0	0	29	1	0.034482758620689655
5275	1479	39	3	0	0	0	42	3	0.07142857142857142
5276	1457	41	3	0	0	0	44	3	0.06818181818181818
5277	1466	45	4	0	0	0	49	4	0.08163265306122448
5278	1480	51	2	0	0	0	53	2	0.03773584905660377
5279	1493	47	2	0	0	0	49	2	0.04081632653061224
528	1469	33	6	0	0	0	39	6	0.15384615384615385
5280	1474	56	1	0	0	0	57	1	0.017543859649122806
5281	1473	50	3	0	0	0	53	3	0.05660377358490566
5282	1462	50	3	0	0	0	53	3	0.05660377358490566
5283	1469	46	3	0	0	0	49	3	0.061224489795918366
5284	1447	42	1	0	0	0	43	1	0.023255813953488372
5285	1483	49	4	0	0	0	53	4	0.07547169811320754
5286	1483	50	1	0	0	0	51	1	0.0196078431372549
5287	1477	54	1	0	0	0	55	1	0.01818181818181818
5288	1473	49	4	0	0	0	53	4	0.07547169811320754
5289	1488	57	2	0	0	0	59	2	0.03389830508474576
529	1478	49	2	0	0	0	51	2	0.0392156862745098
5290	1491	36	3	0	0	0	39	3	0.07692307692307693
5291	1459	52	1	0	0	0	53	1	0.018867924528301886
5292	1507	53	3	1	0	0	57	4	0.07017543859649122
5293	1444	50	3	0	0	0	53	3	0.05660377358490566
5294	1510	34	2	0	0	0	36	2	0.05555555555555555
5295	1498	57	3	0	0	0	60	3	0.05
5296	1449	39	3	0	0	0	42	3	0.07142857142857142
5297	1446	36	3	0	0	0	39	3	0.07692307692307693
5298	1469	43	4	0	0	0	47	4	0.0851063829787234
5299	1480	40	1	0	0	0	41	1	0.024390243902439025
53	1482	52	7	0	0	0	59	7	0.11864406779661017
530	1473	45	2	0	0	0	47	2	0.0425531914893617
5300	1454	44	3	0	0	0	47	3	0.06382978723404255
5301	1495	45	3	0	0	0	48	3	0.0625
5302	1485	49	1	2	0	0	52	3	0.057692307692307696
5303	1492	51	7	0	0	0	58	7	0.1206896551724138
5304	1466	35	1	0	0	0	36	1	0.027777777777777776
5305	1461	60	3	0	0	0	63	3	0.047619047619047616
5306	1467	39	2	0	0	0	41	2	0.04878048780487805
5307	1488	35	2	0	0	0	37	2	0.05405405405405406
5308	1490	35	1	1	0	0	37	2	0.05405405405405406
5309	1506	38	5	0	0	0	43	5	0.11627906976744186
531	1478	38	3	0	0	0	41	3	0.07317073170731707
5310	1454	40	3	1	0	0	44	4	0.09090909090909091
5311	1465	37	2	0	0	0	39	2	0.05128205128205128
5312	1460	56	1	0	0	0	57	1	0.017543859649122806
5313	1484	47	3	0	0	0	50	3	0.06
5314	1478	45	3	0	0	0	48	3	0.0625
5315	1521	49	2	0	0	0	51	2	0.0392156862745098
5316	1475	32	1	0	0	0	33	1	0.030303030303030304
5317	1479	53	7	0	0	0	60	7	0.11666666666666667
5318	1473	48	1	0	0	0	49	1	0.02040816326530612
5319	1478	43	1	0	0	0	44	1	0.022727272727272728
532	1485	50	2	0	0	0	52	2	0.038461538461538464
5320	1470	51	0	0	0	0	51	0	0
5321	1466	47	2	0	0	0	49	2	0.04081632653061224
5322	1456	47	2	0	0	0	49	2	0.04081632653061224
5323	1469	47	2	0	0	0	49	2	0.04081632653061224
5324	1466	49	3	0	0	0	52	3	0.057692307692307696
5325	1498	44	3	0	0	0	47	3	0.06382978723404255
5326	1481	42	1	0	0	0	43	1	0.023255813953488372
5327	1435	45	5	1	0	0	51	6	0.11764705882352941
5328	1451	52	2	0	0	0	54	2	0.037037037037037035
5329	1469	43	5	0	0	0	48	5	0.10416666666666667
533	1494	53	7	0	0	0	60	7	0.11666666666666667
5330	1490	39	4	0	0	0	43	4	0.09302325581395349
5331	1484	37	4	0	0	0	41	4	0.0975609756097561
5332	1457	38	2	0	0	0	40	2	0.05
5333	1479	58	1	1	0	0	60	2	0.03333333333333333
5334	1467	43	6	0	0	0	49	6	0.12244897959183673
5335	1509	49	4	0	0	0	53	4	0.07547169811320754
5336	1507	51	1	0	0	0	52	1	0.019230769230769232
5337	1471	52	3	0	0	0	55	3	0.05454545454545454
5338	1458	44	2	0	0	0	46	2	0.043478260869565216
5339	1488	40	3	0	0	0	43	3	0.06976744186046512
534	1490	40	3	0	0	0	43	3	0.06976744186046512
5340	1484	47	1	0	0	0	48	1	0.020833333333333332
5341	1455	64	4	0	0	0	68	4	0.058823529411764705
5342	1449	33	0	0	0	0	33	0	0
5343	1462	52	0	0	0	0	52	0	0
5344	1464	49	5	0	0	0	54	5	0.09259259259259259
5345	1471	46	0	0	0	0	46	0	0
5346	1488	50	1	0	0	0	51	1	0.0196078431372549
5347	1471	45	1	0	0	0	46	1	0.021739130434782608
5348	1439	40	0	0	0	0	40	0	0
5349	1466	36	5	0	0	0	41	5	0.12195121951219512
535	1477	51	1	0	0	0	52	1	0.019230769230769232
5350	1500	30	3	0	0	0	33	3	0.09090909090909091
5351	1439	42	5	0	0	0	47	5	0.10638297872340426
5352	1475	46	2	1	0	0	49	3	0.061224489795918366
5353	1490	39	2	0	0	0	41	2	0.04878048780487805
5354	1475	30	0	0	0	0	30	0	0
5355	1450	48	3	0	0	0	51	3	0.058823529411764705
5356	1458	36	2	1	0	0	39	3	0.07692307692307693
5357	1483	62	1	0	0	0	63	1	0.015873015873015872
5358	1483	44	5	0	0	0	49	5	0.10204081632653061
5359	1467	43	4	0	0	0	47	4	0.0851063829787234
536	1476	50	2	0	0	0	52	2	0.038461538461538464
5360	1480	46	3	0	0	0	49	3	0.061224489795918366
5361	1477	54	3	0	0	0	57	3	0.05263157894736842
5362	1480	38	4	0	0	0	42	4	0.09523809523809523
5363	1482	36	2	0	0	0	38	2	0.05263157894736842
5364	1455	34	2	0	0	0	36	2	0.05555555555555555
5365	1479	41	2	0	0	0	43	2	0.046511627906976744
5366	1471	53	5	0	0	0	58	5	0.08620689655172414
5367	1492	40	3	0	0	0	43	3	0.06976744186046512
5368	1462	60	3	0	0	0	63	3	0.047619047619047616
5369	1471	59	1	0	0	0	60	1	0.016666666666666666
537	1484	35	1	0	0	0	36	1	0.027777777777777776
5370	1470	43	2	0	0	0	45	2	0.044444444444444446
5371	1494	46	2	0	0	0	48	2	0.041666666666666664
5372	1435	53	3	0	0	0	56	3	0.05357142857142857
5373	1536	49	4	0	1	0	54	5	0.09259259259259259
5374	1456	41	3	1	0	0	45	4	0.08888888888888889
5375	1460	46	4	0	0	0	50	4	0.08
5376	1453	42	4	0	0	0	46	4	0.08695652173913043
5377	1452	35	3	0	0	0	38	3	0.07894736842105263
5378	1469	48	2	0	0	0	50	2	0.04
5379	1469	50	2	0	0	0	52	2	0.038461538461538464
538	1477	44	5	0	0	0	49	5	0.10204081632653061
5380	1449	56	4	1	0	0	61	5	0.08196721311475409
5381	1467	41	1	0	0	0	42	1	0.023809523809523808
5382	1457	58	2	0	0	0	60	2	0.03333333333333333
5383	1470	48	2	0	0	0	50	2	0.04
5384	1474	46	1	0	0	0	47	1	0.02127659574468085
5385	1435	40	1	1	0	0	42	2	0.047619047619047616
5386	1480	44	4	0	0	0	48	4	0.08333333333333333
5387	1509	40	3	0	0	0	43	3	0.06976744186046512
5388	1475	44	0	0	0	0	44	0	0
5389	1494	49	2	0	0	0	51	2	0.0392156862745098
539	1452	49	3	0	0	0	52	3	0.057692307692307696
5390	1462	43	2	0	0	0	45	2	0.044444444444444446
5391	1482	52	2	0	0	0	54	2	0.037037037037037035
5392	1504	41	0	0	0	0	41	0	0
5393	1517	57	0	0	0	0	57	0	0
5394	1433	41	0	0	0	0	41	0	0
5395	1482	48	2	0	0	0	50	2	0.04
5396	1490	45	0	0	0	0	45	0	0
5397	1469	44	4	1	0	0	49	5	0.10204081632653061
5398	1476	48	3	0	0	0	51	3	0.058823529411764705
5399	1491	56	3	0	0	0	59	3	0.05084745762711865
54	1498	43	2	0	0	0	45	2	0.044444444444444446
540	1487	50	3	0	0	0	53	3	0.05660377358490566
5400	1460	40	1	0	0	0	41	1	0.024390243902439025
5401	1445	53	1	0	0	0	54	1	0.018518518518518517
5402	1479	41	6	1	0	0	48	7	0.14583333333333334
5403	1486	44	1	0	0	0	45	1	0.022222222222222223
5404	1447	47	0	0	0	0	47	0	0
5405	1471	48	3	0	0	0	51	3	0.058823529411764705
5406	1464	53	3	0	0	0	56	3	0.05357142857142857
5407	1454	55	2	0	0	0	57	2	0.03508771929824561
5408	1473	39	6	0	0	0	45	6	0.13333333333333333
5409	1485	52	1	0	0	0	53	1	0.018867924528301886
541	1438	40	1	0	0	0	41	1	0.024390243902439025
5410	1485	33	1	0	0	0	34	1	0.029411764705882353
5411	1443	42	4	1	0	0	47	5	0.10638297872340426
5412	1489	51	6	1	0	0	58	7	0.1206896551724138
5413	1455	53	2	0	0	0	55	2	0.03636363636363636
5414	1483	55	5	0	0	0	60	5	0.08333333333333333
5415	1457	39	3	0	0	0	42	3	0.07142857142857142
5416	1446	40	7	0	0	0	47	7	0.14893617021276595
5417	1510	41	0	0	0	0	41	0	0
5418	1479	38	5	0	0	0	43	5	0.11627906976744186
5419	1479	48	3	0	0	0	51	3	0.058823529411764705
542	1479	52	2	0	0	0	54	2	0.037037037037037035
5420	1482	50	1	0	0	0	51	1	0.0196078431372549
5421	1486	37	0	0	0	0	37	0	0
5422	1458	37	3	0	0	0	40	3	0.075
5423	1475	44	3	0	0	0	47	3	0.06382978723404255
5424	1475	47	2	1	0	0	50	3	0.06
5425	1446	41	5	0	0	0	46	5	0.10869565217391304
5426	1454	39	3	0	0	0	42	3	0.07142857142857142
5427	1485	38	2	1	0	0	41	3	0.07317073170731707
5428	1486	54	2	0	1	0	57	3	0.05263157894736842
5429	1496	51	7	0	0	0	58	7	0.1206896551724138
543	1464	38	2	0	0	0	40	2	0.05
5430	1478	52	1	0	0	0	53	1	0.018867924528301886
5431	1458	51	1	0	0	0	52	1	0.019230769230769232
5432	1494	60	4	0	0	0	64	4	0.0625
5433	1461	39	1	0	0	0	40	1	0.025
5434	1440	43	2	0	0	0	45	2	0.044444444444444446
5435	1471	44	1	0	0	0	45	1	0.022222222222222223
5436	1496	52	4	0	0	0	56	4	0.07142857142857142
5437	1468	40	1	0	0	0	41	1	0.024390243902439025
5438	1483	38	2	0	0	0	40	2	0.05
5439	1482	41	1	0	0	0	42	1	0.023809523809523808
544	1451	46	1	0	0	0	47	1	0.02127659574468085
5440	1483	37	1	0	0	0	38	1	0.02631578947368421
5441	1451	48	2	0	0	0	50	2	0.04
5442	1467	47	2	0	0	0	49	2	0.04081632653061224
5443	1475	54	3	1	0	0	58	4	0.06896551724137931
5444	1487	42	4	0	0	0	46	4	0.08695652173913043
5445	1436	44	1	0	0	0	45	1	0.022222222222222223
5446	1449	44	2	0	0	0	46	2	0.043478260869565216
5447	1455	52	1	0	0	0	53	1	0.018867924528301886
5448	1445	48	2	0	0	0	50	2	0.04
5449	1433	40	2	0	0	0	42	2	0.047619047619047616
545	1472	44	3	0	0	0	47	3	0.06382978723404255
5450	1490	46	2	0	0	0	48	2	0.041666666666666664
5451	1454	48	3	1	0	0	52	4	0.07692307692307693
5452	1436	53	2	0	0	0	55	2	0.03636363636363636
5453	1481	39	5	1	0	0	45	6	0.13333333333333333
5454	1454	48	1	0	0	0	49	1	0.02040816326530612
5455	1491	56	5	0	0	0	61	5	0.08196721311475409
5456	1503	44	4	0	0	0	48	4	0.08333333333333333
5457	1499	49	4	0	0	0	53	4	0.07547169811320754
5458	1476	36	3	0	0	0	39	3	0.07692307692307693
5459	1454	43	3	1	0	0	47	4	0.0851063829787234
546	1465	52	1	0	0	0	53	1	0.018867924528301886
5460	1443	37	3	0	0	0	40	3	0.075
5461	1483	45	7	0	0	0	52	7	0.1346153846153846
5462	1460	44	1	0	0	0	45	1	0.022222222222222223
5463	1467	42	5	0	0	0	47	5	0.10638297872340426
5464	1495	38	1	0	0	0	39	1	0.02564102564102564
5465	1464	43	2	0	0	0	45	2	0.044444444444444446
5466	1476	47	3	0	0	0	50	3	0.06
5467	1471	58	3	1	0	0	62	4	0.06451612903225806
5468	1493	53	4	0	0	0	57	4	0.07017543859649122
5469	1477	42	1	0	0	0	43	1	0.023255813953488372
547	1460	39	1	0	0	0	40	1	0.025
5470	1530	34	2	0	0	0	36	2	0.05555555555555555
5471	1453	49	2	0	0	0	51	2	0.0392156862745098
5472	1475	49	2	1	0	0	52	3	0.057692307692307696
5473	1472	46	4	0	0	0	50	4	0.08
5474	1483	45	0	0	0	0	45	0	0
5475	1465	47	7	0	0	0	54	7	0.12962962962962962
5476	1453	42	5	1	0	0	48	6	0.125
5477	1462	41	1	0	0	0	42	1	0.023809523809523808
5478	1474	42	2	0	0	0	44	2	0.045454545454545456
5479	1487	48	1	0	0	0	49	1	0.02040816326530612
548	1473	49	4	0	0	0	53	4	0.07547169811320754
5480	1479	46	1	0	0	0	47	1	0.02127659574468085
5481	1467	44	2	0	0	0	46	2	0.043478260869565216
5482	1468	41	3	0	0	0	44	3	0.06818181818181818
5483	1449	41	1	0	0	0	42	1	0.023809523809523808
5484	1480	36	1	0	0	0	37	1	0.02702702702702703
5485	1462	50	3	0	0	0	53	3	0.05660377358490566
5486	1509	47	5	0	0	0	52	5	0.09615384615384616
5487	1474	39	2	1	0	0	42	3	0.07142857142857142
5488	1456	56	1	0	0	0	57	1	0.017543859649122806
5489	1499	52	2	0	0	0	54	2	0.037037037037037035
549	1444	52	3	0	0	0	55	3	0.05454545454545454
5490	1465	42	3	0	0	0	45	3	0.06666666666666667
5491	1488	56	2	0	0	0	58	2	0.034482758620689655
5492	1472	42	1	0	0	0	43	1	0.023255813953488372
5493	1464	50	1	1	0	0	52	2	0.038461538461538464
5494	1475	49	4	0	0	0	53	4	0.07547169811320754
5495	1465	52	6	0	0	0	58	6	0.10344827586206896
5496	1456	47	6	0	0	0	53	6	0.11320754716981132
5497	1490	58	2	0	0	0	60	2	0.03333333333333333
5498	1447	43	1	0	0	0	44	1	0.022727272727272728
5499	1497	39	3	0	0	0	42	3	0.07142857142857142
55	1472	40	1	0	0	0	41	1	0.024390243902439025
550	1464	51	1	0	0	0	52	1	0.019230769230769232
5500	1496	39	2	1	0	0	42	3	0.07142857142857142
5501	1491	53	3	0	0	0	56	3	0.05357142857142857
5502	1476	27	2	0	0	0	29	2	0.06896551724137931
5503	1480	49	2	0	0	0	51	2	0.0392156862745098
5504	1457	43	1	0	0	0	44	1	0.022727272727272728
5505	1440	67	4	0	0	0	71	4	0.056338028169014086
5506	1466	55	3	0	0	0	58	3	0.05172413793103448
5507	1464	54	0	0	0	0	54	0	0
5508	1464	54	2	0	0	0	56	2	0.03571428571428571
5509	1476	48	4	0	0	0	52	4	0.07692307692307693
551	1470	44	3	0	0	0	47	3	0.06382978723404255
5510	1470	39	1	1	0	0	41	2	0.04878048780487805
5511	1438	47	4	0	0	0	51	4	0.0784313725490196
5512	1479	39	1	0	0	0	40	1	0.025
5513	1443	59	1	0	0	0	60	1	0.016666666666666666
5514	1481	36	2	0	0	0	38	2	0.05263157894736842
5515	1497	35	0	0	0	0	35	0	0
5516	1470	56	1	0	0	0	57	1	0.017543859649122806
5517	1490	44	1	1	0	0	46	2	0.043478260869565216
5518	1481	47	7	0	0	0	54	7	0.12962962962962962
5519	1514	51	3	0	0	0	54	3	0.05555555555555555
552	1459	42	2	0	0	0	44	2	0.045454545454545456
5520	1493	46	6	0	0	0	52	6	0.11538461538461539
5521	1464	35	2	0	0	0	37	2	0.05405405405405406
5522	1453	52	1	0	0	0	53	1	0.018867924528301886
5523	1468	50	1	0	0	0	51	1	0.0196078431372549
5524	1459	34	2	0	0	0	36	2	0.05555555555555555
5525	1494	55	2	0	0	0	57	2	0.03508771929824561
5526	1518	51	4	0	0	0	55	4	0.07272727272727272
5527	1454	62	4	0	0	0	66	4	0.06060606060606061
5528	1467	48	1	1	0	0	50	2	0.04
5529	1455	50	6	0	0	0	56	6	0.10714285714285714
553	1490	46	1	0	0	0	47	1	0.02127659574468085
5530	1473	53	1	0	0	0	54	1	0.018518518518518517
5531	1473	36	0	0	0	0	36	0	0
5532	1454	42	5	0	0	0	47	5	0.10638297872340426
5533	1468	49	2	0	0	0	51	2	0.0392156862745098
5534	1474	41	2	0	0	0	43	2	0.046511627906976744
5535	1465	46	0	0	0	0	46	0	0
5536	1494	45	3	0	0	0	48	3	0.0625
5537	1460	47	6	1	0	0	54	7	0.12962962962962962
5538	1508	43	3	0	0	0	46	3	0.06521739130434782
5539	1469	41	3	0	0	0	44	3	0.06818181818181818
554	1458	62	2	0	0	0	64	2	0.03125
5540	1452	38	3	0	0	0	41	3	0.07317073170731707
5541	1469	46	3	0	0	0	49	3	0.061224489795918366
5542	1471	49	4	0	0	0	53	4	0.07547169811320754
5543	1492	40	2	0	0	0	42	2	0.047619047619047616
5544	1465	40	1	0	0	0	41	1	0.024390243902439025
5545	1466	57	4	0	0	0	61	4	0.06557377049180328
5546	1474	44	3	0	0	0	47	3	0.06382978723404255
5547	1467	45	1	0	0	0	46	1	0.021739130434782608
5548	1487	55	2	0	0	0	57	2	0.03508771929824561
5549	1485	31	2	0	0	0	33	2	0.06060606060606061
555	1466	50	1	0	0	0	51	1	0.0196078431372549
5550	1466	44	1	0	0	0	45	1	0.022222222222222223
5551	1521	46	2	0	0	0	48	2	0.041666666666666664
5552	1457	48	1	1	0	0	50	2	0.04
5553	1514	49	4	1	0	0	54	5	0.09259259259259259
5554	1460	44	3	0	0	0	47	3	0.06382978723404255
5555	1452	49	3	0	0	0	52	3	0.057692307692307696
5556	1485	42	2	0	0	0	44	2	0.045454545454545456
5557	1494	50	1	0	0	0	51	1	0.0196078431372549
5558	1484	52	1	0	0	0	53	1	0.018867924528301886
5559	1484	41	1	0	0	0	42	1	0.023809523809523808
556	1473	51	1	0	0	0	52	1	0.019230769230769232
5560	1464	38	0	0	0	0	38	0	0
5561	1466	56	4	0	0	0	60	4	0.06666666666666667
5562	1500	41	1	0	0	0	42	1	0.023809523809523808
5563	1470	41	1	0	0	0	42	1	0.023809523809523808
5564	1472	41	3	0	0	0	44	3	0.06818181818181818
5565	1434	50	3	0	0	0	53	3	0.05660377358490566
5566	1506	41	1	0	0	0	42	1	0.023809523809523808
5567	1452	43	4	0	0	0	47	4	0.0851063829787234
5568	1465	36	1	0	0	0	37	1	0.02702702702702703
5569	1506	41	4	0	0	0	45	4	0.08888888888888889
557	1487	45	1	0	0	0	46	1	0.021739130434782608
5570	1476	45	2	0	0	0	47	2	0.0425531914893617
5571	1470	49	0	0	0	0	49	0	0
5572	1460	42	3	0	0	0	45	3	0.06666666666666667
5573	1479	47	0	0	0	0	47	0	0
5574	1479	42	2	0	0	0	44	2	0.045454545454545456
5575	1480	52	3	0	0	0	55	3	0.05454545454545454
5576	1471	64	1	0	0	0	65	1	0.015384615384615385
5577	1502	34	1	0	0	0	35	1	0.02857142857142857
5578	1448	40	3	1	0	0	44	4	0.09090909090909091
5579	1473	39	6	0	0	0	45	6	0.13333333333333333
558	1466	39	3	0	0	0	42	3	0.07142857142857142
5580	1474	50	1	0	0	0	51	1	0.0196078431372549
5581	1476	44	2	0	0	0	46	2	0.043478260869565216
5582	1466	40	3	0	0	0	43	3	0.06976744186046512
5583	1465	38	3	0	0	0	41	3	0.07317073170731707
5584	1478	45	3	0	0	0	48	3	0.0625
5585	1486	51	1	0	0	0	52	1	0.019230769230769232
5586	1456	49	2	0	0	0	51	2	0.0392156862745098
5587	1479	45	6	0	0	0	51	6	0.11764705882352941
5588	1466	39	1	0	0	0	40	1	0.025
5589	1481	36	5	0	0	0	41	5	0.12195121951219512
559	1473	44	2	0	0	0	46	2	0.043478260869565216
5590	1495	56	3	0	0	0	59	3	0.05084745762711865
5591	1485	39	4	0	0	0	43	4	0.09302325581395349
5592	1477	47	5	0	0	0	52	5	0.09615384615384616
5593	1487	50	1	0	0	0	51	1	0.0196078431372549
5594	1451	45	3	0	0	0	48	3	0.0625
5595	1480	47	7	1	0	0	55	8	0.14545454545454545
5596	1471	44	3	0	0	0	47	3	0.06382978723404255
5597	1470	50	3	0	0	0	53	3	0.05660377358490566
5598	1462	38	2	0	0	0	40	2	0.05
5599	1522	56	3	0	0	0	59	3	0.05084745762711865
56	1468	48	5	0	0	0	53	5	0.09433962264150944
560	1460	49	3	0	0	0	52	3	0.057692307692307696
5600	1445	35	4	0	0	0	39	4	0.10256410256410256
5601	1469	49	3	0	0	0	52	3	0.057692307692307696
5602	1464	50	2	0	0	0	52	2	0.038461538461538464
5603	1458	51	2	0	0	0	53	2	0.03773584905660377
5604	1445	46	1	0	0	0	47	1	0.02127659574468085
5605	1462	54	2	0	0	0	56	2	0.03571428571428571
5606	1499	49	0	0	0	0	49	0	0
5607	1460	44	5	1	0	0	50	6	0.12
5608	1446	45	3	0	0	0	48	3	0.0625
5609	1452	53	6	0	0	0	59	6	0.1016949152542373
561	1436	63	4	0	0	0	67	4	0.05970149253731343
5610	1485	32	5	0	0	0	37	5	0.13513513513513514
5611	1465	68	1	1	0	0	70	2	0.02857142857142857
5612	1497	35	3	0	0	0	38	3	0.07894736842105263
5613	1482	47	1	0	0	0	48	1	0.020833333333333332
5614	1455	51	2	0	0	0	53	2	0.03773584905660377
5615	1501	37	3	0	0	0	40	3	0.075
5616	1482	47	4	0	0	0	51	4	0.0784313725490196
5617	1452	39	2	0	0	0	41	2	0.04878048780487805
5618	1486	35	4	0	0	0	39	4	0.10256410256410256
5619	1491	40	4	0	0	0	44	4	0.09090909090909091
562	1452	47	1	0	0	0	48	1	0.020833333333333332
5620	1482	52	3	0	0	0	55	3	0.05454545454545454
5621	1484	53	0	0	0	0	53	0	0
5622	1465	47	5	0	0	0	52	5	0.09615384615384616
5623	1467	48	3	0	0	0	51	3	0.058823529411764705
5624	1497	47	6	0	0	0	53	6	0.11320754716981132
5625	1469	50	4	0	0	0	54	4	0.07407407407407407
5626	1469	46	5	0	0	0	51	5	0.09803921568627451
5627	1453	29	2	0	0	0	31	2	0.06451612903225806
5628	1466	40	4	0	0	0	44	4	0.09090909090909091
5629	1479	53	3	0	0	0	56	3	0.05357142857142857
563	1490	53	3	0	0	0	56	3	0.05357142857142857
5630	1473	43	1	0	0	0	44	1	0.022727272727272728
5631	1479	41	2	0	0	0	43	2	0.046511627906976744
5632	1458	44	4	0	0	0	48	4	0.08333333333333333
5633	1527	47	2	0	0	0	49	2	0.04081632653061224
5634	1463	50	3	0	0	0	53	3	0.05660377358490566
5635	1487	38	1	0	0	0	39	1	0.02564102564102564
5636	1504	58	2	0	0	0	60	2	0.03333333333333333
5637	1471	53	5	0	0	0	58	5	0.08620689655172414
5638	1455	46	1	1	0	0	48	2	0.041666666666666664
5639	1436	47	3	0	0	0	50	3	0.06
564	1475	33	5	0	0	0	38	5	0.13157894736842105
5640	1499	54	3	0	0	0	57	3	0.05263157894736842
5641	1486	46	1	0	0	0	47	1	0.02127659574468085
5642	1421	46	2	0	0	0	48	2	0.041666666666666664
5643	1459	45	2	0	0	0	47	2	0.0425531914893617
5644	1480	47	3	1	0	0	51	4	0.0784313725490196
5645	1469	47	2	0	0	0	49	2	0.04081632653061224
5646	1473	47	2	0	0	0	49	2	0.04081632653061224
5647	1432	43	4	0	0	0	47	4	0.0851063829787234
5648	1486	54	2	0	0	0	56	2	0.03571428571428571
5649	1443	60	3	1	0	0	64	4	0.0625
565	1482	44	7	0	0	0	51	7	0.13725490196078433
5650	1473	46	0	0	0	0	46	0	0
5651	1494	51	2	1	0	0	54	3	0.05555555555555555
5652	1460	41	1	0	0	0	42	1	0.023809523809523808
5653	1484	51	0	1	0	0	52	1	0.019230769230769232
5654	1463	42	3	1	0	0	46	4	0.08695652173913043
5655	1471	50	4	0	0	0	54	4	0.07407407407407407
5656	1487	52	2	0	0	0	54	2	0.037037037037037035
5657	1475	43	1	0	0	0	44	1	0.022727272727272728
5658	1467	61	1	0	0	0	62	1	0.016129032258064516
5659	1461	44	1	1	0	0	46	2	0.043478260869565216
566	1495	41	4	0	0	0	45	4	0.08888888888888889
5660	1471	44	4	0	0	0	48	4	0.08333333333333333
5661	1507	51	0	0	0	0	51	0	0
5662	1516	52	2	0	0	0	54	2	0.037037037037037035
5663	1480	45	1	1	0	0	47	2	0.0425531914893617
5664	1469	43	2	0	0	0	45	2	0.044444444444444446
5665	1472	47	3	2	0	0	52	5	0.09615384615384616
5666	1516	40	4	0	0	0	44	4	0.09090909090909091
5667	1459	39	1	0	0	0	40	1	0.025
5668	1463	49	2	0	0	0	51	2	0.0392156862745098
5669	1483	51	2	0	0	0	53	2	0.03773584905660377
567	1475	44	1	0	0	0	45	1	0.022222222222222223
5670	1500	44	1	0	0	0	45	1	0.022222222222222223
5671	1481	39	1	1	0	0	41	2	0.04878048780487805
5672	1469	60	6	1	0	0	67	7	0.1044776119402985
5673	1473	38	2	0	0	0	40	2	0.05
5674	1505	44	4	0	0	0	48	4	0.08333333333333333
5675	1505	58	2	0	0	0	60	2	0.03333333333333333
5676	1491	53	1	0	0	0	54	1	0.018518518518518517
5677	1499	38	2	0	0	0	40	2	0.05
5678	1463	52	2	0	0	0	54	2	0.037037037037037035
5679	1505	44	2	0	0	0	46	2	0.043478260869565216
568	1426	44	5	0	0	0	49	5	0.10204081632653061
5680	1482	37	5	0	0	0	42	5	0.11904761904761904
5681	1475	38	5	0	0	0	43	5	0.11627906976744186
5682	1494	53	1	0	0	0	54	1	0.018518518518518517
5683	1478	34	5	0	0	0	39	5	0.1282051282051282
5684	1477	56	2	0	0	0	58	2	0.034482758620689655
5685	1461	50	0	0	0	0	50	0	0
5686	1491	57	4	0	0	0	61	4	0.06557377049180328
5687	1481	44	5	0	0	0	49	5	0.10204081632653061
5688	1465	41	3	0	0	0	44	3	0.06818181818181818
5689	1509	39	1	0	0	0	40	1	0.025
569	1473	42	2	0	0	0	44	2	0.045454545454545456
5690	1438	41	2	0	0	0	43	2	0.046511627906976744
5691	1463	45	1	0	0	0	46	1	0.021739130434782608
5692	1490	36	0	0	0	0	36	0	0
5693	1449	49	2	0	0	0	51	2	0.0392156862745098
5694	1433	50	4	1	0	0	55	5	0.09090909090909091
5695	1470	47	1	0	0	0	48	1	0.020833333333333332
5696	1457	43	5	0	0	0	48	5	0.10416666666666667
5697	1458	34	5	0	0	0	39	5	0.1282051282051282
5698	1460	39	2	0	0	0	41	2	0.04878048780487805
5699	1496	47	2	1	0	0	50	3	0.06
57	1446	57	6	0	0	0	63	6	0.09523809523809523
570	1516	50	3	0	0	0	53	3	0.05660377358490566
5700	1459	46	2	0	0	0	48	2	0.041666666666666664
5701	1462	41	1	0	0	0	42	1	0.023809523809523808
5702	1490	52	1	1	0	0	54	2	0.037037037037037035
5703	1450	41	4	0	0	0	45	4	0.08888888888888889
5704	1499	45	2	0	0	0	47	2	0.0425531914893617
5705	1474	36	3	0	0	0	39	3	0.07692307692307693
5706	1472	40	4	0	0	0	44	4	0.09090909090909091
5707	1489	47	6	0	0	0	53	6	0.11320754716981132
5708	1482	45	4	0	0	0	49	4	0.08163265306122448
5709	1495	53	4	0	0	0	57	4	0.07017543859649122
571	1505	46	5	0	0	0	51	5	0.09803921568627451
5710	1424	51	0	1	0	0	52	1	0.019230769230769232
5711	1447	58	1	0	0	0	59	1	0.01694915254237288
5712	1458	46	2	0	0	0	48	2	0.041666666666666664
5713	1462	48	2	0	0	0	50	2	0.04
5714	1478	43	3	0	0	0	46	3	0.06521739130434782
5715	1444	41	3	0	0	0	44	3	0.06818181818181818
5716	1475	41	5	0	0	0	46	5	0.10869565217391304
5717	1507	47	0	1	0	0	48	1	0.020833333333333332
5718	1504	50	4	0	0	0	54	4	0.07407407407407407
5719	1462	34	2	0	0	0	36	2	0.05555555555555555
572	1471	51	0	0	0	0	51	0	0
5720	1468	51	1	0	0	0	52	1	0.019230769230769232
5721	1449	40	3	0	0	0	43	3	0.06976744186046512
5722	1481	47	5	0	0	0	52	5	0.09615384615384616
5723	1460	59	4	0	0	0	63	4	0.06349206349206349
5724	1478	56	1	0	0	0	57	1	0.017543859649122806
5725	1465	43	3	0	0	0	46	3	0.06521739130434782
5726	1453	43	2	0	0	0	45	2	0.044444444444444446
5727	1499	38	3	0	1	0	42	4	0.09523809523809523
5728	1449	45	6	0	0	0	51	6	0.11764705882352941
5729	1487	41	1	0	0	0	42	1	0.023809523809523808
573	1472	55	3	0	0	0	58	3	0.05172413793103448
5730	1469	48	2	0	0	0	50	2	0.04
5731	1469	43	2	0	0	0	45	2	0.044444444444444446
5732	1458	46	1	0	0	0	47	1	0.02127659574468085
5733	1471	36	1	1	0	0	38	2	0.05263157894736842
5734	1442	45	2	0	0	0	47	2	0.0425531914893617
5735	1455	53	2	0	0	0	55	2	0.03636363636363636
5736	1482	45	1	1	0	0	47	2	0.0425531914893617
5737	1480	46	2	0	0	0	48	2	0.041666666666666664
5738	1488	52	3	1	0	0	56	4	0.07142857142857142
5739	1487	45	1	0	0	0	46	1	0.021739130434782608
574	1489	39	3	0	0	0	42	3	0.07142857142857142
5740	1477	49	5	1	0	0	55	6	0.10909090909090909
5741	1445	40	0	0	0	0	40	0	0
5742	1461	43	4	0	0	0	47	4	0.0851063829787234
5743	1451	38	5	1	0	0	44	6	0.13636363636363635
5744	1473	52	5	0	0	0	57	5	0.08771929824561403
5745	1437	28	3	0	0	0	31	3	0.0967741935483871
5746	1453	41	4	1	0	0	46	5	0.10869565217391304
5747	1462	57	1	0	0	0	58	1	0.017241379310344827
5748	1486	49	3	1	0	0	53	4	0.07547169811320754
5749	1486	54	3	0	0	0	57	3	0.05263157894736842
575	1494	43	0	0	0	0	43	0	0
5750	1464	40	2	0	0	0	42	2	0.047619047619047616
5751	1471	43	4	0	0	0	47	4	0.0851063829787234
5752	1480	37	2	0	0	0	39	2	0.05128205128205128
5753	1456	41	1	0	0	0	42	1	0.023809523809523808
5754	1458	46	2	0	0	0	48	2	0.041666666666666664
5755	1470	37	2	0	0	0	39	2	0.05128205128205128
5756	1460	50	1	0	0	0	51	1	0.0196078431372549
5757	1496	32	1	0	0	0	33	1	0.030303030303030304
5758	1496	52	2	0	0	0	54	2	0.037037037037037035
5759	1453	45	5	0	0	0	50	5	0.1
576	1473	42	2	0	0	0	44	2	0.045454545454545456
5760	1511	49	3	0	0	0	52	3	0.057692307692307696
5761	1481	42	3	0	0	0	45	3	0.06666666666666667
5762	1471	54	2	0	0	0	56	2	0.03571428571428571
5763	1447	35	0	0	0	0	35	0	0
5764	1503	39	1	1	0	0	41	2	0.04878048780487805
5765	1453	47	3	0	0	0	50	3	0.06
5766	1484	46	2	0	0	0	48	2	0.041666666666666664
5767	1464	46	3	0	0	0	49	3	0.061224489795918366
5768	1475	37	2	0	0	0	39	2	0.05128205128205128
5769	1489	45	4	0	0	0	49	4	0.08163265306122448
577	1470	45	3	0	0	0	48	3	0.0625
5770	1466	43	6	0	0	0	49	6	0.12244897959183673
5771	1486	46	3	0	0	0	49	3	0.061224489795918366
5772	1450	40	4	0	0	0	44	4	0.09090909090909091
5773	1489	59	2	1	0	0	62	3	0.04838709677419355
5774	1500	45	2	0	0	0	47	2	0.0425531914893617
5775	1481	39	4	0	0	0	43	4	0.09302325581395349
5776	1492	41	1	0	0	0	42	1	0.023809523809523808
5777	1450	45	2	0	0	0	47	2	0.0425531914893617
5778	1458	50	0	0	0	0	50	0	0
5779	1434	40	0	0	0	0	40	0	0
578	1468	40	1	0	0	0	41	1	0.024390243902439025
5780	1475	56	3	0	0	0	59	3	0.05084745762711865
5781	1476	43	2	0	0	0	45	2	0.044444444444444446
5782	1434	60	1	0	0	0	61	1	0.01639344262295082
5783	1483	42	0	0	0	0	42	0	0
5784	1490	32	4	0	0	0	36	4	0.1111111111111111
5785	1486	47	2	0	0	0	49	2	0.04081632653061224
5786	1510	38	1	0	0	0	39	1	0.02564102564102564
5787	1494	53	6	0	0	0	59	6	0.1016949152542373
5788	1437	43	1	1	0	0	45	2	0.044444444444444446
5789	1481	34	2	0	0	0	36	2	0.05555555555555555
579	1463	52	1	0	0	0	53	1	0.018867924528301886
5790	1502	43	4	1	0	0	48	5	0.10416666666666667
5791	1459	44	2	0	0	0	46	2	0.043478260869565216
5792	1450	51	2	0	0	0	53	2	0.03773584905660377
5793	1481	46	1	0	0	0	47	1	0.02127659574468085
5794	1492	46	4	0	0	0	50	4	0.08
5795	1494	46	2	0	0	0	48	2	0.041666666666666664
5796	1469	48	4	0	0	0	52	4	0.07692307692307693
5797	1464	47	2	0	0	0	49	2	0.04081632653061224
5798	1442	45	4	0	0	0	49	4	0.08163265306122448
5799	1479	49	4	0	0	1	54	5	0.09259259259259259
58	1481	47	4	0	0	0	51	4	0.0784313725490196
580	1446	49	1	1	0	0	51	2	0.0392156862745098
5800	1479	49	1	0	0	0	50	1	0.02
5801	1458	44	1	0	0	0	45	1	0.022222222222222223
5802	1487	50	3	0	0	0	53	3	0.05660377358490566
5803	1475	51	0	0	0	0	51	0	0
5804	1472	47	4	1	0	0	52	5	0.09615384615384616
5805	1453	43	6	0	0	0	49	6	0.12244897959183673
5806	1458	50	1	0	0	0	51	1	0.0196078431372549
5807	1455	59	1	0	0	0	60	1	0.016666666666666666
5808	1489	44	3	0	0	0	47	3	0.06382978723404255
5809	1467	46	4	0	0	0	50	4	0.08
581	1439	55	2	0	0	0	57	2	0.03508771929824561
5810	1494	52	5	0	0	0	57	5	0.08771929824561403
5811	1484	35	2	0	0	0	37	2	0.05405405405405406
5812	1449	36	4	0	0	0	40	4	0.1
5813	1476	43	1	0	0	0	44	1	0.022727272727272728
5814	1481	47	4	0	0	0	51	4	0.0784313725490196
5815	1481	51	2	0	0	0	53	2	0.03773584905660377
5816	1457	48	2	0	0	0	50	2	0.04
5817	1474	43	3	0	0	0	46	3	0.06521739130434782
5818	1471	39	3	0	0	0	42	3	0.07142857142857142
5819	1474	35	0	0	0	0	35	0	0
582	1463	44	0	0	0	0	44	0	0
5820	1459	37	2	0	0	0	39	2	0.05128205128205128
5821	1462	44	2	0	0	0	46	2	0.043478260869565216
5822	1487	31	2	0	0	0	33	2	0.06060606060606061
5823	1467	45	3	0	0	0	48	3	0.0625
5824	1462	49	1	0	0	0	50	1	0.02
5825	1476	46	4	0	0	0	50	4	0.08
5826	1492	37	2	0	0	0	39	2	0.05128205128205128
5827	1490	45	4	0	0	0	49	4	0.08163265306122448
5828	1459	43	0	0	0	0	43	0	0
5829	1486	43	2	0	0	0	45	2	0.044444444444444446
583	1471	45	3	1	0	0	49	4	0.08163265306122448
5830	1473	37	3	0	0	0	40	3	0.075
5831	1471	30	2	0	0	0	32	2	0.0625
5832	1503	47	2	0	0	0	49	2	0.04081632653061224
5833	1442	53	3	0	0	0	56	3	0.05357142857142857
5834	1447	45	2	0	0	0	47	2	0.0425531914893617
5835	1489	44	6	0	0	0	50	6	0.12
5836	1484	59	1	0	0	0	60	1	0.016666666666666666
5837	1475	44	3	0	0	0	47	3	0.06382978723404255
5838	1461	51	2	0	0	0	53	2	0.03773584905660377
5839	1468	53	4	0	0	0	57	4	0.07017543859649122
584	1459	47	2	0	0	0	49	2	0.04081632653061224
5840	1460	52	1	0	0	0	53	1	0.018867924528301886
5841	1481	38	2	1	0	0	41	3	0.07317073170731707
5842	1475	41	1	0	0	0	42	1	0.023809523809523808
5843	1464	43	4	0	0	0	47	4	0.0851063829787234
5844	1499	51	3	0	0	0	54	3	0.05555555555555555
5845	1452	42	6	0	0	0	48	6	0.125
5846	1463	54	0	0	0	0	54	0	0
5847	1496	40	0	0	0	0	40	0	0
5848	1467	37	3	0	0	0	40	3	0.075
5849	1450	44	2	0	0	0	46	2	0.043478260869565216
585	1512	45	4	0	0	0	49	4	0.08163265306122448
5850	1525	43	2	0	0	0	45	2	0.044444444444444446
5851	1501	43	0	0	0	0	43	0	0
5852	1487	46	3	0	0	0	49	3	0.061224489795918366
5853	1459	57	7	0	0	0	64	7	0.109375
5854	1475	51	3	0	0	0	54	3	0.05555555555555555
5855	1437	49	0	0	0	0	49	0	0
5856	1426	46	3	0	0	0	49	3	0.061224489795918366
5857	1490	33	4	0	0	0	37	4	0.10810810810810811
5858	1497	49	3	1	0	0	53	4	0.07547169811320754
5859	1503	45	1	0	0	0	46	1	0.021739130434782608
586	1471	42	0	0	0	0	42	0	0
5860	1456	47	3	1	0	0	51	4	0.0784313725490196
5861	1516	43	6	0	0	0	49	6	0.12244897959183673
5862	1443	43	1	0	0	0	44	1	0.022727272727272728
5863	1485	42	1	0	0	0	43	1	0.023255813953488372
5864	1514	34	2	0	0	0	36	2	0.05555555555555555
5865	1483	47	7	0	0	0	54	7	0.12962962962962962
5866	1507	46	2	0	0	0	48	2	0.041666666666666664
5867	1446	36	2	0	0	0	38	2	0.05263157894736842
5868	1520	38	2	1	0	0	41	3	0.07317073170731707
5869	1485	59	6	0	0	0	65	6	0.09230769230769231
587	1493	45	3	0	0	0	48	3	0.0625
5870	1472	49	1	0	0	0	50	1	0.02
5871	1479	49	4	0	0	0	53	4	0.07547169811320754
5872	1456	53	2	0	0	0	55	2	0.03636363636363636
5873	1472	45	2	0	0	0	47	2	0.0425531914893617
5874	1481	36	5	0	0	0	41	5	0.12195121951219512
5875	1481	48	3	0	0	0	51	3	0.058823529411764705
5876	1450	49	4	0	0	0	53	4	0.07547169811320754
5877	1509	46	2	0	0	0	48	2	0.041666666666666664
5878	1461	52	3	0	0	0	55	3	0.05454545454545454
5879	1489	38	3	0	0	0	41	3	0.07317073170731707
588	1468	50	2	0	0	0	52	2	0.038461538461538464
5880	1477	49	1	0	0	0	50	1	0.02
5881	1444	44	1	0	0	0	45	1	0.022222222222222223
5882	1436	40	3	1	0	0	44	4	0.09090909090909091
5883	1462	38	2	0	0	0	40	2	0.05
5884	1483	39	3	0	0	0	42	3	0.07142857142857142
5885	1467	58	3	0	0	0	61	3	0.04918032786885246
5886	1453	41	0	0	0	0	41	0	0
5887	1481	50	4	1	0	0	55	5	0.09090909090909091
5888	1464	31	1	0	0	0	32	1	0.03125
5889	1473	48	0	0	0	0	48	0	0
589	1481	34	0	0	0	0	34	0	0
5890	1486	43	4	0	0	0	47	4	0.0851063829787234
5891	1489	49	3	0	0	0	52	3	0.057692307692307696
5892	1493	46	0	0	0	0	46	0	0
5893	1435	44	5	0	0	0	49	5	0.10204081632653061
5894	1454	48	0	0	0	0	48	0	0
5895	1470	40	0	0	0	0	40	0	0
5896	1464	47	3	0	0	0	50	3	0.06
5897	1517	50	2	0	0	0	52	2	0.038461538461538464
5898	1488	34	1	0	0	0	35	1	0.02857142857142857
5899	1466	66	3	0	0	0	69	3	0.043478260869565216
59	1488	39	1	0	0	0	40	1	0.025
590	1483	47	6	0	0	0	53	6	0.11320754716981132
5900	1465	45	0	0	0	0	45	0	0
5901	1464	34	3	0	0	0	37	3	0.08108108108108109
5902	1461	49	3	0	0	0	52	3	0.057692307692307696
5903	1488	39	1	0	0	0	40	1	0.025
5904	1459	50	2	0	0	0	52	2	0.038461538461538464
5905	1494	25	2	0	0	0	27	2	0.07407407407407407
5906	1488	38	3	0	0	0	41	3	0.07317073170731707
5907	1458	45	1	0	0	0	46	1	0.021739130434782608
5908	1475	54	3	0	0	0	57	3	0.05263157894736842
5909	1480	47	1	0	0	0	48	1	0.020833333333333332
591	1459	50	0	0	0	0	50	0	0
5910	1452	43	1	0	0	0	44	1	0.022727272727272728
5911	1457	36	2	0	0	0	38	2	0.05263157894736842
5912	1457	54	1	0	0	0	55	1	0.01818181818181818
5913	1491	35	1	0	0	0	36	1	0.027777777777777776
5914	1464	48	2	0	0	0	50	2	0.04
5915	1452	63	2	0	0	0	65	2	0.03076923076923077
5916	1484	49	3	0	0	0	52	3	0.057692307692307696
5917	1481	47	2	0	0	0	49	2	0.04081632653061224
5918	1478	44	1	0	0	0	45	1	0.022222222222222223
5919	1497	61	3	0	0	0	64	3	0.046875
592	1497	45	2	0	0	0	47	2	0.0425531914893617
5920	1460	41	3	0	0	0	44	3	0.06818181818181818
5921	1507	42	3	1	0	0	46	4	0.08695652173913043
5922	1469	44	5	0	0	0	49	5	0.10204081632653061
5923	1455	38	1	0	0	0	39	1	0.02564102564102564
5924	1487	44	3	0	0	0	47	3	0.06382978723404255
5925	1475	50	1	0	0	0	51	1	0.0196078431372549
5926	1485	54	4	0	0	0	58	4	0.06896551724137931
5927	1516	41	2	0	0	0	43	2	0.046511627906976744
5928	1476	50	4	1	0	0	55	5	0.09090909090909091
5929	1470	44	2	0	0	0	46	2	0.043478260869565216
593	1462	44	2	1	0	0	47	3	0.06382978723404255
5930	1482	45	0	0	0	0	45	0	0
5931	1519	37	2	2	0	0	41	4	0.0975609756097561
5932	1474	51	2	0	0	0	53	2	0.03773584905660377
5933	1455	43	2	0	0	0	45	2	0.044444444444444446
5934	1506	44	1	0	0	0	45	1	0.022222222222222223
5935	1461	41	0	0	0	0	41	0	0
5936	1502	43	4	0	0	0	47	4	0.0851063829787234
5937	1500	41	2	0	0	0	43	2	0.046511627906976744
5938	1456	41	2	0	0	0	43	2	0.046511627906976744
5939	1467	42	6	1	0	0	49	7	0.14285714285714285
594	1499	48	1	0	0	0	49	1	0.02040816326530612
5940	1455	60	2	2	0	0	64	4	0.0625
5941	1491	46	5	0	0	0	51	5	0.09803921568627451
5942	1488	44	3	1	0	0	48	4	0.08333333333333333
5943	1497	49	3	0	0	0	52	3	0.057692307692307696
5944	1497	48	4	0	0	0	52	4	0.07692307692307693
5945	1476	41	2	0	0	0	43	2	0.046511627906976744
5946	1456	46	2	0	0	0	48	2	0.041666666666666664
5947	1487	46	3	0	0	0	49	3	0.061224489795918366
5948	1458	54	2	0	0	0	56	2	0.03571428571428571
5949	1496	47	2	0	0	0	49	2	0.04081632653061224
595	1459	38	3	0	0	0	41	3	0.07317073170731707
5950	1482	39	3	0	0	0	42	3	0.07142857142857142
5951	1497	31	2	0	0	0	33	2	0.06060606060606061
5952	1458	44	4	1	0	0	49	5	0.10204081632653061
5953	1484	36	1	0	0	0	37	1	0.02702702702702703
5954	1460	43	1	1	0	0	45	2	0.044444444444444446
5955	1498	45	2	0	0	0	47	2	0.0425531914893617
5956	1434	45	2	0	0	0	47	2	0.0425531914893617
5957	1465	44	2	0	0	0	46	2	0.043478260869565216
5958	1464	48	1	0	0	0	49	1	0.02040816326530612
5959	1460	47	0	0	0	0	47	0	0
596	1463	43	3	0	0	0	46	3	0.06521739130434782
5960	1487	56	5	0	0	0	61	5	0.08196721311475409
5961	1481	61	1	0	0	0	62	1	0.016129032258064516
5962	1483	58	0	0	0	0	58	0	0
5963	1441	50	0	0	0	0	50	0	0
5964	1455	49	5	0	0	0	54	5	0.09259259259259259
5965	1465	53	6	1	0	0	60	7	0.11666666666666667
5966	1513	53	3	0	0	0	56	3	0.05357142857142857
5967	1497	39	2	0	0	0	41	2	0.04878048780487805
5968	1481	43	3	1	0	0	47	4	0.0851063829787234
5969	1492	38	3	0	0	0	41	3	0.07317073170731707
597	1507	38	3	0	0	0	41	3	0.07317073170731707
5970	1451	53	1	0	0	0	54	1	0.018518518518518517
5971	1496	51	0	0	0	0	51	0	0
5972	1455	61	4	0	0	0	65	4	0.06153846153846154
5973	1484	48	3	0	0	0	51	3	0.058823529411764705
5974	1430	35	1	0	0	0	36	1	0.027777777777777776
5975	1469	48	2	0	0	0	50	2	0.04
5976	1496	44	3	0	0	0	47	3	0.06382978723404255
5977	1450	56	4	0	0	0	60	4	0.06666666666666667
5978	1474	53	1	0	0	0	54	1	0.018518518518518517
5979	1475	44	3	0	0	0	47	3	0.06382978723404255
598	1505	57	2	2	0	0	61	4	0.06557377049180328
5980	1482	43	4	0	0	0	47	4	0.0851063829787234
5981	1474	37	0	0	0	0	37	0	0
5982	1502	38	2	0	0	0	40	2	0.05
5983	1487	53	1	0	0	0	54	1	0.018518518518518517
5984	1453	50	4	0	0	0	54	4	0.07407407407407407
5985	1497	42	2	0	0	0	44	2	0.045454545454545456
5986	1452	45	2	1	0	0	48	3	0.0625
5987	1445	40	3	0	0	0	43	3	0.06976744186046512
5988	1462	48	5	0	0	0	53	5	0.09433962264150944
5989	1498	31	3	0	0	0	34	3	0.08823529411764706
599	1481	50	2	0	0	0	52	2	0.038461538461538464
5990	1450	50	1	0	0	0	51	1	0.0196078431372549
5991	1500	43	3	0	0	0	46	3	0.06521739130434782
5992	1515	36	5	0	0	0	41	5	0.12195121951219512
5993	1468	38	3	0	0	0	41	3	0.07317073170731707
5994	1470	48	2	0	0	0	50	2	0.04
5995	1463	40	3	0	0	0	43	3	0.06976744186046512
5996	1494	35	1	0	0	0	36	1	0.027777777777777776
5997	1466	40	3	0	0	0	43	3	0.06976744186046512
5998	1441	42	3	0	0	0	45	3	0.06666666666666667
5999	1478	43	1	0	0	0	44	1	0.022727272727272728
6	1515	53	4	0	0	0	57	4	0.07017543859649122
60	1466	50	5	0	0	0	55	5	0.09090909090909091
600	1447	38	2	0	0	0	40	2	0.05
6000	1479	54	4	0	0	0	58	4	0.06896551724137931
6001	1474	55	5	0	0	0	60	5	0.08333333333333333
6002	1490	36	3	0	0	0	39	3	0.07692307692307693
6003	1491	54	2	0	0	0	56	2	0.03571428571428571
6004	1483	44	0	0	0	0	44	0	0
6005	1447	43	2	0	0	0	45	2	0.044444444444444446
6006	1492	39	4	1	0	0	44	5	0.11363636363636363
6007	1457	44	1	1	0	0	46	2	0.043478260869565216
6008	1457	48	6	1	0	0	55	7	0.12727272727272726
6009	1498	52	5	0	0	0	57	5	0.08771929824561403
601	1504	49	4	0	0	0	53	4	0.07547169811320754
6010	1525	43	2	1	0	0	46	3	0.06521739130434782
6011	1470	45	2	0	0	0	47	2	0.0425531914893617
6012	1441	40	3	0	0	0	43	3	0.06976744186046512
6013	1478	47	4	0	0	0	51	4	0.0784313725490196
6014	1441	43	3	0	0	0	46	3	0.06521739130434782
6015	1454	47	2	0	0	0	49	2	0.04081632653061224
6016	1465	44	4	0	0	0	48	4	0.08333333333333333
6017	1487	48	2	0	0	0	50	2	0.04
6018	1482	39	1	0	0	0	40	1	0.025
6019	1464	41	1	1	0	0	43	2	0.046511627906976744
602	1467	54	2	0	0	0	56	2	0.03571428571428571
6020	1464	58	2	0	0	0	60	2	0.03333333333333333
6021	1468	40	3	0	0	0	43	3	0.06976744186046512
6022	1481	45	4	0	0	0	49	4	0.08163265306122448
6023	1449	42	2	0	0	0	44	2	0.045454545454545456
6024	1505	46	3	0	0	0	49	3	0.061224489795918366
6025	1497	56	1	0	0	0	57	1	0.017543859649122806
6026	1474	42	3	0	0	0	45	3	0.06666666666666667
6027	1455	63	3	0	0	0	66	3	0.045454545454545456
6028	1483	53	1	0	0	0	54	1	0.018518518518518517
6029	1477	40	2	0	0	0	42	2	0.047619047619047616
603	1480	46	3	0	0	0	49	3	0.061224489795918366
6030	1470	53	0	0	0	0	53	0	0
6031	1484	44	3	0	0	0	47	3	0.06382978723404255
6032	1455	47	1	0	0	0	48	1	0.020833333333333332
6033	1457	47	2	0	0	0	49	2	0.04081632653061224
6034	1487	40	2	0	0	0	42	2	0.047619047619047616
6035	1456	36	2	0	0	0	38	2	0.05263157894736842
6036	1457	52	3	0	0	0	55	3	0.05454545454545454
6037	1463	39	5	0	0	0	44	5	0.11363636363636363
6038	1490	45	1	0	0	0	46	1	0.021739130434782608
6039	1454	47	2	0	0	0	49	2	0.04081632653061224
604	1473	40	1	1	0	0	42	2	0.047619047619047616
6040	1455	37	3	0	0	0	40	3	0.075
6041	1485	40	1	0	0	0	41	1	0.024390243902439025
6042	1462	49	6	0	0	0	55	6	0.10909090909090909
6043	1518	38	4	0	0	0	42	4	0.09523809523809523
6044	1472	44	0	1	0	0	45	1	0.022222222222222223
6045	1477	45	1	0	0	0	46	1	0.021739130434782608
6046	1463	45	3	0	0	0	48	3	0.0625
6047	1462	34	2	1	0	0	37	3	0.08108108108108109
6048	1461	38	3	1	0	0	42	4	0.09523809523809523
6049	1468	52	2	1	0	0	55	3	0.05454545454545454
605	1468	42	3	0	0	0	45	3	0.06666666666666667
6050	1454	43	0	0	0	0	43	0	0
6051	1471	45	2	0	0	0	47	2	0.0425531914893617
6052	1453	47	1	0	0	0	48	1	0.020833333333333332
6053	1457	52	2	0	0	0	54	2	0.037037037037037035
6054	1471	46	0	0	0	0	46	0	0
6055	1467	61	2	0	0	0	63	2	0.031746031746031744
6056	1481	45	4	0	0	0	49	4	0.08163265306122448
6057	1485	46	2	0	0	0	48	2	0.041666666666666664
6058	1452	46	1	0	0	0	47	1	0.02127659574468085
6059	1477	47	3	0	0	0	50	3	0.06
606	1506	51	1	0	0	0	52	1	0.019230769230769232
6060	1490	43	7	0	0	0	50	7	0.14
6061	1494	36	1	0	0	0	37	1	0.02702702702702703
6062	1470	49	2	0	0	0	51	2	0.0392156862745098
6063	1474	50	5	0	0	0	55	5	0.09090909090909091
6064	1476	61	2	0	0	0	63	2	0.031746031746031744
6065	1487	36	4	0	0	0	40	4	0.1
6066	1488	45	4	0	0	0	49	4	0.08163265306122448
6067	1473	48	5	0	0	0	53	5	0.09433962264150944
6068	1489	51	4	0	0	0	55	4	0.07272727272727272
6069	1440	44	2	0	0	0	46	2	0.043478260869565216
607	1468	55	2	0	0	0	57	2	0.03508771929824561
6070	1484	54	6	0	0	0	60	6	0.1
6071	1496	45	1	0	0	0	46	1	0.021739130434782608
6072	1444	42	1	0	0	0	43	1	0.023255813953488372
6073	1457	36	3	0	0	0	39	3	0.07692307692307693
6074	1476	47	3	0	0	0	50	3	0.06
6075	1477	38	2	0	0	0	40	2	0.05
6076	1475	55	4	0	0	0	59	4	0.06779661016949153
6077	1473	51	1	0	0	0	52	1	0.019230769230769232
6078	1479	41	1	0	0	0	42	1	0.023809523809523808
6079	1441	34	4	0	0	0	38	4	0.10526315789473684
608	1487	34	2	0	0	0	36	2	0.05555555555555555
6080	1452	41	2	0	0	0	43	2	0.046511627906976744
6081	1488	44	4	0	0	0	48	4	0.08333333333333333
6082	1455	47	2	0	0	0	49	2	0.04081632653061224
6083	1458	46	1	1	0	0	48	2	0.041666666666666664
6084	1477	40	2	0	0	0	42	2	0.047619047619047616
6085	1459	45	2	0	0	0	47	2	0.0425531914893617
6086	1476	59	2	0	0	0	61	2	0.03278688524590164
6087	1446	46	3	0	0	0	49	3	0.061224489795918366
6088	1479	44	4	0	0	0	48	4	0.08333333333333333
6089	1454	50	6	0	0	0	56	6	0.10714285714285714
609	1490	38	0	0	0	0	38	0	0
6090	1463	47	2	0	0	0	49	2	0.04081632653061224
6091	1495	45	5	0	0	0	50	5	0.1
6092	1465	58	3	0	0	0	61	3	0.04918032786885246
6093	1497	40	2	0	0	0	42	2	0.047619047619047616
6094	1459	52	1	0	0	0	53	1	0.018867924528301886
6095	1485	44	0	0	0	0	44	0	0
6096	1460	46	1	0	0	0	47	1	0.02127659574468085
6097	1505	44	2	0	0	0	46	2	0.043478260869565216
6098	1472	42	1	1	0	0	44	2	0.045454545454545456
6099	1469	48	4	0	0	0	52	4	0.07692307692307693
61	1446	53	1	0	0	0	54	1	0.018518518518518517
610	1470	38	8	0	0	0	46	8	0.17391304347826086
6100	1511	52	1	0	0	0	53	1	0.018867924528301886
6101	1470	41	0	0	0	0	41	0	0
6102	1452	44	3	0	0	0	47	3	0.06382978723404255
6103	1471	35	1	0	0	0	36	1	0.027777777777777776
6104	1502	47	3	0	0	0	50	3	0.06
6105	1474	41	3	0	0	0	44	3	0.06818181818181818
6106	1482	44	3	0	0	0	47	3	0.06382978723404255
6107	1469	48	1	1	0	0	50	2	0.04
6108	1475	38	0	0	0	0	38	0	0
6109	1469	40	3	0	0	0	43	3	0.06976744186046512
611	1469	30	0	0	0	0	30	0	0
6110	1520	40	2	0	0	0	42	2	0.047619047619047616
6111	1507	40	1	0	0	0	41	1	0.024390243902439025
6112	1450	46	2	0	0	0	48	2	0.041666666666666664
6113	1470	38	5	0	0	0	43	5	0.11627906976744186
6114	1468	40	3	0	0	0	43	3	0.06976744186046512
6115	1468	47	4	0	0	0	51	4	0.0784313725490196
6116	1477	39	1	0	0	0	40	1	0.025
6117	1488	38	2	0	0	0	40	2	0.05
6118	1493	45	1	0	0	0	46	1	0.021739130434782608
6119	1479	44	2	0	0	0	46	2	0.043478260869565216
612	1507	38	4	0	0	0	42	4	0.09523809523809523
6120	1458	51	1	0	0	0	52	1	0.019230769230769232
6121	1472	49	2	0	0	0	51	2	0.0392156862745098
6122	1435	41	3	0	0	0	44	3	0.06818181818181818
6123	1492	53	3	0	0	0	56	3	0.05357142857142857
6124	1484	33	2	0	0	0	35	2	0.05714285714285714
6125	1477	42	2	0	0	0	44	2	0.045454545454545456
6126	1445	41	2	0	0	0	43	2	0.046511627906976744
6127	1475	36	2	0	0	0	38	2	0.05263157894736842
6128	1480	45	4	0	0	0	49	4	0.08163265306122448
6129	1496	43	4	0	0	0	47	4	0.0851063829787234
613	1480	49	1	0	0	0	50	1	0.02
6130	1509	28	3	0	0	0	31	3	0.0967741935483871
6131	1497	37	2	0	0	0	39	2	0.05128205128205128
6132	1455	50	2	0	0	0	52	2	0.038461538461538464
6133	1482	48	0	0	0	0	48	0	0
6134	1494	37	2	0	0	0	39	2	0.05128205128205128
6135	1451	27	2	0	0	0	29	2	0.06896551724137931
6136	1473	48	3	0	0	0	51	3	0.058823529411764705
6137	1489	43	3	0	0	0	46	3	0.06521739130434782
6138	1474	43	1	0	0	0	44	1	0.022727272727272728
6139	1475	46	1	0	0	0	47	1	0.02127659574468085
614	1477	48	1	0	0	0	49	1	0.02040816326530612
6140	1496	41	2	0	0	0	43	2	0.046511627906976744
6141	1446	43	2	0	0	0	45	2	0.044444444444444446
6142	1482	54	1	0	0	0	55	1	0.01818181818181818
6143	1449	51	4	0	0	0	55	4	0.07272727272727272
6144	1467	53	3	0	0	0	56	3	0.05357142857142857
6145	1451	48	1	0	0	0	49	1	0.02040816326530612
6146	1476	36	2	0	0	0	38	2	0.05263157894736842
6147	1449	52	1	0	0	0	53	1	0.018867924528301886
6148	1491	43	1	0	0	0	44	1	0.022727272727272728
6149	1453	49	4	0	0	0	53	4	0.07547169811320754
615	1494	56	2	0	0	0	58	2	0.034482758620689655
6150	1457	42	1	0	0	0	43	1	0.023255813953488372
6151	1456	52	1	0	0	0	53	1	0.018867924528301886
6152	1505	44	2	0	0	0	46	2	0.043478260869565216
6153	1469	49	5	0	0	0	54	5	0.09259259259259259
6154	1479	54	4	0	0	0	58	4	0.06896551724137931
6155	1474	42	2	0	0	0	44	2	0.045454545454545456
6156	1447	45	0	0	0	0	45	0	0
6157	1459	44	6	0	0	0	50	6	0.12
6158	1456	34	4	0	0	0	38	4	0.10526315789473684
6159	1454	48	2	0	0	0	50	2	0.04
616	1500	45	1	0	0	0	46	1	0.021739130434782608
6160	1486	50	3	0	0	0	53	3	0.05660377358490566
6161	1467	45	1	0	0	0	46	1	0.021739130434782608
6162	1496	41	2	0	0	0	43	2	0.046511627906976744
6163	1471	38	1	0	0	0	39	1	0.02564102564102564
6164	1470	51	5	0	0	0	56	5	0.08928571428571429
6165	1478	34	0	0	0	0	34	0	0
6166	1481	50	2	0	0	0	52	2	0.038461538461538464
6167	1493	45	2	0	0	0	47	2	0.0425531914893617
6168	1482	43	0	0	0	0	43	0	0
6169	1458	49	1	0	0	0	50	1	0.02
617	1469	52	5	0	0	0	57	5	0.08771929824561403
6170	1459	49	1	0	0	0	50	1	0.02
6171	1461	47	2	0	0	0	49	2	0.04081632653061224
6172	1477	47	4	1	0	0	52	5	0.09615384615384616
6173	1485	31	3	0	0	0	34	3	0.08823529411764706
6174	1506	50	5	0	0	0	55	5	0.09090909090909091
6175	1471	39	1	0	0	0	40	1	0.025
6176	1464	60	2	0	0	0	62	2	0.03225806451612903
6177	1520	50	3	0	0	0	53	3	0.05660377358490566
6178	1489	38	3	1	0	0	42	4	0.09523809523809523
6179	1484	53	3	0	0	0	56	3	0.05357142857142857
618	1465	53	2	0	0	0	55	2	0.03636363636363636
6180	1491	43	0	0	0	0	43	0	0
6181	1492	54	5	0	0	0	59	5	0.0847457627118644
6182	1475	39	1	0	0	0	40	1	0.025
6183	1457	50	2	0	0	0	52	2	0.038461538461538464
6184	1478	48	1	0	0	0	49	1	0.02040816326530612
6185	1449	34	2	0	0	0	36	2	0.05555555555555555
6186	1481	60	0	0	0	0	60	0	0
6187	1498	45	5	0	0	0	50	5	0.1
6188	1444	40	3	0	0	0	43	3	0.06976744186046512
6189	1454	46	2	0	0	0	48	2	0.041666666666666664
619	1472	50	3	0	0	0	53	3	0.05660377358490566
6190	1500	38	6	0	0	0	44	6	0.13636363636363635
6191	1473	38	4	0	0	0	42	4	0.09523809523809523
6192	1452	36	4	0	0	0	40	4	0.1
6193	1484	41	1	0	0	0	42	1	0.023809523809523808
6194	1473	38	0	0	0	0	38	0	0
6195	1484	48	1	0	0	0	49	1	0.02040816326530612
6196	1484	42	0	0	0	0	42	0	0
6197	1438	56	1	0	0	0	57	1	0.017543859649122806
6198	1443	42	2	0	0	0	44	2	0.045454545454545456
6199	1506	44	5	0	0	0	49	5	0.10204081632653061
62	1504	48	3	0	0	0	51	3	0.058823529411764705
620	1469	54	1	0	0	0	55	1	0.01818181818181818
6200	1450	51	1	0	0	0	52	1	0.019230769230769232
6201	1497	46	1	0	0	0	47	1	0.02127659574468085
6202	1491	35	3	0	0	0	38	3	0.07894736842105263
6203	1483	43	3	0	0	0	46	3	0.06521739130434782
6204	1494	44	3	0	0	0	47	3	0.06382978723404255
6205	1483	49	4	0	0	0	53	4	0.07547169811320754
6206	1468	39	1	0	0	0	40	1	0.025
6207	1489	39	4	0	0	0	43	4	0.09302325581395349
6208	1467	43	4	0	0	0	47	4	0.0851063829787234
6209	1480	53	2	0	0	0	55	2	0.03636363636363636
621	1463	48	1	0	0	0	49	1	0.02040816326530612
6210	1479	52	3	0	0	0	55	3	0.05454545454545454
6211	1431	35	2	0	0	0	37	2	0.05405405405405406
6212	1497	42	1	0	0	0	43	1	0.023255813953488372
6213	1455	42	0	0	0	0	42	0	0
6214	1492	46	1	0	0	0	47	1	0.02127659574468085
6215	1500	44	0	0	0	0	44	0	0
6216	1477	41	3	0	0	0	44	3	0.06818181818181818
6217	1475	45	4	0	0	0	49	4	0.08163265306122448
6218	1472	42	2	0	0	0	44	2	0.045454545454545456
6219	1480	39	2	0	0	0	41	2	0.04878048780487805
622	1462	44	4	0	0	0	48	4	0.08333333333333333
6220	1467	40	3	0	0	0	43	3	0.06976744186046512
6221	1459	46	1	0	0	0	47	1	0.02127659574468085
6222	1466	44	3	2	0	0	49	5	0.10204081632653061
6223	1492	38	2	0	0	0	40	2	0.05
6224	1445	43	2	0	0	0	45	2	0.044444444444444446
6225	1479	30	1	0	0	0	31	1	0.03225806451612903
6226	1458	45	3	0	0	0	48	3	0.0625
6227	1471	53	1	0	0	0	54	1	0.018518518518518517
6228	1483	40	6	0	0	0	46	6	0.13043478260869565
6229	1427	45	4	0	0	0	49	4	0.08163265306122448
623	1448	54	6	0	0	0	60	6	0.1
6230	1463	45	3	1	0	0	49	4	0.08163265306122448
6231	1508	54	3	0	0	0	57	3	0.05263157894736842
6232	1442	48	2	0	0	0	50	2	0.04
6233	1515	39	4	0	0	0	43	4	0.09302325581395349
6234	1458	44	0	0	0	0	44	0	0
6235	1449	47	0	0	0	0	47	0	0
6236	1464	51	3	1	0	0	55	4	0.07272727272727272
6237	1466	41	4	0	0	0	45	4	0.08888888888888889
6238	1477	49	5	0	0	0	54	5	0.09259259259259259
6239	1462	57	3	0	0	0	60	3	0.05
624	1501	32	2	0	0	0	34	2	0.058823529411764705
6240	1504	35	1	1	0	0	37	2	0.05405405405405406
6241	1468	50	2	1	0	0	53	3	0.05660377358490566
6242	1480	46	4	0	0	0	50	4	0.08
6243	1516	34	0	0	0	0	34	0	0
6244	1509	53	3	0	0	0	56	3	0.05357142857142857
6245	1445	50	2	0	0	0	52	2	0.038461538461538464
6246	1482	45	1	0	0	0	46	1	0.021739130434782608
6247	1496	45	4	0	0	0	49	4	0.08163265306122448
6248	1519	43	1	0	0	0	44	1	0.022727272727272728
6249	1434	53	4	0	0	0	57	4	0.07017543859649122
625	1502	34	8	0	0	0	42	8	0.19047619047619047
6250	1462	52	2	0	0	0	54	2	0.037037037037037035
6251	1472	41	1	0	0	0	42	1	0.023809523809523808
6252	1495	50	3	0	0	0	53	3	0.05660377358490566
6253	1467	56	3	0	0	0	59	3	0.05084745762711865
6254	1483	41	3	0	0	0	44	3	0.06818181818181818
6255	1465	39	1	0	0	0	40	1	0.025
6256	1487	52	1	0	0	0	53	1	0.018867924528301886
6257	1495	47	1	0	0	0	48	1	0.020833333333333332
6258	1469	42	5	0	0	0	47	5	0.10638297872340426
6259	1469	48	3	0	0	0	51	3	0.058823529411764705
626	1477	57	3	0	0	0	60	3	0.05
6260	1431	48	4	0	0	0	52	4	0.07692307692307693
6261	1494	42	4	0	0	0	46	4	0.08695652173913043
6262	1469	55	3	0	0	0	58	3	0.05172413793103448
6263	1479	48	1	0	0	0	49	1	0.02040816326530612
6264	1460	43	0	0	0	0	43	0	0
6265	1456	45	3	0	0	0	48	3	0.0625
6266	1460	58	3	0	0	0	61	3	0.04918032786885246
6267	1467	45	4	0	0	0	49	4	0.08163265306122448
6268	1475	41	4	0	0	0	45	4	0.08888888888888889
6269	1475	42	1	0	0	0	43	1	0.023255813953488372
627	1484	45	3	0	0	0	48	3	0.0625
6270	1485	48	0	0	0	0	48	0	0
6271	1450	42	1	0	0	0	43	1	0.023255813953488372
6272	1438	37	0	0	0	0	37	0	0
6273	1466	41	0	0	0	0	41	0	0
6274	1454	48	5	0	0	0	53	5	0.09433962264150944
6275	1452	38	3	0	0	0	41	3	0.07317073170731707
6276	1459	47	1	0	0	0	48	1	0.020833333333333332
6277	1487	34	2	0	0	0	36	2	0.05555555555555555
6278	1461	47	5	0	0	0	52	5	0.09615384615384616
6279	1481	43	4	0	0	0	47	4	0.0851063829787234
628	1452	49	5	0	0	0	54	5	0.09259259259259259
6280	1434	49	5	0	0	0	54	5	0.09259259259259259
6281	1471	34	1	0	0	0	35	1	0.02857142857142857
6282	1465	49	3	0	0	0	52	3	0.057692307692307696
6283	1484	49	3	0	0	0	52	3	0.057692307692307696
6284	1446	62	3	0	0	0	65	3	0.046153846153846156
6285	1463	48	7	0	0	0	55	7	0.12727272727272726
6286	1448	35	3	0	0	0	38	3	0.07894736842105263
6287	1498	34	2	0	0	0	36	2	0.05555555555555555
6288	1450	58	4	0	0	0	62	4	0.06451612903225806
6289	1489	45	0	0	0	0	45	0	0
629	1481	44	2	0	0	0	46	2	0.043478260869565216
6290	1486	46	0	0	0	0	46	0	0
6291	1442	38	2	0	0	0	40	2	0.05
6292	1465	43	2	0	0	0	45	2	0.044444444444444446
6293	1495	33	2	0	0	0	35	2	0.05714285714285714
6294	1489	49	2	1	0	0	52	3	0.057692307692307696
6295	1461	42	2	0	0	0	44	2	0.045454545454545456
6296	1468	46	4	0	0	0	50	4	0.08
6297	1447	51	6	0	0	0	57	6	0.10526315789473684
6298	1457	55	2	0	0	0	57	2	0.03508771929824561
6299	1459	41	3	0	0	0	44	3	0.06818181818181818
63	1484	34	3	1	0	0	38	4	0.10526315789473684
630	1455	60	1	1	0	0	62	2	0.03225806451612903
6300	1479	51	0	0	0	0	51	0	0
6301	1444	46	2	0	0	0	48	2	0.041666666666666664
6302	1458	50	0	0	0	0	50	0	0
6303	1474	43	1	0	0	0	44	1	0.022727272727272728
6304	1462	36	2	0	0	0	38	2	0.05263157894736842
6305	1470	36	0	0	0	0	36	0	0
6306	1474	37	6	0	0	0	43	6	0.13953488372093023
6307	1481	49	2	0	0	0	51	2	0.0392156862745098
6308	1467	57	2	0	0	0	59	2	0.03389830508474576
6309	1467	45	1	0	0	0	46	1	0.021739130434782608
631	1483	47	3	0	0	0	50	3	0.06
6310	1482	52	2	0	0	0	54	2	0.037037037037037035
6311	1498	47	6	0	0	0	53	6	0.11320754716981132
6312	1459	45	3	0	0	0	48	3	0.0625
6313	1463	37	1	0	0	0	38	1	0.02631578947368421
6314	1489	52	3	0	0	0	55	3	0.05454545454545454
6315	1476	39	2	0	0	0	41	2	0.04878048780487805
6316	1452	43	2	0	0	0	45	2	0.044444444444444446
6317	1468	41	1	0	0	0	42	1	0.023809523809523808
6318	1475	51	0	0	0	0	51	0	0
6319	1494	48	4	0	0	0	52	4	0.07692307692307693
632	1488	49	3	0	0	0	52	3	0.057692307692307696
6320	1438	49	3	0	0	0	52	3	0.057692307692307696
6321	1522	49	4	0	0	0	53	4	0.07547169811320754
6322	1513	39	3	0	0	0	42	3	0.07142857142857142
6323	1492	33	5	1	0	0	39	6	0.15384615384615385
6324	1463	51	6	0	0	0	57	6	0.10526315789473684
6325	1455	41	3	0	0	0	44	3	0.06818181818181818
6326	1471	42	2	0	0	0	44	2	0.045454545454545456
6327	1469	54	2	0	0	0	56	2	0.03571428571428571
6328	1467	47	3	0	0	0	50	3	0.06
6329	1475	49	0	0	0	0	49	0	0
633	1473	47	4	0	0	0	51	4	0.0784313725490196
6330	1482	45	2	0	0	0	47	2	0.0425531914893617
6331	1476	45	3	0	0	0	48	3	0.0625
6332	1457	47	2	0	0	0	49	2	0.04081632653061224
6333	1467	36	2	0	0	0	38	2	0.05263157894736842
6334	1492	53	5	0	0	0	58	5	0.08620689655172414
6335	1482	50	5	0	0	0	55	5	0.09090909090909091
6336	1483	45	4	0	0	0	49	4	0.08163265306122448
6337	1485	48	5	0	0	0	53	5	0.09433962264150944
6338	1495	52	1	0	0	0	53	1	0.018867924528301886
6339	1442	44	2	0	0	0	46	2	0.043478260869565216
634	1460	48	3	0	0	0	51	3	0.058823529411764705
6340	1479	54	2	0	0	0	56	2	0.03571428571428571
6341	1497	53	2	1	0	0	56	3	0.05357142857142857
6342	1507	34	4	0	0	0	38	4	0.10526315789473684
6343	1478	50	6	0	0	0	56	6	0.10714285714285714
6344	1481	51	4	0	0	0	55	4	0.07272727272727272
6345	1490	55	1	0	0	0	56	1	0.017857142857142856
6346	1451	38	7	0	0	0	45	7	0.15555555555555556
6347	1474	45	2	1	0	0	48	3	0.0625
6348	1505	53	2	0	0	0	55	2	0.03636363636363636
6349	1482	37	2	0	0	0	39	2	0.05128205128205128
635	1466	40	2	0	0	0	42	2	0.047619047619047616
6350	1478	38	5	0	0	0	43	5	0.11627906976744186
6351	1505	42	3	1	0	0	46	4	0.08695652173913043
6352	1449	39	1	0	0	0	40	1	0.025
6353	1439	40	2	0	0	0	42	2	0.047619047619047616
6354	1416	56	3	0	0	0	59	3	0.05084745762711865
6355	1459	43	1	0	0	0	44	1	0.022727272727272728
6356	1457	54	2	0	0	0	56	2	0.03571428571428571
6357	1500	31	1	1	0	0	33	2	0.06060606060606061
6358	1426	53	1	0	0	0	54	1	0.018518518518518517
6359	1443	55	0	0	0	0	55	0	0
636	1468	43	1	0	0	0	44	1	0.022727272727272728
6360	1462	50	2	0	0	0	52	2	0.038461538461538464
6361	1456	56	5	0	0	0	61	5	0.08196721311475409
6362	1449	42	1	0	0	0	43	1	0.023255813953488372
6363	1451	38	3	0	0	0	41	3	0.07317073170731707
6364	1452	44	3	0	0	0	47	3	0.06382978723404255
6365	1479	59	4	1	0	0	64	5	0.078125
6366	1476	42	2	0	0	0	44	2	0.045454545454545456
6367	1473	54	5	0	0	0	59	5	0.0847457627118644
6368	1469	38	4	0	0	0	42	4	0.09523809523809523
6369	1499	41	4	0	0	0	45	4	0.08888888888888889
637	1486	50	2	0	0	0	52	2	0.038461538461538464
6370	1449	33	3	1	0	0	37	4	0.10810810810810811
6371	1451	50	3	0	1	0	54	4	0.07407407407407407
6372	1455	51	3	0	0	0	54	3	0.05555555555555555
6373	1455	49	3	0	0	0	52	3	0.057692307692307696
6374	1450	52	3	0	0	0	55	3	0.05454545454545454
6375	1454	41	1	0	0	0	42	1	0.023809523809523808
6376	1499	42	0	0	0	0	42	0	0
6377	1460	39	2	0	0	0	41	2	0.04878048780487805
6378	1461	51	0	0	0	0	51	0	0
6379	1451	32	4	0	0	0	36	4	0.1111111111111111
638	1467	40	6	1	0	0	47	7	0.14893617021276595
6380	1485	55	3	0	0	0	58	3	0.05172413793103448
6381	1501	40	1	0	0	0	41	1	0.024390243902439025
6382	1459	58	0	0	0	0	58	0	0
6383	1469	47	5	0	0	0	52	5	0.09615384615384616
6384	1479	41	2	0	0	0	43	2	0.046511627906976744
6385	1514	46	3	0	0	0	49	3	0.061224489795918366
6386	1455	40	2	0	0	0	42	2	0.047619047619047616
6387	1478	46	3	0	0	0	49	3	0.061224489795918366
6388	1502	37	4	0	0	0	41	4	0.0975609756097561
6389	1478	45	8	0	0	0	53	8	0.1509433962264151
639	1482	39	3	0	0	0	42	3	0.07142857142857142
6390	1494	40	0	0	0	0	40	0	0
6391	1471	44	3	0	0	0	47	3	0.06382978723404255
6392	1527	50	2	0	0	0	52	2	0.038461538461538464
6393	1474	44	1	0	0	0	45	1	0.022222222222222223
6394	1455	33	4	0	0	0	37	4	0.10810810810810811
6395	1441	50	1	0	0	0	51	1	0.0196078431372549
6396	1504	41	2	0	0	0	43	2	0.046511627906976744
6397	1508	46	1	0	0	0	47	1	0.02127659574468085
6398	1443	48	3	0	0	0	51	3	0.058823529411764705
6399	1458	46	0	0	0	0	46	0	0
64	1462	38	3	0	0	0	41	3	0.07317073170731707
640	1482	37	0	0	0	0	37	0	0
6400	1505	38	0	0	0	0	38	0	0
6401	1445	34	6	0	0	0	40	6	0.15
6402	1474	25	0	0	0	0	25	0	0
6403	1491	44	3	0	0	0	47	3	0.06382978723404255
6404	1466	51	1	0	0	0	52	1	0.019230769230769232
6405	1450	44	1	1	0	0	46	2	0.043478260869565216
6406	1448	45	2	0	0	0	47	2	0.0425531914893617
6407	1472	55	4	0	0	0	59	4	0.06779661016949153
6408	1477	40	1	0	0	0	41	1	0.024390243902439025
6409	1470	32	0	0	0	0	32	0	0
641	1485	48	1	0	0	0	49	1	0.02040816326530612
6410	1460	47	3	0	0	0	50	3	0.06
6411	1492	41	3	0	0	0	44	3	0.06818181818181818
6412	1451	46	4	1	0	0	51	5	0.09803921568627451
6413	1477	36	4	0	0	0	40	4	0.1
6414	1446	58	3	0	0	0	61	3	0.04918032786885246
6415	1491	50	6	0	0	0	56	6	0.10714285714285714
6416	1481	33	2	0	0	0	35	2	0.05714285714285714
6417	1487	40	3	0	0	0	43	3	0.06976744186046512
6418	1483	52	0	0	0	0	52	0	0
6419	1490	40	2	0	0	0	42	2	0.047619047619047616
642	1508	59	2	0	0	0	61	2	0.03278688524590164
6420	1483	46	3	0	0	0	49	3	0.061224489795918366
6421	1458	50	3	0	0	0	53	3	0.05660377358490566
6422	1515	49	5	0	0	0	54	5	0.09259259259259259
6423	1476	46	1	2	0	0	49	3	0.061224489795918366
6424	1473	46	3	0	0	0	49	3	0.061224489795918366
6425	1504	43	4	0	0	0	47	4	0.0851063829787234
6426	1472	43	2	0	0	0	45	2	0.044444444444444446
6427	1463	46	7	0	0	0	53	7	0.1320754716981132
6428	1476	54	2	0	0	0	56	2	0.03571428571428571
6429	1499	33	4	0	0	0	37	4	0.10810810810810811
643	1473	38	1	1	0	0	40	2	0.05
6430	1460	50	1	0	0	0	51	1	0.0196078431372549
6431	1460	49	3	0	0	0	52	3	0.057692307692307696
6432	1443	44	2	1	0	0	47	3	0.06382978723404255
6433	1468	45	0	0	0	0	45	0	0
6434	1485	42	1	0	0	0	43	1	0.023255813953488372
6435	1479	39	5	0	0	0	44	5	0.11363636363636363
6436	1452	55	2	0	0	0	57	2	0.03508771929824561
6437	1478	48	3	1	0	0	52	4	0.07692307692307693
6438	1487	42	5	0	0	0	47	5	0.10638297872340426
6439	1459	44	0	0	0	0	44	0	0
644	1467	51	4	0	0	0	55	4	0.07272727272727272
6440	1502	42	3	1	0	0	46	4	0.08695652173913043
6441	1505	51	3	0	0	0	54	3	0.05555555555555555
6442	1478	42	2	0	0	0	44	2	0.045454545454545456
6443	1512	43	1	0	0	0	44	1	0.022727272727272728
6444	1486	49	3	0	0	0	52	3	0.057692307692307696
6445	1445	54	4	0	0	0	58	4	0.06896551724137931
6446	1473	55	0	0	0	0	55	0	0
6447	1470	44	2	0	0	0	46	2	0.043478260869565216
6448	1504	49	4	0	0	0	53	4	0.07547169811320754
6449	1466	50	5	0	0	0	55	5	0.09090909090909091
645	1483	57	0	0	0	0	57	0	0
6450	1491	57	1	0	0	0	58	1	0.017241379310344827
6451	1467	51	2	0	0	0	53	2	0.03773584905660377
6452	1481	45	5	0	0	0	50	5	0.1
6453	1470	66	2	0	0	0	68	2	0.029411764705882353
6454	1462	57	3	0	0	0	60	3	0.05
6455	1437	44	2	0	0	0	46	2	0.043478260869565216
6456	1500	49	3	0	0	0	52	3	0.057692307692307696
6457	1482	46	1	0	0	0	47	1	0.02127659574468085
6458	1448	37	2	0	0	0	39	2	0.05128205128205128
6459	1446	49	2	0	0	0	51	2	0.0392156862745098
646	1486	47	2	0	0	0	49	2	0.04081632653061224
6460	1465	48	1	0	0	0	49	1	0.02040816326530612
6461	1494	53	2	1	0	0	56	3	0.05357142857142857
6462	1469	41	2	0	0	0	43	2	0.046511627906976744
6463	1453	40	0	0	0	0	40	0	0
6464	1494	46	3	1	0	0	50	4	0.08
6465	1468	42	1	0	0	0	43	1	0.023255813953488372
6466	1445	36	0	0	0	0	36	0	0
6467	1472	57	2	0	0	0	59	2	0.03389830508474576
6468	1476	46	6	0	0	0	52	6	0.11538461538461539
6469	1454	45	2	0	0	0	47	2	0.0425531914893617
647	1445	49	3	1	0	0	53	4	0.07547169811320754
6470	1467	57	2	0	0	0	59	2	0.03389830508474576
6471	1459	39	2	0	0	0	41	2	0.04878048780487805
6472	1466	50	2	0	0	0	52	2	0.038461538461538464
6473	1497	36	4	0	0	0	40	4	0.1
6474	1493	52	1	0	0	0	53	1	0.018867924528301886
6475	1487	34	4	1	0	0	39	5	0.1282051282051282
6476	1468	50	4	1	0	0	55	5	0.09090909090909091
6477	1507	39	2	0	0	0	41	2	0.04878048780487805
6478	1481	49	2	0	0	0	51	2	0.0392156862745098
6479	1468	40	7	1	0	0	48	8	0.16666666666666666
648	1469	38	1	0	0	0	39	1	0.02564102564102564
6480	1483	43	1	0	0	0	44	1	0.022727272727272728
6481	1499	49	1	0	0	0	50	1	0.02
6482	1466	40	2	0	0	0	42	2	0.047619047619047616
6483	1468	49	3	0	0	0	52	3	0.057692307692307696
6484	1446	40	1	0	0	0	41	1	0.024390243902439025
6485	1461	45	7	0	0	0	52	7	0.1346153846153846
6486	1516	36	1	0	0	0	37	1	0.02702702702702703
6487	1461	51	2	0	0	0	53	2	0.03773584905660377
6488	1485	43	4	0	0	0	47	4	0.0851063829787234
6489	1474	42	2	0	0	0	44	2	0.045454545454545456
649	1490	44	1	0	0	0	45	1	0.022222222222222223
6490	1486	50	3	0	0	0	53	3	0.05660377358490566
6491	1468	42	3	0	0	0	45	3	0.06666666666666667
6492	1461	60	2	0	0	0	62	2	0.03225806451612903
6493	1461	44	1	0	0	0	45	1	0.022222222222222223
6494	1504	48	4	0	0	0	52	4	0.07692307692307693
6495	1470	44	5	0	0	0	49	5	0.10204081632653061
6496	1477	49	1	0	0	0	50	1	0.02
6497	1486	42	3	0	0	0	45	3	0.06666666666666667
6498	1469	48	3	0	0	0	51	3	0.058823529411764705
6499	1489	55	1	0	0	0	56	1	0.017857142857142856
65	1491	58	1	0	0	0	59	1	0.01694915254237288
650	1492	45	4	0	0	0	49	4	0.08163265306122448
6500	1490	44	2	1	0	0	47	3	0.06382978723404255
6501	1448	44	6	0	0	0	50	6	0.12
6502	1462	41	1	0	0	0	42	1	0.023809523809523808
6503	1510	45	3	0	0	0	48	3	0.0625
6504	1462	46	4	1	0	0	51	5	0.09803921568627451
6505	1450	36	2	1	0	0	39	3	0.07692307692307693
6506	1483	43	3	0	0	0	46	3	0.06521739130434782
6507	1491	61	2	0	0	0	63	2	0.031746031746031744
6508	1475	56	1	0	0	0	57	1	0.017543859649122806
6509	1495	59	1	0	0	0	60	1	0.016666666666666666
651	1485	41	0	0	0	0	41	0	0
6510	1469	42	4	0	0	0	46	4	0.08695652173913043
6511	1456	42	4	0	0	0	46	4	0.08695652173913043
6512	1459	43	2	0	0	0	45	2	0.044444444444444446
6513	1463	36	4	0	0	0	40	4	0.1
6514	1501	46	2	0	0	0	48	2	0.041666666666666664
6515	1478	46	7	0	0	0	53	7	0.1320754716981132
6516	1454	41	2	0	0	0	43	2	0.046511627906976744
6517	1474	43	1	1	0	0	45	2	0.044444444444444446
6518	1450	40	3	0	0	0	43	3	0.06976744186046512
6519	1462	44	2	0	0	0	46	2	0.043478260869565216
652	1513	48	7	0	0	0	55	7	0.12727272727272726
6520	1435	36	4	0	0	0	40	4	0.1
6521	1431	43	1	0	0	0	44	1	0.022727272727272728
6522	1462	53	2	0	0	0	55	2	0.03636363636363636
6523	1453	40	2	0	0	0	42	2	0.047619047619047616
6524	1472	36	4	0	0	0	40	4	0.1
6525	1459	49	2	0	0	0	51	2	0.0392156862745098
6526	1437	40	3	0	0	0	43	3	0.06976744186046512
6527	1443	44	4	0	0	0	48	4	0.08333333333333333
6528	1515	44	1	0	0	0	45	1	0.022222222222222223
6529	1474	35	3	0	0	0	38	3	0.07894736842105263
653	1473	39	1	0	0	0	40	1	0.025
6530	1478	44	4	0	0	0	48	4	0.08333333333333333
6531	1456	50	4	0	0	0	54	4	0.07407407407407407
6532	1447	54	3	1	0	0	58	4	0.06896551724137931
6533	1458	46	0	0	0	0	46	0	0
6534	1473	41	2	1	0	0	44	3	0.06818181818181818
6535	1505	32	1	0	0	0	33	1	0.030303030303030304
6536	1492	50	1	0	0	0	51	1	0.0196078431372549
6537	1462	41	2	0	0	0	43	2	0.046511627906976744
6538	1489	55	3	0	0	0	58	3	0.05172413793103448
6539	1460	59	2	0	0	0	61	2	0.03278688524590164
654	1483	38	2	0	0	0	40	2	0.05
6540	1472	57	2	1	0	0	60	3	0.05
6541	1434	48	4	0	0	0	52	4	0.07692307692307693
6542	1468	28	3	1	0	0	32	4	0.125
6543	1446	51	3	0	0	0	54	3	0.05555555555555555
6544	1464	44	2	0	0	0	46	2	0.043478260869565216
6545	1475	55	3	0	0	0	58	3	0.05172413793103448
6546	1477	50	3	0	0	0	53	3	0.05660377358490566
6547	1482	52	2	1	0	0	55	3	0.05454545454545454
6548	1517	32	0	0	0	0	32	0	0
6549	1494	45	2	0	0	0	47	2	0.0425531914893617
655	1464	46	2	0	0	0	48	2	0.041666666666666664
6550	1479	52	2	0	0	0	54	2	0.037037037037037035
6551	1478	39	0	1	0	0	40	1	0.025
6552	1466	44	4	0	0	0	48	4	0.08333333333333333
6553	1457	53	5	0	0	0	58	5	0.08620689655172414
6554	1463	35	2	0	0	0	37	2	0.05405405405405406
6555	1431	63	2	0	0	0	65	2	0.03076923076923077
6556	1470	38	1	0	0	0	39	1	0.02564102564102564
6557	1483	57	2	0	0	0	59	2	0.03389830508474576
6558	1451	43	2	0	0	0	45	2	0.044444444444444446
6559	1457	43	1	0	0	0	44	1	0.022727272727272728
656	1444	42	3	0	0	0	45	3	0.06666666666666667
6560	1480	41	2	0	0	0	43	2	0.046511627906976744
6561	1472	45	2	0	0	0	47	2	0.0425531914893617
6562	1476	44	3	0	0	0	47	3	0.06382978723404255
6563	1477	46	2	0	0	0	48	2	0.041666666666666664
6564	1486	47	3	0	0	0	50	3	0.06
6565	1461	54	4	0	0	0	58	4	0.06896551724137931
6566	1452	48	4	0	0	0	52	4	0.07692307692307693
6567	1501	48	4	0	0	0	52	4	0.07692307692307693
6568	1478	36	4	0	0	0	40	4	0.1
6569	1449	50	4	1	0	0	55	5	0.09090909090909091
657	1484	62	3	0	0	0	65	3	0.046153846153846156
6570	1452	32	2	0	0	0	34	2	0.058823529411764705
6571	1503	47	3	0	0	0	50	3	0.06
6572	1447	50	3	1	0	0	54	4	0.07407407407407407
6573	1456	50	5	0	0	0	55	5	0.09090909090909091
6574	1468	49	2	0	0	0	51	2	0.0392156862745098
6575	1459	45	5	0	0	0	50	5	0.1
6576	1484	39	1	0	0	0	40	1	0.025
6577	1494	40	6	0	0	0	46	6	0.13043478260869565
6578	1459	52	0	0	0	0	52	0	0
6579	1482	39	2	0	0	0	41	2	0.04878048780487805
658	1486	46	2	0	0	0	48	2	0.041666666666666664
6580	1474	56	2	0	0	0	58	2	0.034482758620689655
6581	1479	53	1	0	0	0	54	1	0.018518518518518517
6582	1483	53	2	0	0	0	55	2	0.03636363636363636
6583	1480	49	4	1	0	0	54	5	0.09259259259259259
6584	1474	51	2	0	0	0	53	2	0.03773584905660377
6585	1477	39	3	0	0	0	42	3	0.07142857142857142
6586	1471	45	4	0	0	0	49	4	0.08163265306122448
6587	1461	61	6	0	0	0	67	6	0.08955223880597014
6588	1479	43	3	0	0	0	46	3	0.06521739130434782
6589	1470	53	1	0	0	0	54	1	0.018518518518518517
659	1468	49	1	0	0	0	50	1	0.02
6590	1448	53	3	0	0	0	56	3	0.05357142857142857
6591	1485	52	4	0	0	0	56	4	0.07142857142857142
6592	1478	48	3	0	0	0	51	3	0.058823529411764705
6593	1460	49	2	0	0	0	51	2	0.0392156862745098
6594	1460	50	4	0	0	0	54	4	0.07407407407407407
6595	1470	41	3	0	0	0	44	3	0.06818181818181818
6596	1480	54	4	0	0	0	58	4	0.06896551724137931
6597	1484	45	2	1	0	0	48	3	0.0625
6598	1468	47	2	0	0	0	49	2	0.04081632653061224
6599	1447	62	3	0	0	0	65	3	0.046153846153846156
66	1438	36	5	0	0	0	41	5	0.12195121951219512
660	1441	44	0	0	0	0	44	0	0
6600	1476	51	3	0	0	0	54	3	0.05555555555555555
6601	1493	38	4	0	0	0	42	4	0.09523809523809523
6602	1471	43	3	0	0	0	46	3	0.06521739130434782
6603	1467	41	0	1	0	0	42	1	0.023809523809523808
6604	1465	40	2	0	0	0	42	2	0.047619047619047616
6605	1463	31	3	0	0	0	34	3	0.08823529411764706
6606	1476	42	1	0	0	0	43	1	0.023255813953488372
6607	1457	46	3	0	0	0	49	3	0.061224489795918366
6608	1450	49	2	0	0	0	51	2	0.0392156862745098
6609	1466	50	4	0	0	0	54	4	0.07407407407407407
661	1501	55	3	1	0	0	59	4	0.06779661016949153
6610	1450	47	1	0	0	0	48	1	0.020833333333333332
6611	1481	46	6	0	0	0	52	6	0.11538461538461539
6612	1460	51	2	0	0	0	53	2	0.03773584905660377
6613	1489	53	2	0	0	0	55	2	0.03636363636363636
6614	1461	54	2	0	0	0	56	2	0.03571428571428571
6615	1469	52	3	0	0	0	55	3	0.05454545454545454
6616	1461	51	2	0	0	0	53	2	0.03773584905660377
6617	1485	51	1	0	0	0	52	1	0.019230769230769232
6618	1452	55	4	0	0	0	59	4	0.06779661016949153
6619	1447	58	2	0	0	0	60	2	0.03333333333333333
662	1501	45	0	0	0	0	45	0	0
6620	1468	43	5	0	0	0	48	5	0.10416666666666667
6621	1445	45	4	0	0	0	49	4	0.08163265306122448
6622	1486	46	3	0	0	0	49	3	0.061224489795918366
6623	1474	54	1	0	0	0	55	1	0.01818181818181818
6624	1448	33	2	0	0	0	35	2	0.05714285714285714
6625	1476	35	2	0	0	0	37	2	0.05405405405405406
6626	1482	44	3	0	0	0	47	3	0.06382978723404255
6627	1498	44	4	0	0	0	48	4	0.08333333333333333
6628	1471	42	5	0	0	0	47	5	0.10638297872340426
6629	1449	37	2	0	0	0	39	2	0.05128205128205128
663	1474	45	3	0	0	0	48	3	0.0625
6630	1478	52	3	0	0	0	55	3	0.05454545454545454
6631	1460	43	4	1	0	0	48	5	0.10416666666666667
6632	1459	49	1	0	0	0	50	1	0.02
6633	1468	43	1	0	0	0	44	1	0.022727272727272728
6634	1489	52	2	0	0	0	54	2	0.037037037037037035
6635	1483	47	7	0	0	0	54	7	0.12962962962962962
6636	1459	43	1	1	0	0	45	2	0.044444444444444446
6637	1477	47	1	0	0	0	48	1	0.020833333333333332
6638	1471	38	4	0	0	0	42	4	0.09523809523809523
6639	1501	50	3	0	0	0	53	3	0.05660377358490566
664	1483	50	2	1	0	0	53	3	0.05660377358490566
6640	1484	51	1	0	0	0	52	1	0.019230769230769232
6641	1453	53	2	0	0	0	55	2	0.03636363636363636
6642	1498	32	4	0	0	0	36	4	0.1111111111111111
6643	1472	33	3	0	0	0	36	3	0.08333333333333333
6644	1487	44	3	0	0	0	47	3	0.06382978723404255
6645	1481	54	3	0	0	0	57	3	0.05263157894736842
6646	1471	47	0	0	0	0	47	0	0
6647	1474	48	2	1	0	0	51	3	0.058823529411764705
6648	1490	50	1	0	0	0	51	1	0.0196078431372549
6649	1461	49	2	0	0	0	51	2	0.0392156862745098
665	1450	44	2	0	0	0	46	2	0.043478260869565216
6650	1504	49	3	0	0	0	52	3	0.057692307692307696
6651	1491	39	2	0	0	0	41	2	0.04878048780487805
6652	1509	51	3	0	0	0	54	3	0.05555555555555555
6653	1490	55	3	0	0	0	58	3	0.05172413793103448
6654	1490	46	1	0	0	0	47	1	0.02127659574468085
6655	1474	53	5	0	0	0	58	5	0.08620689655172414
6656	1484	46	0	0	0	0	46	0	0
6657	1463	43	3	0	0	0	46	3	0.06521739130434782
6658	1511	54	0	0	0	0	54	0	0
6659	1475	35	2	0	0	0	37	2	0.05405405405405406
666	1488	37	2	0	0	0	39	2	0.05128205128205128
6660	1471	32	0	0	0	0	32	0	0
6661	1456	49	3	0	0	0	52	3	0.057692307692307696
6662	1494	41	4	0	0	0	45	4	0.08888888888888889
6663	1492	37	2	0	0	0	39	2	0.05128205128205128
6664	1480	32	4	0	0	0	36	4	0.1111111111111111
6665	1491	38	2	0	0	0	40	2	0.05
6666	1456	62	3	0	0	0	65	3	0.046153846153846156
6667	1470	49	3	0	0	0	52	3	0.057692307692307696
6668	1463	59	2	0	0	0	61	2	0.03278688524590164
6669	1497	52	3	0	0	0	55	3	0.05454545454545454
667	1488	48	1	0	0	0	49	1	0.02040816326530612
6670	1494	39	3	0	0	0	42	3	0.07142857142857142
6671	1465	43	2	0	0	0	45	2	0.044444444444444446
6672	1473	46	2	0	0	0	48	2	0.041666666666666664
6673	1466	48	3	0	0	0	51	3	0.058823529411764705
6674	1482	37	1	0	0	0	38	1	0.02631578947368421
6675	1489	44	2	2	0	0	48	4	0.08333333333333333
6676	1503	38	2	0	0	0	40	2	0.05
6677	1511	48	2	0	0	0	50	2	0.04
6678	1479	50	2	0	0	0	52	2	0.038461538461538464
6679	1469	48	2	1	0	0	51	3	0.058823529411764705
668	1455	42	1	0	0	0	43	1	0.023255813953488372
6680	1444	48	2	0	0	0	50	2	0.04
6681	1461	44	7	0	0	0	51	7	0.13725490196078433
6682	1460	44	1	0	0	0	45	1	0.022222222222222223
6683	1468	52	2	0	0	0	54	2	0.037037037037037035
6684	1453	47	3	0	0	0	50	3	0.06
6685	1493	39	5	1	0	0	45	6	0.13333333333333333
6686	1454	57	3	0	0	0	60	3	0.05
6687	1480	45	1	1	0	0	47	2	0.0425531914893617
6688	1463	52	1	0	0	0	53	1	0.018867924528301886
6689	1487	48	4	0	0	0	52	4	0.07692307692307693
669	1468	47	2	0	0	0	49	2	0.04081632653061224
6690	1463	44	2	0	0	0	46	2	0.043478260869565216
6691	1510	51	0	0	0	0	51	0	0
6692	1512	51	3	0	0	0	54	3	0.05555555555555555
6693	1450	40	4	0	0	0	44	4	0.09090909090909091
6694	1452	48	3	1	0	0	52	4	0.07692307692307693
6695	1426	37	1	0	0	0	38	1	0.02631578947368421
6696	1484	52	1	0	0	0	53	1	0.018867924528301886
6697	1473	38	2	0	0	0	40	2	0.05
6698	1490	37	1	1	0	0	39	2	0.05128205128205128
6699	1444	44	5	0	0	0	49	5	0.10204081632653061
67	1487	36	0	0	0	0	36	0	0
670	1464	46	5	1	0	0	52	6	0.11538461538461539
6700	1478	46	4	0	0	0	50	4	0.08
6701	1520	48	2	0	0	0	50	2	0.04
6702	1483	45	2	0	0	0	47	2	0.0425531914893617
6703	1472	42	2	0	0	0	44	2	0.045454545454545456
6704	1481	54	3	0	0	0	57	3	0.05263157894736842
6705	1486	38	3	1	0	0	42	4	0.09523809523809523
6706	1508	40	4	0	0	0	44	4	0.09090909090909091
6707	1449	43	1	1	0	0	45	2	0.044444444444444446
6708	1471	44	5	0	0	0	49	5	0.10204081632653061
6709	1459	46	1	0	0	0	47	1	0.02127659574468085
671	1450	51	2	0	0	0	53	2	0.03773584905660377
6710	1470	40	0	0	0	0	40	0	0
6711	1498	42	1	0	0	0	43	1	0.023255813953488372
6712	1445	46	2	0	0	0	48	2	0.041666666666666664
6713	1483	49	3	0	0	0	52	3	0.057692307692307696
6714	1471	53	3	0	0	0	56	3	0.05357142857142857
6715	1485	39	4	0	0	0	43	4	0.09302325581395349
6716	1473	40	5	0	0	0	45	5	0.1111111111111111
6717	1473	58	4	0	0	0	62	4	0.06451612903225806
6718	1443	58	0	0	0	0	58	0	0
6719	1477	52	1	0	0	0	53	1	0.018867924528301886
672	1477	42	2	0	0	0	44	2	0.045454545454545456
6720	1457	56	3	0	0	0	59	3	0.05084745762711865
6721	1482	37	1	0	0	0	38	1	0.02631578947368421
6722	1489	50	2	0	0	0	52	2	0.038461538461538464
6723	1465	44	4	0	0	0	48	4	0.08333333333333333
6724	1470	59	0	0	0	0	59	0	0
6725	1475	38	3	0	0	0	41	3	0.07317073170731707
6726	1487	53	2	0	0	0	55	2	0.03636363636363636
6727	1493	30	6	0	0	0	36	6	0.16666666666666666
6728	1495	54	3	0	0	0	57	3	0.05263157894736842
6729	1458	40	1	0	0	0	41	1	0.024390243902439025
673	1468	46	4	0	0	0	50	4	0.08
6730	1505	42	1	0	0	0	43	1	0.023255813953488372
6731	1463	41	2	0	0	0	43	2	0.046511627906976744
6732	1482	33	2	0	0	0	35	2	0.05714285714285714
6733	1473	45	2	0	0	0	47	2	0.0425531914893617
6734	1501	64	2	0	0	0	66	2	0.030303030303030304
6735	1464	47	1	0	0	0	48	1	0.020833333333333332
6736	1488	34	6	0	0	0	40	6	0.15
6737	1469	52	3	0	0	0	55	3	0.05454545454545454
6738	1501	44	3	0	0	0	47	3	0.06382978723404255
6739	1472	45	2	0	0	0	47	2	0.0425531914893617
674	1468	44	1	0	0	0	45	1	0.022222222222222223
6740	1481	58	2	0	0	0	60	2	0.03333333333333333
6741	1481	37	2	0	0	0	39	2	0.05128205128205128
6742	1458	45	2	0	0	0	47	2	0.0425531914893617
6743	1468	51	3	0	0	0	54	3	0.05555555555555555
6744	1478	34	1	0	0	0	35	1	0.02857142857142857
6745	1475	53	1	0	0	0	54	1	0.018518518518518517
6746	1494	41	1	0	0	0	42	1	0.023809523809523808
6747	1458	45	3	0	0	0	48	3	0.0625
6748	1490	46	4	0	0	0	50	4	0.08
6749	1457	36	2	0	0	0	38	2	0.05263157894736842
675	1475	47	1	0	0	0	48	1	0.020833333333333332
6750	1431	48	1	0	0	0	49	1	0.02040816326530612
6751	1487	39	3	0	0	0	42	3	0.07142857142857142
6752	1520	45	0	0	0	0	45	0	0
6753	1447	42	4	0	0	0	46	4	0.08695652173913043
6754	1498	53	1	0	0	0	54	1	0.018518518518518517
6755	1492	46	3	0	0	0	49	3	0.061224489795918366
6756	1481	48	1	0	0	0	49	1	0.02040816326530612
6757	1505	53	3	0	0	0	56	3	0.05357142857142857
6758	1507	45	3	0	0	0	48	3	0.0625
6759	1507	44	0	0	0	0	44	0	0
676	1432	45	3	0	0	0	48	3	0.0625
6760	1511	37	2	0	0	0	39	2	0.05128205128205128
6761	1470	42	1	0	0	0	43	1	0.023255813953488372
6762	1487	41	0	0	0	0	41	0	0
6763	1473	49	0	0	0	0	49	0	0
6764	1458	56	2	1	0	0	59	3	0.05084745762711865
6765	1479	63	4	0	0	0	67	4	0.05970149253731343
6766	1468	48	1	1	0	0	50	2	0.04
6767	1488	40	2	0	0	0	42	2	0.047619047619047616
6768	1502	47	2	0	0	0	49	2	0.04081632653061224
6769	1526	43	3	0	0	0	46	3	0.06521739130434782
677	1481	48	1	0	0	0	49	1	0.02040816326530612
6770	1482	48	3	0	0	0	51	3	0.058823529411764705
6771	1496	39	2	0	0	0	41	2	0.04878048780487805
6772	1480	35	3	0	0	0	38	3	0.07894736842105263
6773	1445	38	3	0	0	0	41	3	0.07317073170731707
6774	1469	40	4	0	0	0	44	4	0.09090909090909091
6775	1474	52	4	0	0	0	56	4	0.07142857142857142
6776	1467	51	1	0	0	0	52	1	0.019230769230769232
6777	1500	45	3	0	0	0	48	3	0.0625
6778	1487	29	2	0	0	0	31	2	0.06451612903225806
6779	1492	52	1	0	0	0	53	1	0.018867924528301886
678	1473	48	1	0	0	0	49	1	0.02040816326530612
6780	1467	41	1	0	0	0	42	1	0.023809523809523808
6781	1432	60	3	0	0	0	63	3	0.047619047619047616
6782	1448	42	1	0	0	0	43	1	0.023255813953488372
6783	1473	42	4	0	0	0	46	4	0.08695652173913043
6784	1435	45	0	0	0	0	45	0	0
6785	1487	59	2	0	0	0	61	2	0.03278688524590164
6786	1455	46	3	0	0	0	49	3	0.061224489795918366
6787	1468	41	5	0	0	0	46	5	0.10869565217391304
6788	1438	48	3	0	0	0	51	3	0.058823529411764705
6789	1445	45	5	0	0	0	50	5	0.1
679	1479	53	0	1	0	0	54	1	0.018518518518518517
6790	1466	46	3	0	0	0	49	3	0.061224489795918366
6791	1497	35	2	0	0	0	37	2	0.05405405405405406
6792	1493	44	8	0	0	0	52	8	0.15384615384615385
6793	1464	54	4	1	0	0	59	5	0.0847457627118644
6794	1478	42	4	0	0	0	46	4	0.08695652173913043
6795	1458	39	0	0	0	0	39	0	0
6796	1449	44	0	1	0	0	45	1	0.022222222222222223
6797	1486	54	2	1	0	0	57	3	0.05263157894736842
6798	1468	37	7	0	0	0	44	7	0.1590909090909091
6799	1450	54	0	1	0	0	55	1	0.01818181818181818
68	1442	49	3	0	0	0	52	3	0.057692307692307696
680	1457	51	4	0	0	0	55	4	0.07272727272727272
6800	1475	39	4	0	0	0	43	4	0.09302325581395349
6801	1490	38	1	0	0	0	39	1	0.02564102564102564
6802	1472	43	4	0	0	0	47	4	0.0851063829787234
6803	1452	33	2	0	0	0	35	2	0.05714285714285714
6804	1470	42	4	0	0	0	46	4	0.08695652173913043
6805	1449	51	1	0	0	0	52	1	0.019230769230769232
6806	1458	50	3	0	0	0	53	3	0.05660377358490566
6807	1488	49	3	0	0	0	52	3	0.057692307692307696
6808	1464	41	2	0	0	0	43	2	0.046511627906976744
6809	1464	36	4	0	0	0	40	4	0.1
681	1460	43	3	0	0	0	46	3	0.06521739130434782
6810	1486	37	3	0	0	0	40	3	0.075
6811	1429	48	4	0	0	0	52	4	0.07692307692307693
6812	1463	39	5	0	0	0	44	5	0.11363636363636363
6813	1476	47	2	0	0	0	49	2	0.04081632653061224
6814	1474	46	2	1	0	0	49	3	0.061224489795918366
6815	1500	43	6	0	0	0	49	6	0.12244897959183673
6816	1460	38	4	0	0	0	42	4	0.09523809523809523
6817	1473	38	3	1	0	0	42	4	0.09523809523809523
6818	1511	61	2	0	0	0	63	2	0.031746031746031744
6819	1489	38	1	0	0	0	39	1	0.02564102564102564
682	1454	37	3	0	0	0	40	3	0.075
6820	1489	42	0	0	0	0	42	0	0
6821	1451	52	2	0	0	0	54	2	0.037037037037037035
6822	1474	54	3	0	0	0	57	3	0.05263157894736842
6823	1466	38	3	0	0	0	41	3	0.07317073170731707
6824	1482	45	7	0	0	0	52	7	0.1346153846153846
6825	1482	37	1	0	0	0	38	1	0.02631578947368421
6826	1449	46	1	0	0	0	47	1	0.02127659574468085
6827	1495	38	0	0	0	0	38	0	0
6828	1476	44	2	0	0	0	46	2	0.043478260869565216
6829	1445	43	1	0	0	0	44	1	0.022727272727272728
683	1471	43	0	0	0	0	43	0	0
6830	1475	44	2	0	0	0	46	2	0.043478260869565216
6831	1499	43	2	0	0	0	45	2	0.044444444444444446
6832	1478	47	2	0	0	0	49	2	0.04081632653061224
6833	1456	41	2	0	0	0	43	2	0.046511627906976744
6834	1434	49	1	0	0	0	50	1	0.02
6835	1469	42	0	0	0	0	42	0	0
6836	1441	43	2	0	0	0	45	2	0.044444444444444446
6837	1477	47	1	0	0	0	48	1	0.020833333333333332
6838	1481	53	4	0	0	0	57	4	0.07017543859649122
6839	1468	50	3	0	0	0	53	3	0.05660377358490566
684	1472	53	3	0	0	0	56	3	0.05357142857142857
6840	1438	45	4	0	0	0	49	4	0.08163265306122448
6841	1497	45	3	0	0	0	48	3	0.0625
6842	1487	58	4	0	0	0	62	4	0.06451612903225806
6843	1465	38	1	0	0	0	39	1	0.02564102564102564
6844	1469	46	5	0	0	0	51	5	0.09803921568627451
6845	1479	49	4	0	0	0	53	4	0.07547169811320754
6846	1466	51	2	0	0	0	53	2	0.03773584905660377
6847	1481	48	4	2	0	0	54	6	0.1111111111111111
6848	1485	41	2	0	0	0	43	2	0.046511627906976744
6849	1467	41	5	0	0	0	46	5	0.10869565217391304
685	1484	46	5	0	0	0	51	5	0.09803921568627451
6850	1514	45	2	1	0	0	48	3	0.0625
6851	1475	39	1	0	0	0	40	1	0.025
6852	1454	47	3	0	0	0	50	3	0.06
6853	1473	37	2	0	0	0	39	2	0.05128205128205128
6854	1490	49	1	0	0	0	50	1	0.02
6855	1469	51	3	0	0	0	54	3	0.05555555555555555
6856	1499	35	0	2	0	0	37	2	0.05405405405405406
6857	1502	56	0	0	0	0	56	0	0
6858	1464	37	0	0	0	0	37	0	0
6859	1507	38	0	0	0	0	38	0	0
686	1460	43	8	0	0	0	51	8	0.1568627450980392
6860	1454	36	5	0	0	0	41	5	0.12195121951219512
6861	1490	34	2	0	0	0	36	2	0.05555555555555555
6862	1499	58	4	0	0	0	62	4	0.06451612903225806
6863	1499	42	4	0	0	0	46	4	0.08695652173913043
6864	1460	46	5	0	0	0	51	5	0.09803921568627451
6865	1474	45	2	0	0	0	47	2	0.0425531914893617
6866	1441	43	1	0	0	0	44	1	0.022727272727272728
6867	1502	50	3	0	0	0	53	3	0.05660377358490566
6868	1473	55	1	0	0	0	56	1	0.017857142857142856
6869	1456	49	2	0	0	0	51	2	0.0392156862745098
687	1500	42	4	0	0	0	46	4	0.08695652173913043
6870	1490	50	3	0	0	0	53	3	0.05660377358490566
6871	1506	44	2	0	0	0	46	2	0.043478260869565216
6872	1483	41	1	1	0	0	43	2	0.046511627906976744
6873	1479	41	0	0	0	0	41	0	0
6874	1470	39	4	0	0	0	43	4	0.09302325581395349
6875	1498	50	4	0	0	0	54	4	0.07407407407407407
6876	1469	52	1	0	0	0	53	1	0.018867924528301886
6877	1450	34	6	1	0	0	41	7	0.17073170731707318
6878	1475	42	2	1	0	0	45	3	0.06666666666666667
6879	1498	42	5	0	0	0	47	5	0.10638297872340426
688	1447	42	3	1	0	0	46	4	0.08695652173913043
6880	1482	46	2	1	1	0	50	4	0.08
6881	1485	32	1	0	0	0	33	1	0.030303030303030304
6882	1463	35	4	0	0	0	39	4	0.10256410256410256
6883	1462	49	1	0	0	0	50	1	0.02
6884	1461	52	4	0	0	0	56	4	0.07142857142857142
6885	1454	40	2	0	0	0	42	2	0.047619047619047616
6886	1508	38	2	0	0	0	40	2	0.05
6887	1445	45	3	0	0	0	48	3	0.0625
6888	1456	51	2	0	0	0	53	2	0.03773584905660377
6889	1491	46	3	0	0	0	49	3	0.061224489795918366
689	1476	39	2	1	0	0	42	3	0.07142857142857142
6890	1489	49	6	0	0	0	55	6	0.10909090909090909
6891	1495	46	0	0	0	0	46	0	0
6892	1505	39	2	0	0	0	41	2	0.04878048780487805
6893	1493	36	0	0	0	0	36	0	0
6894	1478	43	3	0	0	0	46	3	0.06521739130434782
6895	1464	49	3	0	0	0	52	3	0.057692307692307696
6896	1461	51	6	0	0	0	57	6	0.10526315789473684
6897	1467	52	1	1	0	0	54	2	0.037037037037037035
6898	1461	50	1	1	0	0	52	2	0.038461538461538464
6899	1494	38	0	0	0	0	38	0	0
69	1480	44	7	0	0	0	51	7	0.13725490196078433
690	1468	27	4	1	0	0	32	5	0.15625
6900	1465	56	1	0	0	0	57	1	0.017543859649122806
6901	1485	41	4	0	0	0	45	4	0.08888888888888889
6902	1468	45	5	0	0	0	50	5	0.1
6903	1485	53	4	0	0	0	57	4	0.07017543859649122
6904	1466	51	2	1	0	0	54	3	0.05555555555555555
6905	1481	52	1	0	0	0	53	1	0.018867924528301886
6906	1476	64	4	0	0	0	68	4	0.058823529411764705
6907	1471	44	4	0	0	0	48	4	0.08333333333333333
6908	1498	46	3	0	0	0	49	3	0.061224489795918366
6909	1458	46	0	0	0	0	46	0	0
691	1453	38	5	1	0	0	44	6	0.13636363636363635
6910	1497	46	1	0	0	0	47	1	0.02127659574468085
6911	1469	50	3	0	0	0	53	3	0.05660377358490566
6912	1487	51	3	0	0	0	54	3	0.05555555555555555
6913	1475	46	2	0	0	0	48	2	0.041666666666666664
6914	1470	57	3	0	0	0	60	3	0.05
6915	1479	40	5	0	0	0	45	5	0.1111111111111111
6916	1467	51	0	0	0	0	51	0	0
6917	1479	46	2	0	0	0	48	2	0.041666666666666664
6918	1479	50	3	0	0	0	53	3	0.05660377358490566
6919	1445	46	4	0	0	0	50	4	0.08
692	1463	39	5	0	0	0	44	5	0.11363636363636363
6920	1467	48	2	0	0	0	50	2	0.04
6921	1484	42	2	0	0	0	44	2	0.045454545454545456
6922	1460	44	1	0	0	0	45	1	0.022222222222222223
6923	1445	50	2	0	0	0	52	2	0.038461538461538464
6924	1492	44	3	1	0	0	48	4	0.08333333333333333
6925	1501	47	2	0	0	0	49	2	0.04081632653061224
6926	1459	45	0	0	0	0	45	0	0
6927	1489	52	3	1	0	0	56	4	0.07142857142857142
6928	1475	45	0	0	0	0	45	0	0
6929	1475	45	2	0	0	0	47	2	0.0425531914893617
693	1450	33	5	0	0	0	38	5	0.13157894736842105
6930	1441	43	6	0	0	0	49	6	0.12244897959183673
6931	1506	39	1	0	0	0	40	1	0.025
6932	1475	48	2	0	0	0	50	2	0.04
6933	1481	45	0	0	0	0	45	0	0
6934	1487	39	1	0	0	0	40	1	0.025
6935	1475	48	1	0	0	0	49	1	0.02040816326530612
6936	1465	54	2	0	0	0	56	2	0.03571428571428571
6937	1443	48	1	0	0	0	49	1	0.02040816326530612
6938	1471	54	0	0	0	0	54	0	0
6939	1471	43	3	0	0	0	46	3	0.06521739130434782
694	1475	40	2	0	0	0	42	2	0.047619047619047616
6940	1497	43	1	0	0	0	44	1	0.022727272727272728
6941	1468	43	2	0	0	0	45	2	0.044444444444444446
6942	1480	39	1	0	0	0	40	1	0.025
6943	1470	37	2	0	0	0	39	2	0.05128205128205128
6944	1481	42	4	2	0	0	48	6	0.125
6945	1510	48	2	0	0	0	50	2	0.04
6946	1474	40	0	0	0	0	40	0	0
6947	1452	43	4	0	0	0	47	4	0.0851063829787234
6948	1436	43	3	1	0	0	47	4	0.0851063829787234
6949	1492	45	3	0	0	0	48	3	0.0625
695	1480	38	1	0	0	0	39	1	0.02564102564102564
6950	1467	37	4	0	0	0	41	4	0.0975609756097561
6951	1486	55	3	0	0	0	58	3	0.05172413793103448
6952	1454	44	2	0	0	0	46	2	0.043478260869565216
6953	1489	62	0	0	0	0	62	0	0
6954	1463	41	3	0	0	0	44	3	0.06818181818181818
6955	1485	50	0	0	0	0	50	0	0
6956	1496	35	2	0	0	0	37	2	0.05405405405405406
6957	1484	45	2	1	0	0	48	3	0.0625
6958	1499	46	2	0	0	0	48	2	0.041666666666666664
6959	1470	50	2	0	0	0	52	2	0.038461538461538464
696	1481	39	4	0	0	0	43	4	0.09302325581395349
6960	1469	55	1	0	0	0	56	1	0.017857142857142856
6961	1483	37	1	1	0	0	39	2	0.05128205128205128
6962	1464	48	1	0	0	0	49	1	0.02040816326530612
6963	1449	60	5	1	0	0	66	6	0.09090909090909091
6964	1493	44	1	0	0	0	45	1	0.022222222222222223
6965	1481	28	4	0	0	0	32	4	0.125
6966	1476	32	4	1	0	0	37	5	0.13513513513513514
6967	1478	43	0	0	0	0	43	0	0
6968	1456	52	1	0	0	0	53	1	0.018867924528301886
6969	1444	51	2	0	0	0	53	2	0.03773584905660377
697	1453	54	3	0	0	0	57	3	0.05263157894736842
6970	1486	55	2	0	0	0	57	2	0.03508771929824561
6971	1484	36	3	0	0	0	39	3	0.07692307692307693
6972	1434	39	0	0	0	0	39	0	0
6973	1458	40	2	1	0	0	43	3	0.06976744186046512
6974	1464	49	1	0	0	0	50	1	0.02
6975	1478	42	1	0	0	0	43	1	0.023255813953488372
6976	1497	47	1	0	0	0	48	1	0.020833333333333332
6977	1446	46	2	1	0	0	49	3	0.061224489795918366
6978	1477	32	4	0	0	0	36	4	0.1111111111111111
6979	1487	36	1	0	0	0	37	1	0.02702702702702703
698	1460	63	1	0	0	0	64	1	0.015625
6980	1470	57	2	0	0	0	59	2	0.03389830508474576
6981	1480	47	1	0	0	0	48	1	0.020833333333333332
6982	1471	49	2	0	0	0	51	2	0.0392156862745098
6983	1480	38	4	0	0	0	42	4	0.09523809523809523
6984	1473	49	0	0	0	0	49	0	0
6985	1520	44	1	0	0	0	45	1	0.022222222222222223
6986	1476	48	2	0	0	0	50	2	0.04
6987	1472	51	1	1	0	0	53	2	0.03773584905660377
6988	1490	37	1	1	0	0	39	2	0.05128205128205128
6989	1522	45	1	0	0	0	46	1	0.021739130434782608
699	1433	44	4	0	0	0	48	4	0.08333333333333333
6990	1477	40	0	0	0	0	40	0	0
6991	1491	35	3	0	0	0	38	3	0.07894736842105263
6992	1490	44	4	1	0	0	49	5	0.10204081632653061
6993	1466	36	4	0	0	0	40	4	0.1
6994	1447	39	2	2	0	0	43	4	0.09302325581395349
6995	1489	46	3	0	0	0	49	3	0.061224489795918366
6996	1478	57	3	0	0	0	60	3	0.05
6997	1487	45	0	1	0	0	46	1	0.021739130434782608
6998	1498	48	2	0	0	0	50	2	0.04
6999	1466	52	1	0	0	0	53	1	0.018867924528301886
7	1457	57	4	0	0	0	61	4	0.06557377049180328
70	1492	49	3	0	0	0	52	3	0.057692307692307696
700	1472	35	5	0	0	0	40	5	0.125
7000	1453	51	2	0	0	0	53	2	0.03773584905660377
7001	1477	43	5	0	0	0	48	5	0.10416666666666667
7002	1501	41	6	1	0	0	48	7	0.14583333333333334
7003	1446	40	3	0	0	0	43	3	0.06976744186046512
7004	1477	54	1	0	0	0	55	1	0.01818181818181818
7005	1448	55	0	0	0	0	55	0	0
7006	1479	47	4	0	0	0	51	4	0.0784313725490196
7007	1521	39	2	0	0	0	41	2	0.04878048780487805
7008	1445	50	2	0	0	0	52	2	0.038461538461538464
7009	1490	34	4	0	0	0	38	4	0.10526315789473684
701	1472	36	7	0	0	0	43	7	0.16279069767441862
7010	1467	41	3	0	0	0	44	3	0.06818181818181818
7011	1486	40	0	0	0	0	40	0	0
7012	1493	44	3	0	0	0	47	3	0.06382978723404255
7013	1442	52	0	1	0	0	53	1	0.018867924528301886
7014	1475	37	1	0	0	0	38	1	0.02631578947368421
7015	1465	47	3	0	0	0	50	3	0.06
7016	1462	53	5	0	0	0	58	5	0.08620689655172414
7017	1454	39	3	0	0	0	42	3	0.07142857142857142
7018	1464	37	6	0	0	0	43	6	0.13953488372093023
7019	1470	49	5	0	0	0	54	5	0.09259259259259259
702	1472	51	3	2	0	0	56	5	0.08928571428571429
7020	1473	49	1	0	0	0	50	1	0.02
7021	1488	45	4	0	0	0	49	4	0.08163265306122448
7022	1464	42	2	0	0	0	44	2	0.045454545454545456
7023	1515	45	2	0	0	0	47	2	0.0425531914893617
7024	1441	55	2	0	0	0	57	2	0.03508771929824561
7025	1455	47	2	0	0	0	49	2	0.04081632653061224
7026	1506	41	4	0	0	0	45	4	0.08888888888888889
7027	1483	33	4	0	0	0	37	4	0.10810810810810811
7028	1477	45	1	0	0	0	46	1	0.021739130434782608
7029	1489	45	1	0	0	0	46	1	0.021739130434782608
703	1451	45	3	1	0	0	49	4	0.08163265306122448
7030	1506	34	3	0	0	0	37	3	0.08108108108108109
7031	1518	48	0	1	0	0	49	1	0.02040816326530612
7032	1454	37	0	1	0	0	38	1	0.02631578947368421
7033	1477	39	0	0	0	0	39	0	0
7034	1487	54	3	0	0	0	57	3	0.05263157894736842
7035	1494	44	2	0	0	0	46	2	0.043478260869565216
7036	1472	53	4	0	0	0	57	4	0.07017543859649122
7037	1510	45	1	0	0	0	46	1	0.021739130434782608
7038	1451	48	1	0	0	0	49	1	0.02040816326530612
7039	1496	43	1	0	0	0	44	1	0.022727272727272728
704	1457	53	3	1	0	0	57	4	0.07017543859649122
7040	1486	48	5	0	0	0	53	5	0.09433962264150944
7041	1468	39	3	0	0	0	42	3	0.07142857142857142
7042	1485	46	1	0	0	0	47	1	0.02127659574468085
7043	1488	45	3	0	0	0	48	3	0.0625
7044	1474	48	2	0	0	0	50	2	0.04
7045	1472	51	0	0	0	0	51	0	0
7046	1489	47	1	0	0	0	48	1	0.020833333333333332
7047	1466	38	2	0	0	0	40	2	0.05
7048	1512	50	2	0	0	0	52	2	0.038461538461538464
7049	1466	49	3	0	0	0	52	3	0.057692307692307696
705	1473	42	2	0	0	0	44	2	0.045454545454545456
7050	1480	46	4	0	0	0	50	4	0.08
7051	1451	48	2	0	0	0	50	2	0.04
7052	1460	54	1	0	0	0	55	1	0.01818181818181818
7053	1505	45	3	0	0	0	48	3	0.0625
7054	1500	43	2	0	0	0	45	2	0.044444444444444446
7055	1440	63	1	0	0	0	64	1	0.015625
7056	1494	58	2	1	0	0	61	3	0.04918032786885246
7057	1472	42	1	0	0	0	43	1	0.023255813953488372
7058	1492	41	0	0	0	0	41	0	0
7059	1418	59	3	0	0	0	62	3	0.04838709677419355
706	1508	47	3	1	0	0	51	4	0.0784313725490196
7060	1466	41	3	0	0	0	44	3	0.06818181818181818
7061	1509	42	1	0	0	0	43	1	0.023255813953488372
7062	1466	35	2	0	0	0	37	2	0.05405405405405406
7063	1457	45	5	0	0	0	50	5	0.1
7064	1480	45	2	0	0	0	47	2	0.0425531914893617
7065	1503	40	1	0	0	0	41	1	0.024390243902439025
7066	1471	49	1	0	0	0	50	1	0.02
7067	1478	50	1	0	0	0	51	1	0.0196078431372549
7068	1484	49	4	0	0	0	53	4	0.07547169811320754
7069	1463	60	4	0	0	0	64	4	0.0625
707	1484	44	3	0	0	0	47	3	0.06382978723404255
7070	1436	45	1	0	0	0	46	1	0.021739130434782608
7071	1473	39	0	0	0	0	39	0	0
7072	1457	40	1	1	0	0	42	2	0.047619047619047616
7073	1467	46	4	0	0	0	50	4	0.08
7074	1509	62	3	0	0	0	65	3	0.046153846153846156
7075	1467	51	4	0	0	0	55	4	0.07272727272727272
7076	1485	41	0	0	0	0	41	0	0
7077	1469	44	3	0	0	0	47	3	0.06382978723404255
7078	1463	40	1	0	0	0	41	1	0.024390243902439025
7079	1474	51	2	0	0	0	53	2	0.03773584905660377
708	1453	44	3	0	0	0	47	3	0.06382978723404255
7080	1471	37	3	0	0	0	40	3	0.075
7081	1448	51	1	0	0	0	52	1	0.019230769230769232
7082	1478	48	0	1	0	0	49	1	0.02040816326530612
7083	1457	48	2	0	0	0	50	2	0.04
7084	1480	44	1	0	0	0	45	1	0.022222222222222223
7085	1467	40	3	0	0	0	43	3	0.06976744186046512
7086	1452	47	2	0	0	0	49	2	0.04081632653061224
7087	1494	45	3	1	0	0	49	4	0.08163265306122448
7088	1481	40	3	0	0	0	43	3	0.06976744186046512
7089	1477	39	3	2	0	0	44	5	0.11363636363636363
709	1459	50	1	0	0	0	51	1	0.0196078431372549
7090	1489	36	2	0	0	0	38	2	0.05263157894736842
7091	1469	48	0	0	0	0	48	0	0
7092	1490	49	2	0	0	0	51	2	0.0392156862745098
7093	1453	39	5	0	0	0	44	5	0.11363636363636363
7094	1463	38	1	0	0	0	39	1	0.02564102564102564
7095	1461	59	2	0	0	0	61	2	0.03278688524590164
7096	1439	52	3	0	0	0	55	3	0.05454545454545454
7097	1445	58	2	0	0	0	60	2	0.03333333333333333
7098	1465	46	5	0	0	0	51	5	0.09803921568627451
7099	1492	33	1	0	0	0	34	1	0.029411764705882353
71	1485	28	2	0	0	0	30	2	0.06666666666666667
710	1480	52	3	0	0	0	55	3	0.05454545454545454
7100	1494	54	3	0	0	0	57	3	0.05263157894736842
7101	1484	31	2	0	0	0	33	2	0.06060606060606061
7102	1473	48	6	0	0	0	54	6	0.1111111111111111
7103	1453	42	3	0	0	0	45	3	0.06666666666666667
7104	1490	43	6	0	0	0	49	6	0.12244897959183673
7105	1466	46	3	1	0	0	50	4	0.08
7106	1456	46	2	0	0	0	48	2	0.041666666666666664
7107	1467	38	5	0	0	0	43	5	0.11627906976744186
7108	1466	49	2	0	0	0	51	2	0.0392156862745098
7109	1509	43	2	0	0	0	45	2	0.044444444444444446
711	1479	48	2	0	0	0	50	2	0.04
7110	1479	41	1	0	0	0	42	1	0.023809523809523808
7111	1471	52	4	0	0	0	56	4	0.07142857142857142
7112	1453	50	3	0	0	0	53	3	0.05660377358490566
7113	1480	26	0	0	0	0	26	0	0
7114	1476	42	1	0	0	0	43	1	0.023255813953488372
7115	1480	31	2	0	0	0	33	2	0.06060606060606061
7116	1466	49	0	0	0	0	49	0	0
7117	1467	40	1	0	0	0	41	1	0.024390243902439025
7118	1500	41	2	0	0	0	43	2	0.046511627906976744
7119	1481	47	1	0	0	0	48	1	0.020833333333333332
712	1457	43	3	0	0	0	46	3	0.06521739130434782
7120	1492	45	2	0	0	0	47	2	0.0425531914893617
7121	1462	53	3	0	0	0	56	3	0.05357142857142857
7122	1493	40	2	0	0	0	42	2	0.047619047619047616
7123	1452	38	0	0	0	0	38	0	0
7124	1471	50	2	0	0	0	52	2	0.038461538461538464
7125	1478	43	4	0	0	0	47	4	0.0851063829787234
7126	1473	39	3	0	0	0	42	3	0.07142857142857142
7127	1486	51	3	0	0	0	54	3	0.05555555555555555
7128	1458	48	3	0	0	0	51	3	0.058823529411764705
7129	1478	41	6	0	0	0	47	6	0.1276595744680851
713	1461	48	2	0	0	0	50	2	0.04
7130	1454	31	1	0	0	0	32	1	0.03125
7131	1482	32	2	0	0	0	34	2	0.058823529411764705
7132	1440	43	6	0	0	0	49	6	0.12244897959183673
7133	1472	44	4	0	0	0	48	4	0.08333333333333333
7134	1479	41	3	0	0	0	44	3	0.06818181818181818
7135	1448	41	3	0	0	0	44	3	0.06818181818181818
7136	1486	49	2	0	0	0	51	2	0.0392156862745098
7137	1473	41	2	0	0	0	43	2	0.046511627906976744
7138	1466	50	4	1	0	0	55	5	0.09090909090909091
7139	1517	40	0	0	0	0	40	0	0
714	1473	35	2	1	0	0	38	3	0.07894736842105263
7140	1474	47	1	0	0	0	48	1	0.020833333333333332
7141	1495	56	4	0	0	0	60	4	0.06666666666666667
7142	1444	41	1	0	0	0	42	1	0.023809523809523808
7143	1466	53	3	2	0	0	58	5	0.08620689655172414
7144	1472	56	3	0	0	0	59	3	0.05084745762711865
7145	1481	40	1	0	0	0	41	1	0.024390243902439025
7146	1436	38	3	0	0	0	41	3	0.07317073170731707
7147	1471	39	0	0	0	0	39	0	0
7148	1478	42	3	0	0	0	45	3	0.06666666666666667
7149	1487	45	3	0	0	0	48	3	0.0625
715	1499	39	4	0	0	0	43	4	0.09302325581395349
7150	1489	48	1	0	0	0	49	1	0.02040816326530612
7151	1479	44	2	0	0	0	46	2	0.043478260869565216
7152	1453	52	5	0	0	0	57	5	0.08771929824561403
7153	1488	47	3	0	0	0	50	3	0.06
7154	1495	48	5	0	0	0	53	5	0.09433962264150944
7155	1494	52	0	0	0	0	52	0	0
7156	1483	48	2	0	0	0	50	2	0.04
7157	1478	42	1	0	0	0	43	1	0.023255813953488372
7158	1515	43	4	0	0	0	47	4	0.0851063829787234
7159	1472	54	2	1	0	0	57	3	0.05263157894736842
716	1473	47	0	0	0	0	47	0	0
7160	1460	43	4	0	0	0	47	4	0.0851063829787234
7161	1464	49	1	0	0	0	50	1	0.02
7162	1489	39	4	0	0	0	43	4	0.09302325581395349
7163	1454	31	1	0	0	0	32	1	0.03125
7164	1446	35	3	0	0	0	38	3	0.07894736842105263
7165	1462	37	2	0	0	0	39	2	0.05128205128205128
7166	1514	35	3	0	0	0	38	3	0.07894736842105263
7167	1504	48	2	0	0	0	50	2	0.04
7168	1482	58	3	0	0	0	61	3	0.04918032786885246
7169	1449	59	4	0	0	0	63	4	0.06349206349206349
717	1480	44	4	0	0	0	48	4	0.08333333333333333
7170	1464	50	1	0	0	0	51	1	0.0196078431372549
7171	1488	46	1	0	0	0	47	1	0.02127659574468085
7172	1474	39	2	1	0	0	42	3	0.07142857142857142
7173	1473	42	2	0	0	0	44	2	0.045454545454545456
7174	1450	45	5	0	0	0	50	5	0.1
7175	1466	51	3	0	0	0	54	3	0.05555555555555555
7176	1439	51	2	0	0	0	53	2	0.03773584905660377
7177	1474	42	0	0	0	0	42	0	0
7178	1491	46	6	0	0	0	52	6	0.11538461538461539
7179	1457	61	3	0	0	0	64	3	0.046875
718	1487	53	2	0	0	0	55	2	0.03636363636363636
7180	1467	33	5	0	0	0	38	5	0.13157894736842105
7181	1455	44	2	0	0	0	46	2	0.043478260869565216
7182	1434	38	6	0	0	0	44	6	0.13636363636363635
7183	1482	43	0	0	0	0	43	0	0
7184	1477	54	6	0	0	0	60	6	0.1
7185	1496	46	3	0	0	0	49	3	0.061224489795918366
7186	1486	49	5	0	0	0	54	5	0.09259259259259259
7187	1473	35	3	0	0	0	38	3	0.07894736842105263
7188	1490	46	7	0	0	0	53	7	0.1320754716981132
7189	1474	55	4	0	0	0	59	4	0.06779661016949153
719	1442	41	4	0	0	0	45	4	0.08888888888888889
7190	1454	42	2	0	0	0	44	2	0.045454545454545456
7191	1459	43	4	0	0	0	47	4	0.0851063829787234
7192	1502	50	3	0	0	0	53	3	0.05660377358490566
7193	1452	57	1	0	0	0	58	1	0.017241379310344827
7194	1496	56	3	0	0	0	59	3	0.05084745762711865
7195	1455	46	5	0	0	0	51	5	0.09803921568627451
7196	1494	53	2	0	0	0	55	2	0.03636363636363636
7197	1483	46	5	0	0	0	51	5	0.09803921568627451
7198	1483	50	1	0	0	0	51	1	0.0196078431372549
7199	1473	54	3	0	0	0	57	3	0.05263157894736842
72	1476	50	1	0	0	0	51	1	0.0196078431372549
720	1456	54	4	0	0	0	58	4	0.06896551724137931
7200	1490	46	2	0	0	0	48	2	0.041666666666666664
7201	1485	29	3	0	0	0	32	3	0.09375
7202	1464	52	5	0	0	0	57	5	0.08771929824561403
7203	1501	30	4	0	0	0	34	4	0.11764705882352941
7204	1448	49	2	0	0	0	51	2	0.0392156862745098
7205	1468	29	3	1	0	0	33	4	0.12121212121212122
7206	1453	43	2	1	0	0	46	3	0.06521739130434782
7207	1460	57	6	0	0	0	63	6	0.09523809523809523
7208	1465	50	1	0	0	0	51	1	0.0196078431372549
7209	1503	40	2	0	0	0	42	2	0.047619047619047616
721	1460	46	5	0	0	0	51	5	0.09803921568627451
7210	1461	40	4	0	0	0	44	4	0.09090909090909091
7211	1492	48	1	0	0	0	49	1	0.02040816326530612
7212	1473	47	2	0	0	0	49	2	0.04081632653061224
7213	1463	46	2	0	0	0	48	2	0.041666666666666664
7214	1468	50	3	0	0	0	53	3	0.05660377358490566
7215	1475	39	1	0	0	0	40	1	0.025
7216	1441	64	0	0	0	0	64	0	0
7217	1477	44	2	0	0	0	46	2	0.043478260869565216
7218	1485	43	3	0	0	0	46	3	0.06521739130434782
7219	1438	44	2	0	0	0	46	2	0.043478260869565216
722	1444	43	5	0	0	0	48	5	0.10416666666666667
7220	1470	49	2	0	0	0	51	2	0.0392156862745098
7221	1482	54	2	0	0	0	56	2	0.03571428571428571
7222	1469	42	4	0	0	0	46	4	0.08695652173913043
7223	1484	48	1	1	0	0	50	2	0.04
7224	1493	51	2	0	0	0	53	2	0.03773584905660377
7225	1460	43	2	0	0	0	45	2	0.044444444444444446
7226	1479	52	0	0	0	0	52	0	0
7227	1455	43	3	0	0	0	46	3	0.06521739130434782
7228	1457	56	0	1	0	0	57	1	0.017543859649122806
7229	1461	37	3	0	0	0	40	3	0.075
723	1476	45	1	0	0	0	46	1	0.021739130434782608
7230	1489	44	1	0	0	0	45	1	0.022222222222222223
7231	1478	42	1	0	0	0	43	1	0.023255813953488372
7232	1483	47	1	0	0	0	48	1	0.020833333333333332
7233	1494	40	1	0	0	0	41	1	0.024390243902439025
7234	1479	42	9	0	0	0	51	9	0.17647058823529413
7235	1471	41	3	0	0	0	44	3	0.06818181818181818
7236	1464	37	2	0	0	0	39	2	0.05128205128205128
7237	1484	51	3	1	0	0	55	4	0.07272727272727272
7238	1488	52	3	0	0	0	55	3	0.05454545454545454
7239	1501	52	3	0	0	0	55	3	0.05454545454545454
724	1473	54	6	0	0	0	60	6	0.1
7240	1499	43	3	0	0	0	46	3	0.06521739130434782
7241	1412	43	6	0	0	0	49	6	0.12244897959183673
7242	1459	42	1	0	0	0	43	1	0.023255813953488372
7243	1456	48	0	0	0	0	48	0	0
7244	1485	32	0	0	0	0	32	0	0
7245	1471	46	2	0	0	0	48	2	0.041666666666666664
7246	1446	50	1	0	0	0	51	1	0.0196078431372549
7247	1453	51	2	0	0	0	53	2	0.03773584905660377
7248	1472	49	1	0	0	0	50	1	0.02
7249	1490	49	1	0	0	0	50	1	0.02
725	1466	47	1	0	0	0	48	1	0.020833333333333332
7250	1456	55	4	0	0	0	59	4	0.06779661016949153
7251	1481	34	2	1	0	0	37	3	0.08108108108108109
7252	1473	39	3	0	0	0	42	3	0.07142857142857142
7253	1452	50	1	0	0	0	51	1	0.0196078431372549
7254	1485	38	1	1	0	0	40	2	0.05
7255	1458	47	3	1	0	0	51	4	0.0784313725490196
7256	1481	45	3	0	0	0	48	3	0.0625
7257	1498	36	0	0	0	0	36	0	0
7258	1471	50	1	0	0	0	51	1	0.0196078431372549
7259	1472	46	1	0	0	0	47	1	0.02127659574468085
726	1474	49	2	0	0	0	51	2	0.0392156862745098
7260	1464	36	2	0	0	0	38	2	0.05263157894736842
7261	1491	34	7	0	0	0	41	7	0.17073170731707318
7262	1471	34	2	0	0	0	36	2	0.05555555555555555
7263	1480	45	4	0	0	0	49	4	0.08163265306122448
7264	1474	51	3	1	0	0	55	4	0.07272727272727272
7265	1494	42	2	0	0	0	44	2	0.045454545454545456
7266	1441	45	1	0	0	0	46	1	0.021739130434782608
7267	1477	43	1	0	0	0	44	1	0.022727272727272728
7268	1477	48	0	1	0	0	49	1	0.02040816326530612
7269	1440	46	2	0	0	0	48	2	0.041666666666666664
727	1447	48	2	0	0	0	50	2	0.04
7270	1452	46	3	0	0	0	49	3	0.061224489795918366
7271	1487	46	2	0	0	0	48	2	0.041666666666666664
7272	1458	54	3	1	0	0	58	4	0.06896551724137931
7273	1477	52	3	0	0	0	55	3	0.05454545454545454
7274	1485	30	3	0	0	0	33	3	0.09090909090909091
7275	1437	44	1	0	0	0	45	1	0.022222222222222223
7276	1459	41	2	0	0	0	43	2	0.046511627906976744
7277	1466	36	0	0	0	0	36	0	0
7278	1474	47	2	0	0	0	49	2	0.04081632653061224
7279	1502	47	4	0	0	0	51	4	0.0784313725490196
728	1471	46	1	1	0	0	48	2	0.041666666666666664
7280	1502	51	3	0	0	0	54	3	0.05555555555555555
7281	1516	49	3	0	0	0	52	3	0.057692307692307696
7282	1472	37	2	0	0	0	39	2	0.05128205128205128
7283	1482	43	1	0	0	0	44	1	0.022727272727272728
7284	1467	34	4	1	0	0	39	5	0.1282051282051282
7285	1459	44	0	0	0	0	44	0	0
7286	1498	35	5	0	0	0	40	5	0.125
7287	1482	42	2	0	0	0	44	2	0.045454545454545456
7288	1478	42	4	0	0	0	46	4	0.08695652173913043
7289	1465	40	2	0	0	0	42	2	0.047619047619047616
729	1498	36	2	0	0	0	38	2	0.05263157894736842
7290	1483	49	2	0	0	0	51	2	0.0392156862745098
7291	1483	41	0	0	0	0	41	0	0
7292	1473	47	3	0	0	0	50	3	0.06
7293	1504	39	3	0	0	0	42	3	0.07142857142857142
7294	1497	42	1	0	0	0	43	1	0.023255813953488372
7295	1465	37	1	0	0	0	38	1	0.02631578947368421
7296	1496	44	3	0	0	0	47	3	0.06382978723404255
7297	1468	52	1	0	0	0	53	1	0.018867924528301886
7298	1487	37	2	0	0	0	39	2	0.05128205128205128
7299	1443	60	5	0	0	0	65	5	0.07692307692307693
73	1438	52	1	0	0	0	53	1	0.018867924528301886
730	1446	51	3	0	0	0	54	3	0.05555555555555555
7300	1473	66	2	0	0	0	68	2	0.029411764705882353
7301	1502	45	4	0	0	0	49	4	0.08163265306122448
7302	1454	50	2	0	0	0	52	2	0.038461538461538464
7303	1467	40	1	0	0	0	41	1	0.024390243902439025
7304	1495	45	1	0	0	0	46	1	0.021739130434782608
7305	1459	55	1	0	0	0	56	1	0.017857142857142856
7306	1478	53	2	0	0	0	55	2	0.03636363636363636
7307	1447	36	3	0	0	0	39	3	0.07692307692307693
7308	1460	46	3	1	0	0	50	4	0.08
7309	1465	37	3	0	0	0	40	3	0.075
731	1468	42	4	1	0	0	47	5	0.10638297872340426
7310	1479	38	4	0	0	0	42	4	0.09523809523809523
7311	1495	39	3	0	0	0	42	3	0.07142857142857142
7312	1448	35	2	0	0	0	37	2	0.05405405405405406
7313	1468	45	1	0	0	0	46	1	0.021739130434782608
7314	1468	46	3	0	0	0	49	3	0.061224489795918366
7315	1497	47	1	0	0	0	48	1	0.020833333333333332
7316	1468	45	5	0	0	0	50	5	0.1
7317	1463	48	5	0	0	0	53	5	0.09433962264150944
7318	1463	45	0	0	0	0	45	0	0
7319	1481	51	3	1	0	0	55	4	0.07272727272727272
732	1468	41	2	0	0	0	43	2	0.046511627906976744
7320	1479	36	3	0	0	0	39	3	0.07692307692307693
7321	1477	29	3	0	0	0	32	3	0.09375
7322	1464	41	3	0	0	0	44	3	0.06818181818181818
7323	1497	48	2	0	0	0	50	2	0.04
7324	1483	51	2	1	0	0	54	3	0.05555555555555555
7325	1462	37	3	1	0	0	41	4	0.0975609756097561
7326	1499	48	0	1	0	0	49	1	0.02040816326530612
7327	1449	49	1	0	0	0	50	1	0.02
7328	1487	37	2	0	0	0	39	2	0.05128205128205128
7329	1464	40	3	0	0	0	43	3	0.06976744186046512
733	1495	48	4	0	0	0	52	4	0.07692307692307693
7330	1461	60	6	0	0	0	66	6	0.09090909090909091
7331	1503	43	1	0	0	0	44	1	0.022727272727272728
7332	1442	49	1	0	0	0	50	1	0.02
7333	1472	54	4	0	0	0	58	4	0.06896551724137931
7334	1468	44	5	0	0	0	49	5	0.10204081632653061
7335	1502	49	1	0	0	0	50	1	0.02
7336	1499	50	1	0	0	0	51	1	0.0196078431372549
7337	1456	67	3	0	0	0	70	3	0.04285714285714286
7338	1466	38	5	0	0	0	43	5	0.11627906976744186
7339	1492	40	3	1	0	0	44	4	0.09090909090909091
734	1492	40	5	0	0	0	45	5	0.1111111111111111
7340	1461	57	0	0	0	0	57	0	0
7341	1485	46	1	0	0	0	47	1	0.02127659574468085
7342	1467	32	1	0	0	0	33	1	0.030303030303030304
7343	1474	44	1	0	0	0	45	1	0.022222222222222223
7344	1459	46	0	0	0	0	46	0	0
7345	1483	43	3	1	0	0	47	4	0.0851063829787234
7346	1483	50	5	0	0	0	55	5	0.09090909090909091
7347	1442	50	3	0	0	0	53	3	0.05660377358490566
7348	1506	49	3	0	0	0	52	3	0.057692307692307696
7349	1453	61	1	0	0	0	62	1	0.016129032258064516
735	1449	42	1	0	0	0	43	1	0.023255813953488372
7350	1495	39	1	0	0	0	40	1	0.025
7351	1495	45	0	0	0	0	45	0	0
7352	1475	40	3	0	0	0	43	3	0.06976744186046512
7353	1450	48	0	0	0	0	48	0	0
7354	1458	48	3	1	0	0	52	4	0.07692307692307693
7355	1471	43	2	0	0	0	45	2	0.044444444444444446
7356	1450	42	3	0	0	0	45	3	0.06666666666666667
7357	1490	53	2	0	0	0	55	2	0.03636363636363636
7358	1468	44	0	0	0	0	44	0	0
7359	1491	48	1	0	0	0	49	1	0.02040816326530612
736	1468	49	4	0	0	0	53	4	0.07547169811320754
7360	1485	43	2	0	0	0	45	2	0.044444444444444446
7361	1481	48	2	0	0	0	50	2	0.04
7362	1467	56	1	0	0	0	57	1	0.017543859649122806
7363	1485	43	3	0	0	0	46	3	0.06521739130434782
7364	1473	46	1	1	0	0	48	2	0.041666666666666664
7365	1453	41	1	0	0	0	42	1	0.023809523809523808
7366	1479	47	2	0	0	0	49	2	0.04081632653061224
7367	1483	38	1	0	0	0	39	1	0.02564102564102564
7368	1459	44	2	1	0	0	47	3	0.06382978723404255
7369	1477	56	0	0	0	0	56	0	0
737	1497	39	1	0	0	0	40	1	0.025
7370	1479	49	4	0	0	0	53	4	0.07547169811320754
7371	1441	55	2	1	0	0	58	3	0.05172413793103448
7372	1469	45	2	0	0	0	47	2	0.0425531914893617
7373	1462	43	0	1	0	0	44	1	0.022727272727272728
7374	1436	57	2	0	0	0	59	2	0.03389830508474576
7375	1457	45	5	0	0	0	50	5	0.1
7376	1440	55	3	0	0	0	58	3	0.05172413793103448
7377	1482	49	2	0	0	0	51	2	0.0392156862745098
7378	1476	37	4	0	0	0	41	4	0.0975609756097561
7379	1472	45	3	0	0	0	48	3	0.0625
738	1503	49	1	0	0	0	50	1	0.02
7380	1484	45	2	1	0	0	48	3	0.0625
7381	1490	48	1	0	0	0	49	1	0.02040816326530612
7382	1468	53	4	0	0	0	57	4	0.07017543859649122
7383	1494	51	3	1	0	0	55	4	0.07272727272727272
7384	1479	47	1	0	0	0	48	1	0.020833333333333332
7385	1452	64	6	0	0	0	70	6	0.08571428571428572
7386	1456	43	5	1	0	0	49	6	0.12244897959183673
7387	1488	47	0	0	0	0	47	0	0
7388	1484	51	5	0	0	0	56	5	0.08928571428571429
7389	1487	43	2	0	0	0	45	2	0.044444444444444446
739	1441	45	2	0	0	0	47	2	0.0425531914893617
7390	1461	55	0	0	0	0	55	0	0
7391	1462	35	3	0	0	0	38	3	0.07894736842105263
7392	1473	43	3	0	0	0	46	3	0.06521739130434782
7393	1482	35	2	0	0	0	37	2	0.05405405405405406
7394	1458	53	2	0	0	0	55	2	0.03636363636363636
7395	1498	51	2	0	0	0	53	2	0.03773584905660377
7396	1476	49	2	0	0	0	51	2	0.0392156862745098
7397	1474	44	3	0	0	0	47	3	0.06382978723404255
7398	1496	44	3	0	0	0	47	3	0.06382978723404255
7399	1502	44	3	0	0	0	47	3	0.06382978723404255
74	1498	45	2	0	0	0	47	2	0.0425531914893617
740	1438	39	0	0	0	0	39	0	0
7400	1503	40	1	0	0	0	41	1	0.024390243902439025
7401	1466	46	2	0	0	0	48	2	0.041666666666666664
7402	1466	50	3	0	0	0	53	3	0.05660377358490566
7403	1479	49	1	0	0	0	50	1	0.02
7404	1473	42	1	0	0	0	43	1	0.023255813953488372
7405	1501	49	1	0	0	0	50	1	0.02
7406	1450	51	4	0	0	0	55	4	0.07272727272727272
7407	1446	37	4	0	0	0	41	4	0.0975609756097561
7408	1463	44	1	0	0	0	45	1	0.022222222222222223
7409	1463	42	2	0	0	0	44	2	0.045454545454545456
741	1487	47	3	0	0	0	50	3	0.06
7410	1446	35	3	0	0	0	38	3	0.07894736842105263
7411	1475	47	1	0	0	0	48	1	0.020833333333333332
7412	1465	45	4	0	0	0	49	4	0.08163265306122448
7413	1471	39	1	0	0	0	40	1	0.025
7414	1472	51	5	0	0	0	56	5	0.08928571428571429
7415	1484	42	3	0	0	0	45	3	0.06666666666666667
7416	1454	50	3	0	0	0	53	3	0.05660377358490566
7417	1480	34	5	0	0	0	39	5	0.1282051282051282
7418	1465	48	7	0	0	0	55	7	0.12727272727272726
7419	1496	46	5	0	0	0	51	5	0.09803921568627451
742	1442	49	2	0	0	0	51	2	0.0392156862745098
7420	1489	42	3	0	0	0	45	3	0.06666666666666667
7421	1450	54	0	0	0	0	54	0	0
7422	1504	37	3	0	0	0	40	3	0.075
7423	1477	39	4	0	0	0	43	4	0.09302325581395349
7424	1470	56	3	0	0	0	59	3	0.05084745762711865
7425	1468	40	2	0	0	0	42	2	0.047619047619047616
7426	1462	45	3	0	0	0	48	3	0.0625
7427	1485	38	1	0	0	0	39	1	0.02564102564102564
7428	1473	40	2	0	0	0	42	2	0.047619047619047616
7429	1474	51	2	0	0	0	53	2	0.03773584905660377
743	1471	38	3	0	0	0	41	3	0.07317073170731707
7430	1482	44	1	0	0	0	45	1	0.022222222222222223
7431	1487	47	4	0	0	0	51	4	0.0784313725490196
7432	1481	40	2	1	0	0	43	3	0.06976744186046512
7433	1466	47	3	0	0	0	50	3	0.06
7434	1484	35	2	0	0	0	37	2	0.05405405405405406
7435	1478	46	2	1	0	0	49	3	0.061224489795918366
7436	1507	33	2	0	0	0	35	2	0.05714285714285714
7437	1474	48	2	0	0	0	50	2	0.04
7438	1470	42	5	0	0	0	47	5	0.10638297872340426
7439	1477	45	2	0	0	0	47	2	0.0425531914893617
744	1449	46	3	0	0	0	49	3	0.061224489795918366
7440	1466	54	4	0	0	0	58	4	0.06896551724137931
7441	1521	48	1	0	0	0	49	1	0.02040816326530612
7442	1478	45	2	0	0	0	47	2	0.0425531914893617
7443	1480	50	3	0	0	0	53	3	0.05660377358490566
7444	1466	43	1	0	0	0	44	1	0.022727272727272728
7445	1469	46	0	0	0	0	46	0	0
7446	1489	56	2	0	0	0	58	2	0.034482758620689655
7447	1473	43	1	0	0	0	44	1	0.022727272727272728
7448	1484	50	2	0	0	0	52	2	0.038461538461538464
7449	1476	37	0	0	0	0	37	0	0
745	1510	54	1	0	0	0	55	1	0.01818181818181818
7450	1495	50	7	0	0	0	57	7	0.12280701754385964
7451	1487	45	2	1	0	0	48	3	0.0625
7452	1436	51	2	0	0	0	53	2	0.03773584905660377
7453	1461	44	1	0	0	0	45	1	0.022222222222222223
7454	1478	42	3	0	0	0	45	3	0.06666666666666667
7455	1490	39	1	0	0	0	40	1	0.025
7456	1466	38	1	0	0	0	39	1	0.02564102564102564
7457	1476	41	2	0	0	0	43	2	0.046511627906976744
7458	1460	45	2	0	0	0	47	2	0.0425531914893617
7459	1477	46	1	0	0	0	47	1	0.02127659574468085
746	1522	32	1	1	0	0	34	2	0.058823529411764705
7460	1493	43	3	0	0	0	46	3	0.06521739130434782
7461	1485	38	2	0	0	0	40	2	0.05
7462	1476	49	0	0	0	0	49	0	0
7463	1484	57	1	0	0	0	58	1	0.017241379310344827
7464	1478	47	0	0	0	0	47	0	0
7465	1464	47	3	0	0	0	50	3	0.06
7466	1490	37	2	0	0	0	39	2	0.05128205128205128
7467	1454	45	2	0	0	0	47	2	0.0425531914893617
7468	1476	46	2	0	0	0	48	2	0.041666666666666664
7469	1481	49	1	0	0	0	50	1	0.02
747	1469	46	4	0	0	0	50	4	0.08
7470	1494	47	2	0	0	0	49	2	0.04081632653061224
7471	1462	56	1	0	0	0	57	1	0.017543859649122806
7472	1442	52	3	0	0	0	55	3	0.05454545454545454
7473	1440	40	2	0	0	0	42	2	0.047619047619047616
7474	1469	45	3	0	0	0	48	3	0.0625
7475	1475	32	2	0	0	0	34	2	0.058823529411764705
7476	1519	59	1	0	0	0	60	1	0.016666666666666666
7477	1473	53	2	0	0	0	55	2	0.03636363636363636
7478	1443	58	5	0	0	0	63	5	0.07936507936507936
7479	1466	55	2	0	0	0	57	2	0.03508771929824561
748	1489	41	1	0	0	0	42	1	0.023809523809523808
7480	1476	40	3	1	0	0	44	4	0.09090909090909091
7481	1448	49	4	1	0	0	54	5	0.09259259259259259
7482	1460	61	0	2	0	0	63	2	0.031746031746031744
7483	1449	57	1	0	0	0	58	1	0.017241379310344827
7484	1446	47	2	0	0	0	49	2	0.04081632653061224
7485	1477	52	2	0	0	0	54	2	0.037037037037037035
7486	1491	46	2	0	0	0	48	2	0.041666666666666664
7487	1474	50	6	0	0	0	56	6	0.10714285714285714
7488	1464	46	3	0	0	0	49	3	0.061224489795918366
7489	1482	44	5	0	0	0	49	5	0.10204081632653061
749	1489	38	2	0	0	0	40	2	0.05
7490	1465	53	1	0	0	0	54	1	0.018518518518518517
7491	1465	58	5	1	0	0	64	6	0.09375
7492	1483	49	2	0	0	0	51	2	0.0392156862745098
7493	1451	49	3	2	0	0	54	5	0.09259259259259259
7494	1473	40	1	0	0	0	41	1	0.024390243902439025
7495	1492	50	3	1	0	0	54	4	0.07407407407407407
7496	1471	47	2	0	0	0	49	2	0.04081632653061224
7497	1468	41	2	0	0	0	43	2	0.046511627906976744
7498	1476	45	2	0	0	0	47	2	0.0425531914893617
7499	1471	49	1	0	0	0	50	1	0.02
75	1504	33	2	0	0	0	35	2	0.05714285714285714
750	1498	45	2	0	0	0	47	2	0.0425531914893617
7500	1473	46	2	0	0	0	48	2	0.041666666666666664
7501	1490	39	3	0	0	0	42	3	0.07142857142857142
7502	1458	56	4	0	0	0	60	4	0.06666666666666667
7503	1487	55	1	0	0	0	56	1	0.017857142857142856
7504	1460	38	3	0	0	0	41	3	0.07317073170731707
7505	1461	43	4	0	0	0	47	4	0.0851063829787234
7506	1450	52	2	0	0	0	54	2	0.037037037037037035
7507	1501	39	2	0	0	0	41	2	0.04878048780487805
7508	1499	43	2	0	0	0	45	2	0.044444444444444446
7509	1473	51	0	0	0	0	51	0	0
751	1476	43	3	0	0	0	46	3	0.06521739130434782
7510	1459	46	1	0	0	0	47	1	0.02127659574468085
7511	1480	38	3	1	0	0	42	4	0.09523809523809523
7512	1446	59	1	0	0	0	60	1	0.016666666666666666
7513	1461	46	2	0	0	0	48	2	0.041666666666666664
7514	1459	51	3	0	0	0	54	3	0.05555555555555555
7515	1521	45	2	0	0	0	47	2	0.0425531914893617
7516	1473	36	3	0	0	0	39	3	0.07692307692307693
7517	1467	39	0	1	0	0	40	1	0.025
7518	1518	57	4	0	0	0	61	4	0.06557377049180328
7519	1499	41	5	1	0	0	47	6	0.1276595744680851
752	1449	35	1	1	0	0	37	2	0.05405405405405406
7520	1465	48	6	0	0	0	54	6	0.1111111111111111
7521	1474	40	7	0	0	0	47	7	0.14893617021276595
7522	1465	57	3	0	0	0	60	3	0.05
7523	1489	44	1	0	0	0	45	1	0.022222222222222223
7524	1466	47	1	0	0	0	48	1	0.020833333333333332
7525	1453	59	1	1	0	0	61	2	0.03278688524590164
7526	1492	46	2	0	0	0	48	2	0.041666666666666664
7527	1464	44	7	0	0	0	51	7	0.13725490196078433
7528	1444	54	2	0	0	0	56	2	0.03571428571428571
7529	1511	51	4	0	0	0	55	4	0.07272727272727272
753	1455	38	5	0	0	0	43	5	0.11627906976744186
7530	1480	63	0	0	0	0	63	0	0
7531	1479	45	2	0	0	0	47	2	0.0425531914893617
7532	1479	66	5	0	0	0	71	5	0.07042253521126761
7533	1476	34	6	0	0	0	40	6	0.15
7534	1470	51	3	0	0	0	54	3	0.05555555555555555
7535	1484	44	0	0	0	0	44	0	0
7536	1462	43	2	0	0	0	45	2	0.044444444444444446
7537	1463	59	2	0	0	0	61	2	0.03278688524590164
7538	1471	31	2	0	0	0	33	2	0.06060606060606061
7539	1458	40	4	0	0	0	44	4	0.09090909090909091
754	1482	45	4	1	0	0	50	5	0.1
7540	1462	44	3	0	0	0	47	3	0.06382978723404255
7541	1457	52	1	0	0	0	53	1	0.018867924528301886
7542	1473	46	2	0	0	0	48	2	0.041666666666666664
7543	1453	44	4	0	0	0	48	4	0.08333333333333333
7544	1489	42	1	0	0	0	43	1	0.023255813953488372
7545	1489	52	2	0	0	0	54	2	0.037037037037037035
7546	1458	49	5	2	0	0	56	7	0.125
7547	1482	43	1	0	0	0	44	1	0.022727272727272728
7548	1463	48	6	1	0	0	55	7	0.12727272727272726
7549	1482	40	5	0	0	0	45	5	0.1111111111111111
755	1445	41	0	0	0	0	41	0	0
7550	1476	43	1	0	0	0	44	1	0.022727272727272728
7551	1461	50	4	0	0	0	54	4	0.07407407407407407
7552	1456	38	0	1	0	0	39	1	0.02564102564102564
7553	1453	47	0	0	0	0	47	0	0
7554	1461	56	1	0	0	0	57	1	0.017543859649122806
7555	1445	37	0	0	0	0	37	0	0
7556	1481	39	5	0	0	0	44	5	0.11363636363636363
7557	1473	51	3	0	0	0	54	3	0.05555555555555555
7558	1487	44	6	0	0	0	50	6	0.12
7559	1500	44	7	0	0	0	51	7	0.13725490196078433
756	1467	56	0	0	0	0	56	0	0
7560	1472	44	1	0	0	0	45	1	0.022222222222222223
7561	1479	43	0	0	0	0	43	0	0
7562	1455	47	3	0	0	0	50	3	0.06
7563	1442	44	1	2	0	0	47	3	0.06382978723404255
7564	1470	47	3	0	0	0	50	3	0.06
7565	1517	49	3	0	0	0	52	3	0.057692307692307696
7566	1500	43	4	0	0	0	47	4	0.0851063829787234
7567	1455	59	2	0	0	0	61	2	0.03278688524590164
7568	1483	52	1	0	0	0	53	1	0.018867924528301886
7569	1477	37	4	0	0	0	41	4	0.0975609756097561
757	1492	39	2	1	0	0	42	3	0.07142857142857142
7570	1476	47	1	0	0	0	48	1	0.020833333333333332
7571	1465	43	1	0	0	0	44	1	0.022727272727272728
7572	1468	49	1	0	0	0	50	1	0.02
7573	1447	43	1	0	0	0	44	1	0.022727272727272728
7574	1456	57	4	0	0	0	61	4	0.06557377049180328
7575	1480	45	3	0	0	0	48	3	0.0625
7576	1469	49	3	0	0	0	52	3	0.057692307692307696
7577	1440	43	1	0	0	0	44	1	0.022727272727272728
7578	1500	38	4	0	0	0	42	4	0.09523809523809523
7579	1458	63	4	0	0	0	67	4	0.05970149253731343
758	1483	45	3	1	0	0	49	4	0.08163265306122448
7580	1449	50	4	0	0	0	54	4	0.07407407407407407
7581	1451	51	3	0	0	0	54	3	0.05555555555555555
7582	1497	34	3	0	0	0	37	3	0.08108108108108109
7583	1486	39	3	0	0	0	42	3	0.07142857142857142
7584	1487	39	4	0	0	0	43	4	0.09302325581395349
7585	1452	49	4	0	0	0	53	4	0.07547169811320754
7586	1479	49	1	1	0	0	51	2	0.0392156862745098
7587	1504	32	2	0	0	0	34	2	0.058823529411764705
7588	1471	48	1	0	0	0	49	1	0.02040816326530612
7589	1498	41	0	0	0	0	41	0	0
759	1452	45	3	0	0	0	48	3	0.0625
7590	1478	44	4	0	0	0	48	4	0.08333333333333333
7591	1452	45	1	1	0	0	47	2	0.0425531914893617
7592	1479	52	1	0	0	0	53	1	0.018867924528301886
7593	1490	40	1	0	0	0	41	1	0.024390243902439025
7594	1480	52	2	0	0	0	54	2	0.037037037037037035
7595	1467	46	1	0	0	0	47	1	0.02127659574468085
7596	1486	45	1	0	0	0	46	1	0.021739130434782608
7597	1499	54	2	0	0	0	56	2	0.03571428571428571
7598	1498	57	3	0	0	0	60	3	0.05
7599	1452	47	4	0	0	0	51	4	0.0784313725490196
76	1474	45	4	0	0	0	49	4	0.08163265306122448
760	1472	56	1	0	0	0	57	1	0.017543859649122806
7600	1466	48	2	0	0	0	50	2	0.04
7601	1494	41	3	0	0	0	44	3	0.06818181818181818
7602	1473	59	2	0	0	0	61	2	0.03278688524590164
7603	1467	39	3	0	0	0	42	3	0.07142857142857142
7604	1497	46	4	0	0	0	50	4	0.08
7605	1468	32	0	0	0	0	32	0	0
7606	1474	46	2	0	0	0	48	2	0.041666666666666664
7607	1467	48	2	0	0	0	50	2	0.04
7608	1475	44	1	1	0	0	46	2	0.043478260869565216
7609	1483	44	1	0	0	0	45	1	0.022222222222222223
761	1454	38	1	0	1	0	40	2	0.05
7610	1473	50	2	0	0	0	52	2	0.038461538461538464
7611	1477	56	2	0	0	0	58	2	0.034482758620689655
7612	1481	40	2	0	0	0	42	2	0.047619047619047616
7613	1497	42	1	0	0	0	43	1	0.023255813953488372
7614	1483	46	3	1	0	0	50	4	0.08
7615	1474	43	2	0	0	0	45	2	0.044444444444444446
7616	1491	41	3	0	0	0	44	3	0.06818181818181818
7617	1473	42	1	0	0	0	43	1	0.023255813953488372
7618	1454	54	4	0	0	0	58	4	0.06896551724137931
7619	1465	43	0	0	0	0	43	0	0
762	1465	47	4	0	0	0	51	4	0.0784313725490196
7620	1458	45	6	0	0	0	51	6	0.11764705882352941
7621	1453	49	3	0	0	0	52	3	0.057692307692307696
7622	1496	42	2	0	0	0	44	2	0.045454545454545456
7623	1475	47	3	0	0	0	50	3	0.06
7624	1450	42	2	0	0	0	44	2	0.045454545454545456
7625	1480	39	4	1	0	0	44	5	0.11363636363636363
7626	1477	44	5	0	0	0	49	5	0.10204081632653061
7627	1448	44	4	0	0	0	48	4	0.08333333333333333
7628	1463	44	3	0	0	0	47	3	0.06382978723404255
7629	1453	46	2	1	0	0	49	3	0.061224489795918366
763	1447	49	5	0	0	0	54	5	0.09259259259259259
7630	1487	35	2	0	0	0	37	2	0.05405405405405406
7631	1491	56	2	0	0	0	58	2	0.034482758620689655
7632	1463	41	3	0	0	0	44	3	0.06818181818181818
7633	1457	34	2	0	0	0	36	2	0.05555555555555555
7634	1462	49	0	0	0	0	49	0	0
7635	1471	39	2	0	0	0	41	2	0.04878048780487805
7636	1452	53	2	0	0	0	55	2	0.03636363636363636
7637	1470	48	2	0	0	0	50	2	0.04
7638	1475	65	2	0	0	0	67	2	0.029850746268656716
7639	1481	37	2	0	0	0	39	2	0.05128205128205128
764	1465	38	2	0	0	0	40	2	0.05
7640	1489	40	1	0	0	0	41	1	0.024390243902439025
7641	1467	38	2	0	0	0	40	2	0.05
7642	1463	47	3	0	0	0	50	3	0.06
7643	1455	41	2	0	0	0	43	2	0.046511627906976744
7644	1493	53	5	0	0	0	58	5	0.08620689655172414
7645	1451	46	3	0	0	0	49	3	0.061224489795918366
7646	1478	52	3	0	0	0	55	3	0.05454545454545454
7647	1482	44	2	1	0	0	47	3	0.06382978723404255
7648	1480	44	3	0	0	0	47	3	0.06382978723404255
7649	1441	37	5	0	0	0	42	5	0.11904761904761904
765	1453	47	4	0	0	0	51	4	0.0784313725490196
7650	1479	46	1	0	0	0	47	1	0.02127659574468085
7651	1492	43	2	0	0	0	45	2	0.044444444444444446
7652	1488	54	1	0	0	0	55	1	0.01818181818181818
7653	1465	52	1	0	0	0	53	1	0.018867924528301886
7654	1467	59	6	0	0	0	65	6	0.09230769230769231
7655	1474	46	4	1	0	0	51	5	0.09803921568627451
7656	1474	47	1	0	0	0	48	1	0.020833333333333332
7657	1475	41	3	0	0	0	44	3	0.06818181818181818
7658	1519	45	4	0	0	0	49	4	0.08163265306122448
7659	1477	40	3	0	0	0	43	3	0.06976744186046512
766	1480	38	3	0	0	0	41	3	0.07317073170731707
7660	1509	45	1	0	0	0	46	1	0.021739130434782608
7661	1471	55	0	0	0	0	55	0	0
7662	1480	47	3	0	0	0	50	3	0.06
7663	1464	35	5	0	0	0	40	5	0.125
7664	1483	42	2	0	0	0	44	2	0.045454545454545456
7665	1485	46	1	0	0	0	47	1	0.02127659574468085
7666	1478	38	1	0	0	0	39	1	0.02564102564102564
7667	1473	45	0	0	0	0	45	0	0
7668	1479	44	5	0	0	0	49	5	0.10204081632653061
7669	1489	30	2	0	0	0	32	2	0.0625
767	1449	41	6	0	0	0	47	6	0.1276595744680851
7670	1439	44	1	0	0	0	45	1	0.022222222222222223
7671	1482	40	2	0	0	0	42	2	0.047619047619047616
7672	1445	39	3	0	0	0	42	3	0.07142857142857142
7673	1482	36	2	0	0	0	38	2	0.05263157894736842
7674	1500	35	1	0	0	0	36	1	0.027777777777777776
7675	1486	47	1	1	0	0	49	2	0.04081632653061224
7676	1472	44	0	0	0	0	44	0	0
7677	1450	52	3	0	0	0	55	3	0.05454545454545454
7678	1490	52	3	0	0	0	55	3	0.05454545454545454
7679	1484	35	1	0	0	0	36	1	0.027777777777777776
768	1485	46	5	0	0	0	51	5	0.09803921568627451
7680	1476	42	3	0	0	0	45	3	0.06666666666666667
7681	1469	44	3	0	0	0	47	3	0.06382978723404255
7682	1475	48	2	0	0	0	50	2	0.04
7683	1466	41	3	0	0	0	44	3	0.06818181818181818
7684	1481	57	3	0	0	0	60	3	0.05
7685	1467	43	5	0	0	0	48	5	0.10416666666666667
7686	1440	43	3	0	0	0	46	3	0.06521739130434782
7687	1466	47	2	0	0	0	49	2	0.04081632653061224
7688	1438	54	5	0	0	0	59	5	0.0847457627118644
7689	1501	56	0	0	0	0	56	0	0
769	1478	42	5	0	0	0	47	5	0.10638297872340426
7690	1468	53	1	1	0	0	55	2	0.03636363636363636
7691	1463	43	1	0	0	0	44	1	0.022727272727272728
7692	1495	44	0	0	0	0	44	0	0
7693	1494	49	7	0	0	0	56	7	0.125
7694	1460	35	1	0	0	0	36	1	0.027777777777777776
7695	1496	47	3	0	0	0	50	3	0.06
7696	1483	51	2	0	0	0	53	2	0.03773584905660377
7697	1470	49	5	0	0	0	54	5	0.09259259259259259
7698	1478	53	5	0	0	0	58	5	0.08620689655172414
7699	1482	38	2	0	0	0	40	2	0.05
77	1471	52	3	0	0	0	55	3	0.05454545454545454
770	1478	38	2	0	0	0	40	2	0.05
7700	1474	49	1	0	0	0	50	1	0.02
7701	1481	52	1	0	0	0	53	1	0.018867924528301886
7702	1472	55	1	1	0	0	57	2	0.03508771929824561
7703	1503	40	2	0	0	0	42	2	0.047619047619047616
7704	1475	51	2	1	0	0	54	3	0.05555555555555555
7705	1469	43	3	1	0	0	47	4	0.0851063829787234
7706	1447	47	3	0	0	0	50	3	0.06
7707	1500	39	2	0	0	0	41	2	0.04878048780487805
7708	1468	46	3	0	0	0	49	3	0.061224489795918366
7709	1490	51	2	0	0	0	53	2	0.03773584905660377
771	1490	33	1	0	0	0	34	1	0.029411764705882353
7710	1477	41	2	0	0	0	43	2	0.046511627906976744
7711	1494	49	2	0	0	0	51	2	0.0392156862745098
7712	1497	37	2	0	0	0	39	2	0.05128205128205128
7713	1474	52	1	0	0	0	53	1	0.018867924528301886
7714	1474	49	1	0	0	0	50	1	0.02
7715	1468	47	6	0	0	0	53	6	0.11320754716981132
7716	1476	43	3	0	0	0	46	3	0.06521739130434782
7717	1451	45	3	1	0	0	49	4	0.08163265306122448
7718	1479	51	1	0	0	0	52	1	0.019230769230769232
7719	1477	53	3	0	0	0	56	3	0.05357142857142857
772	1445	53	4	1	0	0	58	5	0.08620689655172414
7720	1445	56	2	0	0	0	58	2	0.034482758620689655
7721	1475	45	2	1	0	0	48	3	0.0625
7722	1471	61	2	0	0	0	63	2	0.031746031746031744
7723	1500	48	2	0	0	0	50	2	0.04
7724	1470	44	2	0	0	0	46	2	0.043478260869565216
7725	1460	44	3	0	0	0	47	3	0.06382978723404255
7726	1479	53	2	1	0	0	56	3	0.05357142857142857
7727	1472	48	3	0	0	0	51	3	0.058823529411764705
7728	1478	45	2	0	0	0	47	2	0.0425531914893617
7729	1484	41	2	0	0	0	43	2	0.046511627906976744
773	1464	53	3	0	0	0	56	3	0.05357142857142857
7730	1486	33	5	0	0	0	38	5	0.13157894736842105
7731	1497	41	3	0	0	0	44	3	0.06818181818181818
7732	1477	38	3	0	0	0	41	3	0.07317073170731707
7733	1466	36	2	0	0	0	38	2	0.05263157894736842
7734	1436	38	4	0	0	0	42	4	0.09523809523809523
7735	1489	43	1	0	0	0	44	1	0.022727272727272728
7736	1496	57	4	1	0	0	62	5	0.08064516129032258
7737	1481	39	2	0	0	0	41	2	0.04878048780487805
7738	1465	55	4	0	0	0	59	4	0.06779661016949153
7739	1468	52	1	0	0	0	53	1	0.018867924528301886
774	1472	38	5	0	0	0	43	5	0.11627906976744186
7740	1486	55	3	0	0	0	58	3	0.05172413793103448
7741	1447	36	2	1	0	0	39	3	0.07692307692307693
7742	1477	48	2	0	0	0	50	2	0.04
7743	1469	41	1	0	0	0	42	1	0.023809523809523808
7744	1467	36	0	0	0	0	36	0	0
7745	1471	58	2	0	0	0	60	2	0.03333333333333333
7746	1471	47	2	0	0	0	49	2	0.04081632653061224
7747	1485	49	3	0	0	0	52	3	0.057692307692307696
7748	1469	44	1	0	0	0	45	1	0.022222222222222223
7749	1449	46	0	0	0	0	46	0	0
775	1485	52	3	0	0	0	55	3	0.05454545454545454
7750	1494	50	1	0	0	0	51	1	0.0196078431372549
7751	1455	46	3	1	0	0	50	4	0.08
7752	1489	52	2	0	0	0	54	2	0.037037037037037035
7753	1466	44	2	0	0	0	46	2	0.043478260869565216
7754	1472	44	4	0	0	0	48	4	0.08333333333333333
7755	1478	48	0	0	0	0	48	0	0
7756	1456	44	2	0	0	0	46	2	0.043478260869565216
7757	1480	42	1	0	0	0	43	1	0.023255813953488372
7758	1464	46	4	0	0	0	50	4	0.08
7759	1500	47	4	0	0	0	51	4	0.0784313725490196
776	1484	35	0	0	0	0	35	0	0
7760	1465	47	1	1	0	0	49	2	0.04081632653061224
7761	1469	48	4	0	0	0	52	4	0.07692307692307693
7762	1481	55	1	1	0	0	57	2	0.03508771929824561
7763	1484	34	2	0	0	0	36	2	0.05555555555555555
7764	1474	45	6	0	0	0	51	6	0.11764705882352941
7765	1459	41	2	0	0	0	43	2	0.046511627906976744
7766	1476	59	3	1	0	0	63	4	0.06349206349206349
7767	1479	42	4	0	0	0	46	4	0.08695652173913043
7768	1489	46	3	0	0	0	49	3	0.061224489795918366
7769	1501	39	4	0	0	0	43	4	0.09302325581395349
777	1486	50	3	0	0	0	53	3	0.05660377358490566
7770	1469	32	1	0	0	0	33	1	0.030303030303030304
7771	1470	42	1	0	0	0	43	1	0.023255813953488372
7772	1501	39	0	0	0	0	39	0	0
7773	1448	45	2	0	0	0	47	2	0.0425531914893617
7774	1515	38	2	0	0	0	40	2	0.05
7775	1464	45	4	0	0	0	49	4	0.08163265306122448
7776	1506	45	4	0	0	0	49	4	0.08163265306122448
7777	1474	32	1	0	0	0	33	1	0.030303030303030304
7778	1497	28	4	0	0	0	32	4	0.125
7779	1500	44	5	0	0	0	49	5	0.10204081632653061
778	1437	49	3	0	0	0	52	3	0.057692307692307696
7780	1465	62	1	0	0	0	63	1	0.015873015873015872
7781	1429	48	2	0	0	0	50	2	0.04
7782	1500	46	5	0	0	0	51	5	0.09803921568627451
7783	1489	40	3	0	0	0	43	3	0.06976744186046512
7784	1468	40	2	0	0	0	42	2	0.047619047619047616
7785	1468	45	1	0	0	0	46	1	0.021739130434782608
7786	1487	49	4	0	0	0	53	4	0.07547169811320754
7787	1450	45	3	0	0	0	48	3	0.0625
7788	1503	45	2	1	0	0	48	3	0.0625
7789	1491	47	1	0	0	0	48	1	0.020833333333333332
779	1467	56	1	0	0	0	57	1	0.017543859649122806
7790	1469	37	1	0	0	0	38	1	0.02631578947368421
7791	1471	38	4	0	0	0	42	4	0.09523809523809523
7792	1481	42	3	0	0	0	45	3	0.06666666666666667
7793	1478	43	2	0	0	0	45	2	0.044444444444444446
7794	1476	34	4	0	0	0	38	4	0.10526315789473684
7795	1468	48	2	0	0	0	50	2	0.04
7796	1472	42	4	0	0	0	46	4	0.08695652173913043
7797	1488	44	0	0	0	0	44	0	0
7798	1456	54	2	1	0	0	57	3	0.05263157894736842
7799	1471	44	2	0	0	0	46	2	0.043478260869565216
78	1476	50	5	0	0	0	55	5	0.09090909090909091
780	1431	48	2	0	0	0	50	2	0.04
7800	1475	56	2	0	0	0	58	2	0.034482758620689655
7801	1459	45	1	1	0	0	47	2	0.0425531914893617
7802	1476	55	2	0	0	0	57	2	0.03508771929824561
7803	1452	44	4	0	0	0	48	4	0.08333333333333333
7804	1477	40	2	0	0	0	42	2	0.047619047619047616
7805	1496	43	2	0	0	0	45	2	0.044444444444444446
7806	1505	33	4	0	0	0	37	4	0.10810810810810811
7807	1453	34	4	0	0	0	38	4	0.10526315789473684
7808	1452	54	1	1	0	0	56	2	0.03571428571428571
7809	1493	35	3	0	0	0	38	3	0.07894736842105263
781	1504	42	1	0	0	0	43	1	0.023255813953488372
7810	1466	47	2	0	0	0	49	2	0.04081632653061224
7811	1462	50	2	0	0	0	52	2	0.038461538461538464
7812	1427	41	2	0	0	0	43	2	0.046511627906976744
7813	1483	55	3	0	0	0	58	3	0.05172413793103448
7814	1503	53	5	0	0	0	58	5	0.08620689655172414
7815	1497	45	1	0	0	0	46	1	0.021739130434782608
7816	1460	31	4	0	0	0	35	4	0.11428571428571428
7817	1454	40	3	0	0	0	43	3	0.06976744186046512
7818	1437	37	3	0	0	0	40	3	0.075
7819	1463	45	1	0	0	0	46	1	0.021739130434782608
782	1485	46	2	0	0	0	48	2	0.041666666666666664
7820	1501	44	4	0	0	0	48	4	0.08333333333333333
7821	1472	50	3	1	0	0	54	4	0.07407407407407407
7822	1497	50	2	0	0	0	52	2	0.038461538461538464
7823	1479	47	2	0	0	0	49	2	0.04081632653061224
7824	1508	36	6	0	0	0	42	6	0.14285714285714285
7825	1480	35	5	1	0	0	41	6	0.14634146341463414
7826	1456	41	2	0	0	0	43	2	0.046511627906976744
7827	1498	36	5	0	0	0	41	5	0.12195121951219512
7828	1457	46	2	0	0	0	48	2	0.041666666666666664
7829	1469	46	2	1	0	0	49	3	0.061224489795918366
783	1478	42	2	0	0	0	44	2	0.045454545454545456
7830	1435	42	2	0	0	0	44	2	0.045454545454545456
7831	1484	40	4	0	0	0	44	4	0.09090909090909091
7832	1473	52	3	0	0	0	55	3	0.05454545454545454
7833	1476	36	2	0	0	0	38	2	0.05263157894736842
7834	1480	47	3	0	0	0	50	3	0.06
7835	1477	40	2	0	0	0	42	2	0.047619047619047616
7836	1504	37	3	0	0	0	40	3	0.075
7837	1481	45	0	0	0	0	45	0	0
7838	1487	35	3	0	0	0	38	3	0.07894736842105263
7839	1476	47	3	0	0	0	50	3	0.06
784	1486	40	3	0	0	0	43	3	0.06976744186046512
7840	1495	42	2	0	0	0	44	2	0.045454545454545456
7841	1471	59	5	0	0	0	64	5	0.078125
7842	1482	53	1	0	0	0	54	1	0.018518518518518517
7843	1472	33	1	0	0	0	34	1	0.029411764705882353
7844	1472	54	2	0	0	0	56	2	0.03571428571428571
7845	1461	44	3	0	0	0	47	3	0.06382978723404255
7846	1477	42	2	0	0	0	44	2	0.045454545454545456
7847	1451	52	4	0	0	0	56	4	0.07142857142857142
7848	1489	44	4	0	0	0	48	4	0.08333333333333333
7849	1464	44	0	0	0	0	44	0	0
785	1506	57	5	1	0	0	63	6	0.09523809523809523
7850	1495	42	4	0	0	0	46	4	0.08695652173913043
7851	1474	46	1	0	0	0	47	1	0.02127659574468085
7852	1475	45	4	0	0	0	49	4	0.08163265306122448
7853	1472	44	3	0	0	0	47	3	0.06382978723404255
7854	1480	47	1	0	0	0	48	1	0.020833333333333332
7855	1509	38	3	0	0	0	41	3	0.07317073170731707
7856	1473	43	3	0	0	0	46	3	0.06521739130434782
7857	1478	44	0	0	0	0	44	0	0
7858	1461	52	2	0	0	0	54	2	0.037037037037037035
7859	1451	50	1	0	0	0	51	1	0.0196078431372549
786	1454	39	1	0	0	0	40	1	0.025
7860	1483	43	3	0	0	0	46	3	0.06521739130434782
7861	1513	43	0	0	0	0	43	0	0
7862	1481	38	4	0	0	0	42	4	0.09523809523809523
7863	1464	62	1	0	0	0	63	1	0.015873015873015872
7864	1485	41	1	0	0	0	42	1	0.023809523809523808
7865	1500	47	4	1	0	0	52	5	0.09615384615384616
7866	1464	62	3	0	0	0	65	3	0.046153846153846156
7867	1462	43	3	0	0	0	46	3	0.06521739130434782
7868	1481	44	2	0	0	0	46	2	0.043478260869565216
7869	1474	38	3	0	0	0	41	3	0.07317073170731707
787	1506	51	2	0	0	0	53	2	0.03773584905660377
7870	1464	48	0	0	0	0	48	0	0
7871	1498	41	3	0	0	0	44	3	0.06818181818181818
7872	1465	41	1	0	0	0	42	1	0.023809523809523808
7873	1469	39	2	0	0	0	41	2	0.04878048780487805
7874	1432	48	2	1	0	0	51	3	0.058823529411764705
7875	1451	47	0	1	0	0	48	1	0.020833333333333332
7876	1451	45	0	0	0	0	45	0	0
7877	1461	34	3	0	0	0	37	3	0.08108108108108109
7878	1487	42	3	0	0	0	45	3	0.06666666666666667
7879	1468	65	2	0	0	0	67	2	0.029850746268656716
788	1476	39	2	0	0	0	41	2	0.04878048780487805
7880	1475	46	2	0	0	0	48	2	0.041666666666666664
7881	1470	38	5	0	0	0	43	5	0.11627906976744186
7882	1440	50	1	0	0	0	51	1	0.0196078431372549
7883	1484	42	3	1	0	0	46	4	0.08695652173913043
7884	1496	42	4	0	0	0	46	4	0.08695652173913043
7885	1459	41	2	0	0	0	43	2	0.046511627906976744
7886	1468	48	3	0	0	0	51	3	0.058823529411764705
7887	1485	41	3	0	0	0	44	3	0.06818181818181818
7888	1472	44	2	0	0	0	46	2	0.043478260869565216
7889	1486	40	3	0	0	0	43	3	0.06976744186046512
789	1448	40	4	0	0	0	44	4	0.09090909090909091
7890	1491	43	2	0	0	0	45	2	0.044444444444444446
7891	1452	44	4	0	0	0	48	4	0.08333333333333333
7892	1432	51	3	0	0	0	54	3	0.05555555555555555
7893	1466	63	2	0	0	0	65	2	0.03076923076923077
7894	1518	47	4	0	0	0	51	4	0.0784313725490196
7895	1497	35	2	0	0	0	37	2	0.05405405405405406
7896	1469	47	3	0	0	0	50	3	0.06
7897	1496	54	1	0	0	0	55	1	0.01818181818181818
7898	1481	36	4	0	0	0	40	4	0.1
7899	1481	57	3	0	0	0	60	3	0.05
79	1442	47	3	0	0	0	50	3	0.06
790	1488	48	2	0	0	0	50	2	0.04
7900	1479	51	3	0	0	0	54	3	0.05555555555555555
7901	1460	41	2	0	0	0	43	2	0.046511627906976744
7902	1468	40	3	0	0	0	43	3	0.06976744186046512
7903	1492	55	2	0	0	0	57	2	0.03508771929824561
7904	1492	45	0	0	0	0	45	0	0
7905	1463	46	1	0	0	0	47	1	0.02127659574468085
7906	1490	50	4	0	0	0	54	4	0.07407407407407407
7907	1475	44	2	0	0	0	46	2	0.043478260869565216
7908	1490	40	2	0	0	0	42	2	0.047619047619047616
7909	1463	40	2	0	0	0	42	2	0.047619047619047616
791	1485	49	2	1	0	0	52	3	0.057692307692307696
7910	1488	44	0	0	0	0	44	0	0
7911	1499	39	3	0	0	0	42	3	0.07142857142857142
7912	1483	43	2	0	0	0	45	2	0.044444444444444446
7913	1493	54	1	0	0	0	55	1	0.01818181818181818
7914	1500	51	4	0	0	0	55	4	0.07272727272727272
7915	1441	58	2	0	0	0	60	2	0.03333333333333333
7916	1450	43	2	0	0	0	45	2	0.044444444444444446
7917	1464	57	1	0	0	0	58	1	0.017241379310344827
7918	1479	49	0	0	0	0	49	0	0
7919	1490	48	1	0	0	0	49	1	0.02040816326530612
792	1483	48	4	0	0	0	52	4	0.07692307692307693
7920	1473	41	3	0	0	0	44	3	0.06818181818181818
7921	1463	44	3	0	0	0	47	3	0.06382978723404255
7922	1466	49	3	0	0	0	52	3	0.057692307692307696
7923	1444	55	1	0	0	0	56	1	0.017857142857142856
7924	1447	35	2	1	0	0	38	3	0.07894736842105263
7925	1521	45	3	0	0	0	48	3	0.0625
7926	1481	49	8	0	0	0	57	8	0.14035087719298245
7927	1452	53	4	0	0	0	57	4	0.07017543859649122
7928	1497	48	3	0	0	0	51	3	0.058823529411764705
7929	1491	45	5	0	0	0	50	5	0.1
793	1492	44	1	0	0	0	45	1	0.022222222222222223
7930	1463	44	3	0	0	0	47	3	0.06382978723404255
7931	1492	62	3	1	0	0	66	4	0.06060606060606061
7932	1493	49	3	0	0	0	52	3	0.057692307692307696
7933	1457	42	3	1	0	0	46	4	0.08695652173913043
7934	1476	46	1	1	0	0	48	2	0.041666666666666664
7935	1487	40	1	0	0	0	41	1	0.024390243902439025
7936	1443	44	3	0	0	0	47	3	0.06382978723404255
7937	1495	39	2	0	0	0	41	2	0.04878048780487805
7938	1502	48	3	0	0	0	51	3	0.058823529411764705
7939	1487	55	3	0	0	0	58	3	0.05172413793103448
794	1459	31	1	0	0	0	32	1	0.03125
7940	1472	40	3	0	0	0	43	3	0.06976744186046512
7941	1467	37	3	0	0	0	40	3	0.075
7942	1477	54	6	0	0	0	60	6	0.1
7943	1465	46	2	0	0	0	48	2	0.041666666666666664
7944	1477	40	1	0	0	0	41	1	0.024390243902439025
7945	1495	39	3	0	0	0	42	3	0.07142857142857142
7946	1480	47	5	0	0	0	52	5	0.09615384615384616
7947	1465	40	4	0	0	0	44	4	0.09090909090909091
7948	1485	42	1	0	0	0	43	1	0.023255813953488372
7949	1444	39	2	0	0	0	41	2	0.04878048780487805
795	1459	33	0	0	0	0	33	0	0
7950	1490	41	4	0	0	0	45	4	0.08888888888888889
7951	1449	46	1	0	0	0	47	1	0.02127659574468085
7952	1489	29	1	0	0	0	30	1	0.03333333333333333
7953	1455	28	4	0	0	0	32	4	0.125
7954	1454	48	3	0	0	0	51	3	0.058823529411764705
7955	1460	39	1	1	0	0	41	2	0.04878048780487805
7956	1493	49	1	0	0	0	50	1	0.02
7957	1423	39	3	1	0	0	43	4	0.09302325581395349
7958	1468	45	2	0	0	0	47	2	0.0425531914893617
7959	1490	52	0	0	0	0	52	0	0
796	1464	49	4	0	0	0	53	4	0.07547169811320754
7960	1503	27	2	0	0	0	29	2	0.06896551724137931
7961	1481	40	2	0	0	0	42	2	0.047619047619047616
7962	1475	33	1	0	0	0	34	1	0.029411764705882353
7963	1456	39	2	0	0	0	41	2	0.04878048780487805
7964	1497	41	1	0	0	0	42	1	0.023809523809523808
7965	1458	36	5	0	0	0	41	5	0.12195121951219512
7966	1464	44	4	0	0	0	48	4	0.08333333333333333
7967	1472	49	1	0	0	0	50	1	0.02
7968	1449	40	4	0	0	0	44	4	0.09090909090909091
7969	1485	61	4	0	0	0	65	4	0.06153846153846154
797	1508	39	2	0	0	0	41	2	0.04878048780487805
7970	1482	40	1	0	0	0	41	1	0.024390243902439025
7971	1486	38	1	0	0	0	39	1	0.02564102564102564
7972	1459	54	7	0	0	0	61	7	0.11475409836065574
7973	1467	36	3	0	0	0	39	3	0.07692307692307693
7974	1455	58	3	0	0	0	61	3	0.04918032786885246
7975	1458	56	5	0	0	0	61	5	0.08196721311475409
7976	1480	54	5	0	0	0	59	5	0.0847457627118644
7977	1497	47	4	0	0	0	51	4	0.0784313725490196
7978	1443	40	1	0	0	0	41	1	0.024390243902439025
7979	1437	36	1	0	0	0	37	1	0.02702702702702703
798	1456	49	1	0	0	0	50	1	0.02
7980	1458	35	1	0	0	0	36	1	0.027777777777777776
7981	1494	58	2	0	0	0	60	2	0.03333333333333333
7982	1477	34	4	0	0	0	38	4	0.10526315789473684
7983	1452	49	4	0	0	0	53	4	0.07547169811320754
7984	1442	45	1	0	0	0	46	1	0.021739130434782608
7985	1476	44	2	0	0	0	46	2	0.043478260869565216
7986	1497	45	1	0	0	0	46	1	0.021739130434782608
7987	1448	47	6	0	0	0	53	6	0.11320754716981132
7988	1464	43	5	1	0	0	49	6	0.12244897959183673
7989	1483	66	5	0	0	0	71	5	0.07042253521126761
799	1483	48	0	0	0	0	48	0	0
7990	1461	54	2	0	0	0	56	2	0.03571428571428571
7991	1458	39	4	0	0	0	43	4	0.09302325581395349
7992	1452	54	3	0	0	0	57	3	0.05263157894736842
7993	1487	47	4	0	0	0	51	4	0.0784313725490196
7994	1499	38	3	0	0	0	41	3	0.07317073170731707
7995	1458	46	1	0	0	0	47	1	0.02127659574468085
7996	1465	51	1	0	0	0	52	1	0.019230769230769232
7997	1457	50	2	0	0	0	52	2	0.038461538461538464
7998	1451	40	3	0	0	0	43	3	0.06976744186046512
7999	1496	47	2	0	0	0	49	2	0.04081632653061224
8	1457	59	3	0	0	0	62	3	0.04838709677419355
80	1506	51	3	0	0	0	54	3	0.05555555555555555
800	1461	54	2	0	0	0	56	2	0.03571428571428571
8000	1485	40	5	0	0	0	45	5	0.1111111111111111
8001	1466	44	2	0	0	0	46	2	0.043478260869565216
8002	1433	42	1	0	0	0	43	1	0.023255813953488372
8003	1481	48	4	0	0	0	52	4	0.07692307692307693
8004	1441	59	1	1	0	0	61	2	0.03278688524590164
8005	1461	53	4	0	0	0	57	4	0.07017543859649122
8006	1488	45	3	0	0	0	48	3	0.0625
8007	1462	44	1	0	0	0	45	1	0.022222222222222223
8008	1444	48	1	0	0	0	49	1	0.02040816326530612
8009	1456	44	3	1	0	0	48	4	0.08333333333333333
801	1503	42	3	0	0	0	45	3	0.06666666666666667
8010	1469	40	1	1	0	0	42	2	0.047619047619047616
8011	1465	51	1	0	0	0	52	1	0.019230769230769232
8012	1474	45	2	0	0	0	47	2	0.0425531914893617
8013	1514	46	4	0	0	0	50	4	0.08
8014	1476	55	1	0	0	0	56	1	0.017857142857142856
8015	1477	50	3	0	0	0	53	3	0.05660377358490566
8016	1507	42	0	0	0	0	42	0	0
8017	1479	46	2	0	0	0	48	2	0.041666666666666664
8018	1514	32	2	0	0	0	34	2	0.058823529411764705
8019	1485	46	2	0	0	0	48	2	0.041666666666666664
802	1447	54	3	1	0	0	58	4	0.06896551724137931
8020	1496	43	1	0	0	0	44	1	0.022727272727272728
8021	1464	50	2	1	0	0	53	3	0.05660377358490566
8022	1479	42	1	0	0	0	43	1	0.023255813953488372
8023	1448	37	2	0	0	0	39	2	0.05128205128205128
8024	1464	60	2	0	0	0	62	2	0.03225806451612903
8025	1484	49	1	0	0	0	50	1	0.02
8026	1475	49	4	0	0	0	53	4	0.07547169811320754
8027	1456	61	4	0	0	0	65	4	0.06153846153846154
8028	1464	39	2	0	0	0	41	2	0.04878048780487805
8029	1501	41	2	0	0	0	43	2	0.046511627906976744
803	1473	47	3	0	0	0	50	3	0.06
8030	1491	51	3	0	0	0	54	3	0.05555555555555555
8031	1460	44	5	0	0	0	49	5	0.10204081632653061
8032	1481	47	1	0	0	0	48	1	0.020833333333333332
8033	1500	46	5	0	0	0	51	5	0.09803921568627451
8034	1460	54	2	1	0	0	57	3	0.05263157894736842
8035	1489	55	6	0	0	0	61	6	0.09836065573770492
8036	1474	53	4	0	0	0	57	4	0.07017543859649122
8037	1485	39	2	0	0	0	41	2	0.04878048780487805
8038	1499	48	3	0	0	0	51	3	0.058823529411764705
8039	1482	40	2	0	0	0	42	2	0.047619047619047616
804	1489	51	4	0	0	0	55	4	0.07272727272727272
8040	1501	30	4	0	0	0	34	4	0.11764705882352941
8041	1462	53	1	0	0	0	54	1	0.018518518518518517
8042	1496	41	5	0	0	0	46	5	0.10869565217391304
8043	1482	48	1	0	0	0	49	1	0.02040816326530612
8044	1478	45	2	0	0	0	47	2	0.0425531914893617
8045	1460	44	1	0	0	0	45	1	0.022222222222222223
8046	1468	46	3	0	0	0	49	3	0.061224489795918366
8047	1486	52	4	0	0	0	56	4	0.07142857142857142
8048	1458	39	2	0	0	0	41	2	0.04878048780487805
8049	1460	50	2	0	0	0	52	2	0.038461538461538464
805	1456	51	1	0	0	0	52	1	0.019230769230769232
8050	1477	52	3	0	0	0	55	3	0.05454545454545454
8051	1489	45	2	0	0	0	47	2	0.0425531914893617
8052	1461	39	5	1	0	0	45	6	0.13333333333333333
8053	1456	49	1	0	0	0	50	1	0.02
8054	1479	48	2	0	0	0	50	2	0.04
8055	1455	35	1	0	0	0	36	1	0.027777777777777776
8056	1464	48	2	0	0	0	50	2	0.04
8057	1486	42	5	0	0	0	47	5	0.10638297872340426
8058	1479	42	0	0	0	0	42	0	0
8059	1497	54	0	0	0	0	54	0	0
806	1502	50	2	0	0	0	52	2	0.038461538461538464
8060	1478	40	3	0	0	0	43	3	0.06976744186046512
8061	1451	47	4	0	0	0	51	4	0.0784313725490196
8062	1472	48	1	0	0	0	49	1	0.02040816326530612
8063	1463	39	3	0	0	0	42	3	0.07142857142857142
8064	1466	38	3	0	0	0	41	3	0.07317073170731707
8065	1450	41	3	0	0	0	44	3	0.06818181818181818
8066	1496	44	2	1	0	0	47	3	0.06382978723404255
8067	1445	44	2	0	0	0	46	2	0.043478260869565216
8068	1448	44	1	0	0	0	45	1	0.022222222222222223
8069	1471	39	2	0	0	0	41	2	0.04878048780487805
807	1479	46	1	0	0	0	47	1	0.02127659574468085
8070	1485	36	4	0	0	0	40	4	0.1
8071	1483	45	5	0	0	0	50	5	0.1
8072	1469	40	3	0	0	0	43	3	0.06976744186046512
8073	1455	43	3	0	0	0	46	3	0.06521739130434782
8074	1473	52	5	0	0	0	57	5	0.08771929824561403
8075	1474	53	1	1	0	0	55	2	0.03636363636363636
8076	1464	49	3	0	0	0	52	3	0.057692307692307696
8077	1481	46	1	0	0	0	47	1	0.02127659574468085
8078	1466	60	3	1	0	0	64	4	0.0625
8079	1466	48	3	0	0	0	51	3	0.058823529411764705
808	1497	36	1	0	0	0	37	1	0.02702702702702703
8080	1437	50	1	0	0	0	51	1	0.0196078431372549
8081	1478	35	1	0	0	0	36	1	0.027777777777777776
8082	1472	47	6	1	0	0	54	7	0.12962962962962962
8083	1491	42	0	0	0	0	42	0	0
8084	1478	39	3	0	0	0	42	3	0.07142857142857142
8085	1474	50	2	0	0	0	52	2	0.038461538461538464
8086	1452	45	3	0	0	0	48	3	0.0625
8087	1457	52	2	0	0	0	54	2	0.037037037037037035
8088	1497	35	4	0	0	0	39	4	0.10256410256410256
8089	1481	50	0	0	0	0	50	0	0
809	1482	40	1	0	0	0	41	1	0.024390243902439025
8090	1469	49	1	0	0	0	50	1	0.02
8091	1454	40	1	0	0	0	41	1	0.024390243902439025
8092	1483	48	3	1	0	0	52	4	0.07692307692307693
8093	1459	42	5	0	0	0	47	5	0.10638297872340426
8094	1480	51	1	0	0	0	52	1	0.019230769230769232
8095	1448	41	2	0	0	0	43	2	0.046511627906976744
8096	1457	44	3	0	0	0	47	3	0.06382978723404255
8097	1464	42	2	0	0	0	44	2	0.045454545454545456
8098	1471	55	2	1	0	0	58	3	0.05172413793103448
8099	1471	50	4	0	0	0	54	4	0.07407407407407407
81	1480	47	2	0	0	0	49	2	0.04081632653061224
810	1458	43	3	0	0	0	46	3	0.06521739130434782
8100	1437	48	2	0	0	0	50	2	0.04
8101	1444	30	1	0	0	0	31	1	0.03225806451612903
8102	1448	39	0	1	0	0	40	1	0.025
8103	1468	39	3	0	0	0	42	3	0.07142857142857142
8104	1477	50	4	0	0	0	54	4	0.07407407407407407
8105	1471	53	1	0	0	0	54	1	0.018518518518518517
8106	1463	50	3	0	0	0	53	3	0.05660377358490566
8107	1462	52	4	0	0	0	56	4	0.07142857142857142
8108	1465	52	2	0	0	0	54	2	0.037037037037037035
8109	1460	45	4	0	0	0	49	4	0.08163265306122448
811	1483	48	3	1	0	0	52	4	0.07692307692307693
8110	1463	45	1	0	0	0	46	1	0.021739130434782608
8111	1501	50	4	0	0	0	54	4	0.07407407407407407
8112	1513	39	1	0	0	0	40	1	0.025
8113	1484	30	3	2	0	0	35	5	0.14285714285714285
8114	1437	50	4	0	0	0	54	4	0.07407407407407407
8115	1459	44	5	0	0	0	49	5	0.10204081632653061
8116	1497	36	1	0	0	0	37	1	0.02702702702702703
8117	1471	53	2	0	0	0	55	2	0.03636363636363636
8118	1462	54	4	0	0	0	58	4	0.06896551724137931
8119	1468	49	0	0	0	0	49	0	0
812	1468	45	1	0	0	0	46	1	0.021739130434782608
8120	1457	39	1	0	0	0	40	1	0.025
8121	1449	44	1	0	0	0	45	1	0.022222222222222223
8122	1490	38	4	0	0	0	42	4	0.09523809523809523
8123	1426	33	1	0	0	0	34	1	0.029411764705882353
8124	1504	49	6	0	0	0	55	6	0.10909090909090909
8125	1487	59	2	0	0	0	61	2	0.03278688524590164
8126	1479	54	3	0	0	0	57	3	0.05263157894736842
8127	1459	59	2	0	0	0	61	2	0.03278688524590164
8128	1448	58	2	0	0	0	60	2	0.03333333333333333
8129	1459	48	3	0	0	0	51	3	0.058823529411764705
813	1449	58	2	0	0	0	60	2	0.03333333333333333
8130	1483	46	3	0	0	0	49	3	0.061224489795918366
8131	1454	48	0	0	0	0	48	0	0
8132	1487	38	4	0	0	0	42	4	0.09523809523809523
8133	1477	46	2	0	0	0	48	2	0.041666666666666664
8134	1477	50	3	0	0	0	53	3	0.05660377358490566
8135	1483	47	6	0	0	0	53	6	0.11320754716981132
8136	1496	38	2	0	0	0	40	2	0.05
8137	1434	52	4	1	0	0	57	5	0.08771929824561403
8138	1501	54	4	0	0	0	58	4	0.06896551724137931
8139	1470	47	3	0	0	0	50	3	0.06
814	1429	44	4	0	0	0	48	4	0.08333333333333333
8140	1472	55	5	0	1	0	61	6	0.09836065573770492
8141	1486	42	1	1	0	0	44	2	0.045454545454545456
8142	1476	40	2	0	0	0	42	2	0.047619047619047616
8143	1493	48	1	0	0	0	49	1	0.02040816326530612
8144	1480	51	4	0	0	0	55	4	0.07272727272727272
8145	1517	58	1	0	0	0	59	1	0.01694915254237288
8146	1473	39	3	0	0	0	42	3	0.07142857142857142
8147	1441	50	0	0	0	0	50	0	0
8148	1456	36	1	0	0	0	37	1	0.02702702702702703
8149	1485	44	3	0	0	0	47	3	0.06382978723404255
815	1436	51	1	0	0	0	52	1	0.019230769230769232
8150	1455	42	4	0	0	0	46	4	0.08695652173913043
8151	1492	38	2	0	0	0	40	2	0.05
8152	1474	44	1	1	0	0	46	2	0.043478260869565216
8153	1480	37	2	0	0	0	39	2	0.05128205128205128
8154	1459	37	5	0	0	0	42	5	0.11904761904761904
8155	1484	44	3	0	0	0	47	3	0.06382978723404255
8156	1460	52	0	0	0	0	52	0	0
8157	1495	53	2	2	0	0	57	4	0.07017543859649122
8158	1458	51	5	0	0	0	56	5	0.08928571428571429
8159	1452	46	1	0	0	0	47	1	0.02127659574468085
816	1495	43	3	0	0	0	46	3	0.06521739130434782
8160	1471	49	2	0	0	0	51	2	0.0392156862745098
8161	1458	56	0	0	0	0	56	0	0
8162	1434	51	3	0	0	0	54	3	0.05555555555555555
8163	1483	47	3	0	0	0	50	3	0.06
8164	1462	40	3	0	0	0	43	3	0.06976744186046512
8165	1464	50	3	0	0	0	53	3	0.05660377358490566
8166	1462	55	7	1	0	0	63	8	0.12698412698412698
8167	1475	47	0	1	0	0	48	1	0.020833333333333332
8168	1458	51	3	0	0	0	54	3	0.05555555555555555
8169	1477	54	6	0	0	0	60	6	0.1
817	1451	49	4	0	0	0	53	4	0.07547169811320754
8170	1502	39	1	0	0	0	40	1	0.025
8171	1447	42	1	0	0	0	43	1	0.023255813953488372
8172	1501	52	3	0	0	0	55	3	0.05454545454545454
8173	1459	39	3	0	0	0	42	3	0.07142857142857142
8174	1495	47	5	0	0	0	52	5	0.09615384615384616
8175	1496	49	2	0	0	0	51	2	0.0392156862745098
8176	1481	33	2	1	0	0	36	3	0.08333333333333333
8177	1492	55	3	0	0	0	58	3	0.05172413793103448
8178	1484	52	3	1	0	0	56	4	0.07142857142857142
8179	1458	31	2	0	0	0	33	2	0.06060606060606061
818	1456	41	4	0	0	0	45	4	0.08888888888888889
8180	1450	53	3	0	0	0	56	3	0.05357142857142857
8181	1431	37	4	0	0	0	41	4	0.0975609756097561
8182	1467	43	5	0	0	0	48	5	0.10416666666666667
8183	1462	46	5	0	0	0	51	5	0.09803921568627451
8184	1449	47	3	0	0	0	50	3	0.06
8185	1490	43	1	0	0	0	44	1	0.022727272727272728
8186	1485	43	1	1	0	0	45	2	0.044444444444444446
8187	1470	45	5	0	0	0	50	5	0.1
8188	1499	48	5	0	0	0	53	5	0.09433962264150944
8189	1516	44	5	0	0	0	49	5	0.10204081632653061
819	1478	45	4	0	0	0	49	4	0.08163265306122448
8190	1470	47	3	0	0	0	50	3	0.06
8191	1498	46	3	1	0	0	50	4	0.08
8192	1460	47	2	0	0	0	49	2	0.04081632653061224
8193	1471	48	2	0	0	0	50	2	0.04
8194	1430	52	3	0	0	0	55	3	0.05454545454545454
8195	1445	48	4	0	0	0	52	4	0.07692307692307693
8196	1472	51	3	0	0	0	54	3	0.05555555555555555
8197	1495	48	2	0	0	0	50	2	0.04
8198	1476	39	6	0	0	0	45	6	0.13333333333333333
8199	1460	48	4	0	0	0	52	4	0.07692307692307693
82	1454	45	6	0	0	0	51	6	0.11764705882352941
820	1477	50	5	0	0	0	55	5	0.09090909090909091
8200	1469	49	9	0	0	0	58	9	0.15517241379310345
8201	1458	40	2	0	0	0	42	2	0.047619047619047616
8202	1465	40	2	0	0	0	42	2	0.047619047619047616
8203	1458	37	2	1	0	0	40	3	0.075
8204	1445	46	3	0	0	0	49	3	0.061224489795918366
8205	1478	43	2	0	0	0	45	2	0.044444444444444446
8206	1476	52	4	0	0	0	56	4	0.07142857142857142
8207	1485	47	3	0	0	0	50	3	0.06
8208	1500	43	3	0	0	0	46	3	0.06521739130434782
8209	1489	44	1	0	0	0	45	1	0.022222222222222223
821	1468	30	2	0	0	0	32	2	0.0625
8210	1460	59	0	0	0	0	59	0	0
8211	1492	52	6	0	0	0	58	6	0.10344827586206896
8212	1457	41	3	1	0	0	45	4	0.08888888888888889
8213	1460	41	3	0	0	0	44	3	0.06818181818181818
8214	1449	45	1	0	0	0	46	1	0.021739130434782608
8215	1469	34	2	0	0	0	36	2	0.05555555555555555
8216	1475	50	1	0	0	0	51	1	0.0196078431372549
8217	1452	41	2	0	0	0	43	2	0.046511627906976744
8218	1492	41	3	0	0	0	44	3	0.06818181818181818
8219	1467	40	0	0	0	0	40	0	0
822	1484	43	4	0	0	0	47	4	0.0851063829787234
8220	1486	41	2	0	0	0	43	2	0.046511627906976744
8221	1451	40	1	0	0	0	41	1	0.024390243902439025
8222	1477	51	1	0	0	0	52	1	0.019230769230769232
8223	1443	41	2	0	0	0	43	2	0.046511627906976744
8224	1498	39	1	0	0	0	40	1	0.025
8225	1474	50	1	0	0	0	51	1	0.0196078431372549
8226	1506	38	5	0	0	0	43	5	0.11627906976744186
8227	1464	40	5	0	0	0	45	5	0.1111111111111111
8228	1486	47	7	0	0	0	54	7	0.12962962962962962
8229	1426	44	0	0	0	0	44	0	0
823	1467	45	1	0	0	0	46	1	0.021739130434782608
8230	1483	48	2	0	0	0	50	2	0.04
8231	1465	39	3	0	0	0	42	3	0.07142857142857142
8232	1472	51	3	0	0	0	54	3	0.05555555555555555
8233	1466	47	1	1	0	0	49	2	0.04081632653061224
8234	1473	42	4	0	0	0	46	4	0.08695652173913043
8235	1479	47	8	0	0	0	55	8	0.14545454545454545
8236	1510	42	3	1	0	0	46	4	0.08695652173913043
8237	1483	44	5	0	0	0	49	5	0.10204081632653061
8238	1463	37	2	0	0	0	39	2	0.05128205128205128
8239	1429	58	2	0	0	0	60	2	0.03333333333333333
824	1481	37	5	0	0	0	42	5	0.11904761904761904
8240	1463	48	1	1	0	0	50	2	0.04
8241	1486	50	2	0	0	0	52	2	0.038461538461538464
8242	1495	44	2	0	0	0	46	2	0.043478260869565216
8243	1492	36	2	0	0	0	38	2	0.05263157894736842
8244	1470	43	2	0	0	0	45	2	0.044444444444444446
8245	1488	31	2	0	0	0	33	2	0.06060606060606061
8246	1475	43	1	0	0	0	44	1	0.022727272727272728
8247	1493	44	3	0	0	0	47	3	0.06382978723404255
8248	1467	47	4	0	0	0	51	4	0.0784313725490196
8249	1439	54	3	0	0	0	57	3	0.05263157894736842
825	1473	41	2	1	0	0	44	3	0.06818181818181818
8250	1479	51	2	0	0	0	53	2	0.03773584905660377
8251	1477	38	2	1	0	0	41	3	0.07317073170731707
8252	1497	47	2	0	0	0	49	2	0.04081632653061224
8253	1476	60	0	0	0	0	60	0	0
8254	1457	47	5	0	0	0	52	5	0.09615384615384616
8255	1449	49	1	0	0	0	50	1	0.02
8256	1451	50	0	0	0	0	50	0	0
8257	1488	39	7	0	0	0	46	7	0.15217391304347827
8258	1496	44	2	0	0	0	46	2	0.043478260869565216
8259	1450	48	1	0	0	0	49	1	0.02040816326530612
826	1486	54	1	0	0	0	55	1	0.01818181818181818
8260	1479	38	4	0	0	0	42	4	0.09523809523809523
8261	1524	40	3	0	0	0	43	3	0.06976744186046512
8262	1471	48	4	0	0	0	52	4	0.07692307692307693
8263	1498	48	3	0	0	0	51	3	0.058823529411764705
8264	1490	49	2	0	1	0	52	3	0.057692307692307696
8265	1471	44	3	0	0	0	47	3	0.06382978723404255
8266	1503	48	6	0	0	0	54	6	0.1111111111111111
8267	1473	47	2	0	0	0	49	2	0.04081632653061224
8268	1478	45	2	0	0	0	47	2	0.0425531914893617
8269	1472	53	2	0	0	0	55	2	0.03636363636363636
827	1475	42	2	0	0	0	44	2	0.045454545454545456
8270	1452	60	3	0	0	0	63	3	0.047619047619047616
8271	1509	52	2	0	0	0	54	2	0.037037037037037035
8272	1505	36	1	0	0	0	37	1	0.02702702702702703
8273	1476	50	4	0	0	0	54	4	0.07407407407407407
8274	1474	56	3	0	0	0	59	3	0.05084745762711865
8275	1481	53	3	0	0	0	56	3	0.05357142857142857
8276	1451	49	3	0	0	0	52	3	0.057692307692307696
8277	1499	39	4	0	0	0	43	4	0.09302325581395349
8278	1489	33	3	0	0	0	36	3	0.08333333333333333
8279	1474	44	8	0	0	0	52	8	0.15384615384615385
828	1467	39	1	0	0	0	40	1	0.025
8280	1455	49	1	0	0	0	50	1	0.02
8281	1451	53	3	1	0	0	57	4	0.07017543859649122
8282	1478	40	1	0	1	0	42	2	0.047619047619047616
8283	1458	49	3	0	0	0	52	3	0.057692307692307696
8284	1452	58	1	0	0	0	59	1	0.01694915254237288
8285	1462	42	7	0	0	0	49	7	0.14285714285714285
8286	1467	61	6	0	0	0	67	6	0.08955223880597014
8287	1478	47	1	0	0	0	48	1	0.020833333333333332
8288	1485	37	3	0	0	0	40	3	0.075
8289	1468	43	3	0	0	0	46	3	0.06521739130434782
829	1481	45	2	0	0	0	47	2	0.0425531914893617
8290	1481	44	2	0	0	0	46	2	0.043478260869565216
8291	1461	51	3	0	0	0	54	3	0.05555555555555555
8292	1477	47	1	0	0	0	48	1	0.020833333333333332
8293	1430	49	4	0	0	0	53	4	0.07547169811320754
8294	1478	32	2	0	0	0	34	2	0.058823529411764705
8295	1498	46	1	0	0	0	47	1	0.02127659574468085
8296	1493	44	2	0	0	0	46	2	0.043478260869565216
8297	1484	58	1	0	0	0	59	1	0.01694915254237288
8298	1496	45	2	0	0	0	47	2	0.0425531914893617
8299	1491	43	5	0	0	0	48	5	0.10416666666666667
83	1501	34	2	0	0	0	36	2	0.05555555555555555
830	1469	44	2	0	0	0	46	2	0.043478260869565216
8300	1452	34	2	0	0	0	36	2	0.05555555555555555
8301	1465	41	2	0	0	0	43	2	0.046511627906976744
8302	1477	47	1	0	0	0	48	1	0.020833333333333332
8303	1471	44	1	0	0	0	45	1	0.022222222222222223
8304	1486	50	4	0	0	0	54	4	0.07407407407407407
8305	1488	57	4	0	0	0	61	4	0.06557377049180328
8306	1489	43	2	0	0	0	45	2	0.044444444444444446
8307	1474	51	3	0	0	0	54	3	0.05555555555555555
8308	1452	34	6	0	0	0	40	6	0.15
8309	1466	44	3	0	0	0	47	3	0.06382978723404255
831	1455	44	1	0	0	0	45	1	0.022222222222222223
8310	1475	48	2	0	0	0	50	2	0.04
8311	1484	56	3	0	0	0	59	3	0.05084745762711865
8312	1474	51	3	1	0	0	55	4	0.07272727272727272
8313	1488	45	4	0	0	0	49	4	0.08163265306122448
8314	1480	35	5	0	0	0	40	5	0.125
8315	1473	44	2	0	0	0	46	2	0.043478260869565216
8316	1456	53	3	0	0	0	56	3	0.05357142857142857
8317	1458	56	4	0	0	0	60	4	0.06666666666666667
8318	1478	46	2	1	0	0	49	3	0.061224489795918366
8319	1457	55	7	1	0	0	63	8	0.12698412698412698
832	1455	38	4	0	0	0	42	4	0.09523809523809523
8320	1486	54	5	1	0	0	60	6	0.1
8321	1505	39	3	1	0	0	43	4	0.09302325581395349
8322	1445	54	3	0	0	0	57	3	0.05263157894736842
8323	1490	30	1	0	0	0	31	1	0.03225806451612903
8324	1451	42	1	0	0	0	43	1	0.023255813953488372
8325	1472	55	1	0	0	0	56	1	0.017857142857142856
8326	1459	42	1	0	0	0	43	1	0.023255813953488372
8327	1453	47	3	0	0	0	50	3	0.06
8328	1466	40	2	0	0	0	42	2	0.047619047619047616
8329	1461	48	3	0	0	0	51	3	0.058823529411764705
833	1489	42	1	0	0	0	43	1	0.023255813953488372
8330	1458	46	6	0	0	0	52	6	0.11538461538461539
8331	1461	36	3	0	0	0	39	3	0.07692307692307693
8332	1476	43	3	0	0	0	46	3	0.06521739130434782
8333	1485	33	2	0	0	0	35	2	0.05714285714285714
8334	1454	42	1	0	0	0	43	1	0.023255813953488372
8335	1507	39	4	0	0	0	43	4	0.09302325581395349
8336	1483	48	5	1	0	0	54	6	0.1111111111111111
8337	1488	46	4	0	0	0	50	4	0.08
8338	1482	41	1	0	0	0	42	1	0.023809523809523808
8339	1500	58	3	0	0	0	61	3	0.04918032786885246
834	1508	32	0	0	0	0	32	0	0
8340	1467	53	7	0	0	0	60	7	0.11666666666666667
8341	1480	46	3	0	0	0	49	3	0.061224489795918366
8342	1452	40	1	0	0	0	41	1	0.024390243902439025
8343	1469	51	1	0	0	0	52	1	0.019230769230769232
8344	1496	42	3	0	0	0	45	3	0.06666666666666667
8345	1475	37	7	0	0	0	44	7	0.1590909090909091
8346	1493	39	2	0	0	0	41	2	0.04878048780487805
8347	1466	40	1	0	0	0	41	1	0.024390243902439025
8348	1464	43	2	2	0	0	47	4	0.0851063829787234
8349	1476	57	2	0	0	0	59	2	0.03389830508474576
835	1498	52	5	0	0	0	57	5	0.08771929824561403
8350	1470	51	3	0	0	0	54	3	0.05555555555555555
8351	1489	50	1	0	0	0	51	1	0.0196078431372549
8352	1487	63	2	0	0	0	65	2	0.03076923076923077
8353	1499	33	2	0	0	0	35	2	0.05714285714285714
8354	1493	44	0	0	0	0	44	0	0
8355	1453	43	2	0	0	0	45	2	0.044444444444444446
8356	1501	46	1	0	0	0	47	1	0.02127659574468085
8357	1453	50	1	0	0	0	51	1	0.0196078431372549
8358	1454	45	2	0	0	0	47	2	0.0425531914893617
8359	1519	39	3	0	0	0	42	3	0.07142857142857142
836	1457	39	2	0	0	0	41	2	0.04878048780487805
8360	1491	49	4	0	0	0	53	4	0.07547169811320754
8361	1478	39	1	0	0	0	40	1	0.025
8362	1470	44	1	0	0	0	45	1	0.022222222222222223
8363	1447	49	4	0	0	0	53	4	0.07547169811320754
8364	1444	53	0	0	0	0	53	0	0
8365	1489	57	7	1	0	0	65	8	0.12307692307692308
8366	1440	59	3	2	0	0	64	5	0.078125
8367	1485	38	1	0	0	0	39	1	0.02564102564102564
8368	1478	44	2	0	0	0	46	2	0.043478260869565216
8369	1491	41	3	0	0	0	44	3	0.06818181818181818
837	1475	41	0	0	0	0	41	0	0
8370	1445	40	2	0	0	0	42	2	0.047619047619047616
8371	1458	45	0	0	0	0	45	0	0
8372	1469	39	5	0	0	0	44	5	0.11363636363636363
8373	1509	43	2	0	0	0	45	2	0.044444444444444446
8374	1469	48	1	1	0	0	50	2	0.04
8375	1490	48	2	0	0	0	50	2	0.04
8376	1473	43	1	0	0	0	44	1	0.022727272727272728
8377	1470	48	3	0	0	0	51	3	0.058823529411764705
8378	1480	44	0	0	0	0	44	0	0
8379	1471	47	3	0	0	0	50	3	0.06
838	1449	39	4	0	0	0	43	4	0.09302325581395349
8380	1502	35	2	1	0	0	38	3	0.07894736842105263
8381	1468	60	2	0	0	0	62	2	0.03225806451612903
8382	1448	49	2	0	0	0	51	2	0.0392156862745098
8383	1497	40	2	0	0	0	42	2	0.047619047619047616
8384	1460	60	3	0	0	0	63	3	0.047619047619047616
8385	1471	44	2	0	0	0	46	2	0.043478260869565216
8386	1463	56	1	0	0	0	57	1	0.017543859649122806
8387	1443	50	7	0	0	0	57	7	0.12280701754385964
8388	1462	46	5	0	0	0	51	5	0.09803921568627451
8389	1500	57	1	0	0	0	58	1	0.017241379310344827
839	1448	42	2	0	0	0	44	2	0.045454545454545456
8390	1497	41	2	0	0	0	43	2	0.046511627906976744
8391	1470	52	3	0	0	0	55	3	0.05454545454545454
8392	1505	42	0	0	0	0	42	0	0
8393	1448	49	0	0	0	0	49	0	0
8394	1478	47	2	0	0	0	49	2	0.04081632653061224
8395	1479	40	0	0	0	0	40	0	0
8396	1461	41	2	0	0	0	43	2	0.046511627906976744
8397	1484	41	3	0	0	0	44	3	0.06818181818181818
8398	1473	39	2	0	0	0	41	2	0.04878048780487805
8399	1473	44	2	0	0	0	46	2	0.043478260869565216
84	1488	35	6	0	0	0	41	6	0.14634146341463414
840	1479	49	3	0	0	0	52	3	0.057692307692307696
8400	1484	48	2	0	0	0	50	2	0.04
8401	1453	41	2	0	0	0	43	2	0.046511627906976744
8402	1494	57	2	0	0	0	59	2	0.03389830508474576
8403	1467	52	4	0	0	0	56	4	0.07142857142857142
8404	1461	44	8	1	0	0	53	9	0.16981132075471697
8405	1498	46	2	0	0	0	48	2	0.041666666666666664
8406	1490	45	1	0	0	0	46	1	0.021739130434782608
8407	1479	44	1	0	0	0	45	1	0.022222222222222223
8408	1509	46	2	0	0	0	48	2	0.041666666666666664
8409	1460	43	0	0	0	0	43	0	0
841	1469	48	2	0	0	0	50	2	0.04
8410	1510	40	1	0	0	0	41	1	0.024390243902439025
8411	1478	41	4	0	0	0	45	4	0.08888888888888889
8412	1463	53	4	0	0	0	57	4	0.07017543859649122
8413	1473	51	3	0	0	0	54	3	0.05555555555555555
8414	1465	50	3	0	0	0	53	3	0.05660377358490566
8415	1495	50	1	0	0	0	51	1	0.0196078431372549
8416	1504	53	3	0	0	0	56	3	0.05357142857142857
8417	1484	36	4	0	0	0	40	4	0.1
8418	1496	48	4	0	0	0	52	4	0.07692307692307693
8419	1455	34	1	0	0	0	35	1	0.02857142857142857
842	1480	51	1	0	0	0	52	1	0.019230769230769232
8420	1490	40	2	0	0	0	42	2	0.047619047619047616
8421	1446	42	7	0	0	0	49	7	0.14285714285714285
8422	1440	48	1	0	0	0	49	1	0.02040816326530612
8423	1463	34	3	1	0	0	38	4	0.10526315789473684
8424	1478	51	2	0	0	0	53	2	0.03773584905660377
8425	1466	39	0	0	0	0	39	0	0
8426	1511	39	4	1	0	0	44	5	0.11363636363636363
8427	1479	32	2	0	0	0	34	2	0.058823529411764705
8428	1465	41	2	0	0	0	43	2	0.046511627906976744
8429	1482	45	3	0	0	0	48	3	0.0625
843	1471	45	3	0	0	0	48	3	0.0625
8430	1477	42	5	1	0	0	48	6	0.125
8431	1475	52	2	1	0	0	55	3	0.05454545454545454
8432	1454	47	6	0	0	0	53	6	0.11320754716981132
8433	1505	41	1	0	0	0	42	1	0.023809523809523808
8434	1494	51	1	0	0	0	52	1	0.019230769230769232
8435	1480	46	1	0	0	0	47	1	0.02127659574468085
8436	1492	38	5	0	0	0	43	5	0.11627906976744186
8437	1477	40	4	1	0	0	45	5	0.1111111111111111
8438	1464	51	4	0	0	0	55	4	0.07272727272727272
8439	1470	56	0	0	0	0	56	0	0
844	1465	40	0	0	0	0	40	0	0
8440	1474	46	1	1	0	0	48	2	0.041666666666666664
8441	1444	53	1	0	0	0	54	1	0.018518518518518517
8442	1491	42	2	0	0	0	44	2	0.045454545454545456
8443	1462	37	3	0	0	0	40	3	0.075
8444	1499	44	1	0	0	0	45	1	0.022222222222222223
8445	1470	46	2	0	0	0	48	2	0.041666666666666664
8446	1461	40	4	0	0	0	44	4	0.09090909090909091
8447	1484	39	2	0	0	0	41	2	0.04878048780487805
8448	1479	46	10	0	0	0	56	10	0.17857142857142858
8449	1471	45	3	0	0	0	48	3	0.0625
845	1460	37	1	1	0	0	39	2	0.05128205128205128
8450	1491	40	0	0	0	0	40	0	0
8451	1443	48	3	0	0	0	51	3	0.058823529411764705
8452	1455	43	5	0	0	0	48	5	0.10416666666666667
8453	1484	45	1	0	0	0	46	1	0.021739130434782608
8454	1483	49	5	0	0	0	54	5	0.09259259259259259
8455	1509	41	5	0	0	0	46	5	0.10869565217391304
8456	1453	42	5	0	0	0	47	5	0.10638297872340426
8457	1472	31	4	0	0	0	35	4	0.11428571428571428
8458	1478	39	2	0	0	0	41	2	0.04878048780487805
8459	1475	48	2	0	0	0	50	2	0.04
846	1482	54	3	1	0	0	58	4	0.06896551724137931
8460	1477	49	2	0	0	0	51	2	0.0392156862745098
8461	1458	45	3	0	0	0	48	3	0.0625
8462	1484	36	1	0	0	0	37	1	0.02702702702702703
8463	1492	34	1	0	0	0	35	1	0.02857142857142857
8464	1431	38	1	0	0	0	39	1	0.02564102564102564
8465	1512	38	1	0	0	0	39	1	0.02564102564102564
8466	1471	55	0	0	0	0	55	0	0
8467	1515	38	3	1	0	0	42	4	0.09523809523809523
8468	1464	41	4	0	0	0	45	4	0.08888888888888889
8469	1476	68	1	0	0	0	69	1	0.014492753623188406
847	1468	45	2	0	0	0	47	2	0.0425531914893617
8470	1501	39	1	0	0	0	40	1	0.025
8471	1465	41	1	0	0	0	42	1	0.023809523809523808
8472	1470	41	4	0	0	0	45	4	0.08888888888888889
8473	1474	44	3	0	0	0	47	3	0.06382978723404255
8474	1447	42	2	0	0	0	44	2	0.045454545454545456
8475	1451	42	2	0	0	0	44	2	0.045454545454545456
8476	1474	49	2	0	0	0	51	2	0.0392156862745098
8477	1442	50	2	0	0	0	52	2	0.038461538461538464
8478	1461	45	2	0	0	0	47	2	0.0425531914893617
8479	1469	45	1	0	0	0	46	1	0.021739130434782608
848	1511	40	2	1	0	0	43	3	0.06976744186046512
8480	1457	43	0	0	0	0	43	0	0
8481	1441	46	3	0	0	0	49	3	0.061224489795918366
8482	1486	41	4	0	0	0	45	4	0.08888888888888889
8483	1467	43	0	0	0	0	43	0	0
8484	1476	33	6	0	0	0	39	6	0.15384615384615385
8485	1514	40	1	0	0	0	41	1	0.024390243902439025
8486	1452	47	2	0	0	0	49	2	0.04081632653061224
8487	1476	40	2	1	0	0	43	3	0.06976744186046512
8488	1472	40	2	0	0	0	42	2	0.047619047619047616
8489	1433	50	0	0	0	0	50	0	0
849	1430	41	1	0	0	0	42	1	0.023809523809523808
8490	1496	48	2	0	0	0	50	2	0.04
8491	1486	44	5	0	0	0	49	5	0.10204081632653061
8492	1491	43	2	0	0	0	45	2	0.044444444444444446
8493	1451	49	4	0	0	0	53	4	0.07547169811320754
8494	1465	52	5	0	0	0	57	5	0.08771929824561403
8495	1493	50	4	0	0	0	54	4	0.07407407407407407
8496	1498	40	1	0	0	0	41	1	0.024390243902439025
8497	1460	56	1	0	0	0	57	1	0.017543859649122806
8498	1506	35	2	0	0	0	37	2	0.05405405405405406
8499	1494	52	2	0	0	0	54	2	0.037037037037037035
85	1453	45	2	0	0	0	47	2	0.0425531914893617
850	1456	51	0	0	0	0	51	0	0
8500	1482	52	2	1	0	0	55	3	0.05454545454545454
8501	1491	37	3	0	0	0	40	3	0.075
8502	1482	42	1	0	0	0	43	1	0.023255813953488372
8503	1466	40	2	0	0	0	42	2	0.047619047619047616
8504	1452	38	1	0	0	0	39	1	0.02564102564102564
8505	1486	42	3	1	0	0	46	4	0.08695652173913043
8506	1465	40	2	0	0	0	42	2	0.047619047619047616
8507	1487	52	2	0	0	0	54	2	0.037037037037037035
8508	1475	52	2	0	0	0	54	2	0.037037037037037035
8509	1475	45	4	0	0	0	49	4	0.08163265306122448
851	1459	57	2	0	0	0	59	2	0.03389830508474576
8510	1476	48	3	0	0	0	51	3	0.058823529411764705
8511	1477	66	2	1	0	0	69	3	0.043478260869565216
8512	1445	52	4	0	0	0	56	4	0.07142857142857142
8513	1493	51	1	0	0	0	52	1	0.019230769230769232
8514	1475	47	1	0	0	0	48	1	0.020833333333333332
8515	1518	48	3	0	0	0	51	3	0.058823529411764705
8516	1470	37	1	1	0	0	39	2	0.05128205128205128
8517	1461	45	4	1	0	0	50	5	0.1
8518	1511	45	5	0	0	0	50	5	0.1
8519	1507	37	2	0	0	0	39	2	0.05128205128205128
852	1468	42	3	0	0	0	45	3	0.06666666666666667
8520	1490	49	3	0	0	0	52	3	0.057692307692307696
8521	1485	40	3	0	0	0	43	3	0.06976744186046512
8522	1464	51	4	0	0	0	55	4	0.07272727272727272
8523	1469	50	3	0	0	0	53	3	0.05660377358490566
8524	1468	50	4	0	0	0	54	4	0.07407407407407407
8525	1427	42	4	0	0	0	46	4	0.08695652173913043
8526	1485	44	7	0	0	0	51	7	0.13725490196078433
8527	1486	50	4	0	0	0	54	4	0.07407407407407407
8528	1474	55	2	0	0	0	57	2	0.03508771929824561
8529	1475	48	1	1	0	0	50	2	0.04
853	1478	43	0	0	0	0	43	0	0
8530	1483	58	2	0	0	0	60	2	0.03333333333333333
8531	1489	46	1	0	0	0	47	1	0.02127659574468085
8532	1512	46	3	0	0	0	49	3	0.061224489795918366
8533	1476	51	4	1	0	0	56	5	0.08928571428571429
8534	1515	51	2	0	0	0	53	2	0.03773584905660377
8535	1447	37	3	0	0	0	40	3	0.075
8536	1465	47	3	0	0	0	50	3	0.06
8537	1457	53	3	0	0	0	56	3	0.05357142857142857
8538	1489	32	3	0	0	0	35	3	0.08571428571428572
8539	1479	53	4	0	0	0	57	4	0.07017543859649122
854	1466	54	3	0	0	0	57	3	0.05263157894736842
8540	1455	50	1	0	0	0	51	1	0.0196078431372549
8541	1451	39	0	0	0	0	39	0	0
8542	1473	31	2	0	0	0	33	2	0.06060606060606061
8543	1493	47	1	1	0	0	49	2	0.04081632653061224
8544	1448	47	2	0	0	0	49	2	0.04081632653061224
8545	1452	55	1	0	0	0	56	1	0.017857142857142856
8546	1491	46	2	0	0	0	48	2	0.041666666666666664
8547	1472	61	2	0	0	0	63	2	0.031746031746031744
8548	1486	40	5	0	0	0	45	5	0.1111111111111111
8549	1469	43	1	0	0	0	44	1	0.022727272727272728
855	1462	44	2	0	0	0	46	2	0.043478260869565216
8550	1492	53	2	0	0	0	55	2	0.03636363636363636
8551	1512	49	3	0	0	0	52	3	0.057692307692307696
8552	1490	55	3	0	0	0	58	3	0.05172413793103448
8553	1482	52	1	0	0	0	53	1	0.018867924528301886
8554	1499	46	5	0	0	0	51	5	0.09803921568627451
8555	1478	40	1	0	0	0	41	1	0.024390243902439025
8556	1475	55	1	0	0	0	56	1	0.017857142857142856
8557	1446	54	4	0	0	0	58	4	0.06896551724137931
8558	1499	42	2	0	0	0	44	2	0.045454545454545456
8559	1461	39	2	0	0	0	41	2	0.04878048780487805
856	1471	43	3	0	0	0	46	3	0.06521739130434782
8560	1472	47	1	0	0	0	48	1	0.020833333333333332
8561	1497	45	2	0	0	0	47	2	0.0425531914893617
8562	1487	41	3	0	0	0	44	3	0.06818181818181818
8563	1471	35	1	0	0	0	36	1	0.027777777777777776
8564	1487	42	5	0	0	0	47	5	0.10638297872340426
8565	1454	33	3	0	0	0	36	3	0.08333333333333333
8566	1461	43	3	0	0	0	46	3	0.06521739130434782
8567	1490	46	3	1	0	0	50	4	0.08
8568	1479	53	3	0	0	0	56	3	0.05357142857142857
8569	1461	47	1	0	0	0	48	1	0.020833333333333332
857	1482	42	1	0	0	0	43	1	0.023255813953488372
8570	1484	56	4	0	0	0	60	4	0.06666666666666667
8571	1490	47	1	0	0	0	48	1	0.020833333333333332
8572	1452	45	1	0	0	0	46	1	0.021739130434782608
8573	1470	43	3	1	0	0	47	4	0.0851063829787234
8574	1470	41	1	0	0	0	42	1	0.023809523809523808
8575	1432	44	0	0	0	0	44	0	0
8576	1462	48	1	0	0	0	49	1	0.02040816326530612
8577	1496	58	4	0	0	0	62	4	0.06451612903225806
8578	1473	46	6	0	0	0	52	6	0.11538461538461539
8579	1457	51	1	0	0	0	52	1	0.019230769230769232
858	1483	44	4	0	0	0	48	4	0.08333333333333333
8580	1447	47	3	1	0	0	51	4	0.0784313725490196
8581	1503	40	2	0	0	0	42	2	0.047619047619047616
8582	1489	43	5	0	0	0	48	5	0.10416666666666667
8583	1473	47	2	0	0	0	49	2	0.04081632653061224
8584	1493	51	3	0	0	0	54	3	0.05555555555555555
8585	1468	42	2	0	0	0	44	2	0.045454545454545456
8586	1449	44	3	1	0	0	48	4	0.08333333333333333
8587	1460	45	3	0	0	0	48	3	0.0625
8588	1494	44	4	0	0	0	48	4	0.08333333333333333
8589	1472	50	2	0	0	0	52	2	0.038461538461538464
859	1489	37	0	0	0	0	37	0	0
8590	1461	41	5	0	0	0	46	5	0.10869565217391304
8591	1434	38	4	0	0	0	42	4	0.09523809523809523
8592	1443	34	3	0	0	0	37	3	0.08108108108108109
8593	1509	47	0	1	0	0	48	1	0.020833333333333332
8594	1480	41	1	0	0	0	42	1	0.023809523809523808
8595	1471	34	4	1	0	0	39	5	0.1282051282051282
8596	1486	44	1	0	0	0	45	1	0.022222222222222223
8597	1479	44	2	0	0	0	46	2	0.043478260869565216
8598	1480	41	0	0	0	0	41	0	0
8599	1480	21	4	0	0	0	25	4	0.16
86	1496	48	1	0	0	0	49	1	0.02040816326530612
860	1504	49	2	0	0	0	51	2	0.0392156862745098
8600	1460	50	0	0	0	0	50	0	0
8601	1499	36	4	0	0	0	40	4	0.1
8602	1445	45	2	0	0	0	47	2	0.0425531914893617
8603	1467	41	2	0	0	0	43	2	0.046511627906976744
8604	1484	43	2	0	0	0	45	2	0.044444444444444446
8605	1480	46	2	1	0	0	49	3	0.061224489795918366
8606	1455	42	2	0	0	0	44	2	0.045454545454545456
8607	1440	36	5	0	0	0	41	5	0.12195121951219512
8608	1463	46	4	0	0	0	50	4	0.08
8609	1480	47	3	0	0	0	50	3	0.06
861	1466	44	4	0	0	0	48	4	0.08333333333333333
8610	1482	37	4	0	0	0	41	4	0.0975609756097561
8611	1477	45	2	0	0	0	47	2	0.0425531914893617
8612	1483	51	4	0	0	0	55	4	0.07272727272727272
8613	1464	47	5	0	0	0	52	5	0.09615384615384616
8614	1465	40	1	0	0	0	41	1	0.024390243902439025
8615	1492	48	1	0	0	0	49	1	0.02040816326530612
8616	1486	51	1	0	0	0	52	1	0.019230769230769232
8617	1477	47	3	0	0	0	50	3	0.06
8618	1477	50	4	0	0	0	54	4	0.07407407407407407
8619	1422	51	0	0	0	0	51	0	0
862	1485	34	2	0	0	0	36	2	0.05555555555555555
8620	1487	43	1	1	0	0	45	2	0.044444444444444446
8621	1444	47	2	0	0	0	49	2	0.04081632653061224
8622	1478	54	1	0	0	0	55	1	0.01818181818181818
8623	1498	41	0	0	0	0	41	0	0
8624	1469	55	2	0	0	0	57	2	0.03508771929824561
8625	1474	48	2	1	0	0	51	3	0.058823529411764705
8626	1481	44	6	0	0	0	50	6	0.12
8627	1469	45	1	0	0	0	46	1	0.021739130434782608
8628	1458	43	5	0	0	0	48	5	0.10416666666666667
8629	1461	43	1	0	0	0	44	1	0.022727272727272728
863	1419	47	1	0	0	0	48	1	0.020833333333333332
8630	1470	46	1	0	0	0	47	1	0.02127659574468085
8631	1469	59	3	0	0	0	62	3	0.04838709677419355
8632	1436	42	3	0	0	0	45	3	0.06666666666666667
8633	1461	59	5	0	0	0	64	5	0.078125
8634	1450	34	2	0	0	0	36	2	0.05555555555555555
8635	1475	53	0	0	0	0	53	0	0
8636	1462	48	4	0	0	0	52	4	0.07692307692307693
8637	1477	41	2	0	0	0	43	2	0.046511627906976744
8638	1447	46	1	0	0	0	47	1	0.02127659574468085
8639	1469	42	3	0	0	0	45	3	0.06666666666666667
864	1513	55	1	0	0	0	56	1	0.017857142857142856
8640	1411	48	2	0	0	0	50	2	0.04
8641	1475	53	2	0	0	0	55	2	0.03636363636363636
8642	1460	43	2	0	0	0	45	2	0.044444444444444446
8643	1464	38	3	0	0	0	41	3	0.07317073170731707
8644	1441	44	3	0	0	0	47	3	0.06382978723404255
8645	1445	48	2	2	0	0	52	4	0.07692307692307693
8646	1472	37	3	0	0	0	40	3	0.075
8647	1493	50	1	0	0	0	51	1	0.0196078431372549
8648	1477	47	1	0	0	0	48	1	0.020833333333333332
8649	1465	48	3	0	0	0	51	3	0.058823529411764705
865	1434	38	4	1	0	0	43	5	0.11627906976744186
8650	1447	37	3	0	0	0	40	3	0.075
8651	1483	32	3	0	0	0	35	3	0.08571428571428572
8652	1448	42	1	0	0	0	43	1	0.023255813953488372
8653	1445	37	3	0	0	0	40	3	0.075
8654	1471	44	2	0	0	0	46	2	0.043478260869565216
8655	1493	47	2	0	0	0	49	2	0.04081632653061224
8656	1491	52	1	0	0	0	53	1	0.018867924528301886
8657	1469	52	1	0	0	0	53	1	0.018867924528301886
8658	1493	50	4	0	0	0	54	4	0.07407407407407407
8659	1486	44	3	0	0	0	47	3	0.06382978723404255
866	1490	58	3	0	0	0	61	3	0.04918032786885246
8660	1460	43	1	0	0	0	44	1	0.022727272727272728
8661	1462	34	1	0	0	0	35	1	0.02857142857142857
8662	1482	43	4	0	0	0	47	4	0.0851063829787234
8663	1469	45	2	0	0	0	47	2	0.0425531914893617
8664	1486	45	1	0	0	0	46	1	0.021739130434782608
8665	1473	48	0	1	0	0	49	1	0.02040816326530612
8666	1484	47	3	0	0	0	50	3	0.06
8667	1474	44	3	0	0	0	47	3	0.06382978723404255
8668	1473	62	4	0	0	0	66	4	0.06060606060606061
8669	1474	46	1	0	0	0	47	1	0.02127659574468085
867	1432	46	2	0	0	0	48	2	0.041666666666666664
8670	1464	45	2	0	0	0	47	2	0.0425531914893617
8671	1451	50	2	0	0	0	52	2	0.038461538461538464
8672	1469	39	2	0	0	0	41	2	0.04878048780487805
8673	1488	42	1	0	0	0	43	1	0.023255813953488372
8674	1501	44	3	0	0	0	47	3	0.06382978723404255
8675	1505	52	1	0	0	0	53	1	0.018867924528301886
8676	1480	42	2	0	0	0	44	2	0.045454545454545456
8677	1484	49	3	0	0	0	52	3	0.057692307692307696
8678	1443	54	4	0	0	0	58	4	0.06896551724137931
8679	1500	51	3	0	0	0	54	3	0.05555555555555555
868	1533	35	3	0	0	0	38	3	0.07894736842105263
8680	1467	45	4	0	0	0	49	4	0.08163265306122448
8681	1480	45	3	0	0	0	48	3	0.0625
8682	1477	48	1	0	0	0	49	1	0.02040816326530612
8683	1458	38	1	0	0	0	39	1	0.02564102564102564
8684	1461	44	0	0	0	0	44	0	0
8685	1473	31	1	0	0	0	32	1	0.03125
8686	1488	33	3	0	0	0	36	3	0.08333333333333333
8687	1461	48	3	0	0	0	51	3	0.058823529411764705
8688	1479	37	2	0	0	0	39	2	0.05128205128205128
8689	1497	50	2	0	0	0	52	2	0.038461538461538464
869	1486	48	1	0	0	0	49	1	0.02040816326530612
8690	1460	56	6	0	0	0	62	6	0.0967741935483871
8691	1472	45	3	0	0	0	48	3	0.0625
8692	1471	56	1	2	0	0	59	3	0.05084745762711865
8693	1500	45	0	0	0	0	45	0	0
8694	1493	34	3	0	0	0	37	3	0.08108108108108109
8695	1451	41	2	0	0	0	43	2	0.046511627906976744
8696	1441	48	3	0	0	0	51	3	0.058823529411764705
8697	1448	35	3	0	0	0	38	3	0.07894736842105263
8698	1483	41	0	0	0	0	41	0	0
8699	1471	39	1	0	0	0	40	1	0.025
87	1479	50	3	0	0	0	53	3	0.05660377358490566
870	1479	52	2	0	0	0	54	2	0.037037037037037035
8700	1488	37	5	0	0	0	42	5	0.11904761904761904
8701	1483	56	6	0	0	0	62	6	0.0967741935483871
8702	1451	46	4	0	0	0	50	4	0.08
8703	1459	40	3	0	0	0	43	3	0.06976744186046512
8704	1464	47	7	0	0	0	54	7	0.12962962962962962
8705	1466	39	5	0	0	0	44	5	0.11363636363636363
8706	1459	48	2	0	0	0	50	2	0.04
8707	1481	43	4	0	0	0	47	4	0.0851063829787234
8708	1495	42	2	0	0	0	44	2	0.045454545454545456
8709	1476	39	4	0	0	0	43	4	0.09302325581395349
871	1451	47	3	0	0	0	50	3	0.06
8710	1508	42	4	0	0	0	46	4	0.08695652173913043
8711	1454	49	2	0	1	0	52	3	0.057692307692307696
8712	1493	44	4	0	0	0	48	4	0.08333333333333333
8713	1494	33	1	0	0	0	34	1	0.029411764705882353
8714	1449	44	1	0	0	0	45	1	0.022222222222222223
8715	1466	51	5	0	0	0	56	5	0.08928571428571429
8716	1432	54	6	1	0	0	61	7	0.11475409836065574
8717	1467	49	4	0	0	0	53	4	0.07547169811320754
8718	1444	52	3	0	0	0	55	3	0.05454545454545454
8719	1500	40	1	0	0	0	41	1	0.024390243902439025
872	1476	38	4	0	0	0	42	4	0.09523809523809523
8720	1451	45	3	1	0	0	49	4	0.08163265306122448
8721	1474	53	0	0	0	0	53	0	0
8722	1486	47	7	0	0	0	54	7	0.12962962962962962
8723	1481	41	1	0	0	0	42	1	0.023809523809523808
8724	1487	35	8	0	0	0	43	8	0.18604651162790697
8725	1483	52	4	0	0	0	56	4	0.07142857142857142
8726	1477	49	0	0	0	0	49	0	0
8727	1486	43	3	0	0	0	46	3	0.06521739130434782
8728	1497	46	0	0	0	0	46	0	0
8729	1453	38	3	0	0	0	41	3	0.07317073170731707
873	1493	35	1	0	0	0	36	1	0.027777777777777776
8730	1467	40	1	0	0	0	41	1	0.024390243902439025
8731	1459	47	3	0	0	0	50	3	0.06
8732	1444	53	2	0	0	0	55	2	0.03636363636363636
8733	1458	41	4	0	0	0	45	4	0.08888888888888889
8734	1483	39	2	0	0	0	41	2	0.04878048780487805
8735	1482	35	4	0	0	0	39	4	0.10256410256410256
8736	1429	39	3	0	0	0	42	3	0.07142857142857142
8737	1474	50	2	0	0	0	52	2	0.038461538461538464
8738	1498	34	0	0	0	0	34	0	0
8739	1494	55	3	1	0	0	59	4	0.06779661016949153
874	1479	50	1	0	0	0	51	1	0.0196078431372549
8740	1500	47	2	0	0	0	49	2	0.04081632653061224
8741	1443	57	3	2	0	0	62	5	0.08064516129032258
8742	1477	41	1	0	0	0	42	1	0.023809523809523808
8743	1475	58	1	0	0	0	59	1	0.01694915254237288
8744	1477	38	2	0	0	0	40	2	0.05
8745	1453	46	2	0	0	0	48	2	0.041666666666666664
8746	1475	49	1	0	0	0	50	1	0.02
8747	1455	50	0	1	0	0	51	1	0.0196078431372549
8748	1529	49	1	0	0	0	50	1	0.02
8749	1442	43	3	0	0	0	46	3	0.06521739130434782
875	1463	47	5	0	0	0	52	5	0.09615384615384616
8750	1460	51	2	0	0	0	53	2	0.03773584905660377
8751	1460	49	3	0	0	0	52	3	0.057692307692307696
8752	1475	62	3	0	0	0	65	3	0.046153846153846156
8753	1463	40	2	0	0	0	42	2	0.047619047619047616
8754	1489	46	2	0	0	0	48	2	0.041666666666666664
8755	1480	53	0	0	0	0	53	0	0
8756	1480	38	2	1	0	0	41	3	0.07317073170731707
8757	1472	45	2	0	0	0	47	2	0.0425531914893617
8758	1473	35	1	0	0	0	36	1	0.027777777777777776
8759	1482	47	2	1	0	0	50	3	0.06
876	1484	50	3	0	0	0	53	3	0.05660377358490566
8760	1477	45	1	0	0	0	46	1	0.021739130434782608
8761	1477	53	1	1	0	0	55	2	0.03636363636363636
8762	1465	50	0	0	0	0	50	0	0
8763	1481	48	3	0	0	0	51	3	0.058823529411764705
8764	1511	35	4	0	0	0	39	4	0.10256410256410256
8765	1460	38	2	1	0	0	41	3	0.07317073170731707
8766	1497	45	1	0	0	0	46	1	0.021739130434782608
8767	1462	53	5	0	0	0	58	5	0.08620689655172414
8768	1474	44	1	0	0	0	45	1	0.022222222222222223
8769	1484	45	4	0	0	0	49	4	0.08163265306122448
877	1500	49	1	0	0	0	50	1	0.02
8770	1491	35	2	0	0	0	37	2	0.05405405405405406
8771	1486	50	0	0	0	0	50	0	0
8772	1470	46	1	0	0	0	47	1	0.02127659574468085
8773	1465	39	1	0	0	0	40	1	0.025
8774	1462	35	3	0	0	0	38	3	0.07894736842105263
8775	1487	59	4	0	0	0	63	4	0.06349206349206349
8776	1459	54	4	0	0	0	58	4	0.06896551724137931
8777	1469	46	2	0	0	0	48	2	0.041666666666666664
8778	1511	40	3	0	0	0	43	3	0.06976744186046512
8779	1481	50	3	0	0	0	53	3	0.05660377358490566
878	1471	50	3	0	0	0	53	3	0.05660377358490566
8780	1477	36	3	0	0	0	39	3	0.07692307692307693
8781	1487	40	2	0	0	0	42	2	0.047619047619047616
8782	1450	44	1	0	0	0	45	1	0.022222222222222223
8783	1476	46	3	0	0	0	49	3	0.061224489795918366
8784	1482	50	1	0	0	0	51	1	0.0196078431372549
8785	1472	51	3	0	0	0	54	3	0.05555555555555555
8786	1463	54	3	0	0	0	57	3	0.05263157894736842
8787	1476	52	5	0	0	0	57	5	0.08771929824561403
8788	1451	45	1	0	0	0	46	1	0.021739130434782608
8789	1471	45	1	0	0	0	46	1	0.021739130434782608
879	1480	35	0	0	0	0	35	0	0
8790	1493	50	2	0	0	0	52	2	0.038461538461538464
8791	1438	34	2	0	0	0	36	2	0.05555555555555555
8792	1484	37	4	0	0	0	41	4	0.0975609756097561
8793	1484	32	4	0	0	0	36	4	0.1111111111111111
8794	1454	40	4	0	0	0	44	4	0.09090909090909091
8795	1473	43	2	0	0	0	45	2	0.044444444444444446
8796	1458	34	5	0	0	0	39	5	0.1282051282051282
8797	1453	40	2	0	0	0	42	2	0.047619047619047616
8798	1480	51	3	0	0	0	54	3	0.05555555555555555
8799	1482	47	1	0	0	0	48	1	0.020833333333333332
88	1482	31	1	0	0	0	32	1	0.03125
880	1511	34	1	0	0	0	35	1	0.02857142857142857
8800	1476	35	2	0	0	0	37	2	0.05405405405405406
8801	1476	44	3	0	0	0	47	3	0.06382978723404255
8802	1461	45	3	0	0	0	48	3	0.0625
8803	1473	59	1	1	0	0	61	2	0.03278688524590164
8804	1476	47	2	0	0	0	49	2	0.04081632653061224
8805	1461	50	5	0	0	0	55	5	0.09090909090909091
8806	1482	46	1	0	0	0	47	1	0.02127659574468085
8807	1457	51	1	1	0	0	53	2	0.03773584905660377
8808	1455	52	4	0	0	0	56	4	0.07142857142857142
8809	1479	48	3	0	0	0	51	3	0.058823529411764705
881	1474	45	3	0	0	0	48	3	0.0625
8810	1480	51	2	0	0	0	53	2	0.03773584905660377
8811	1475	52	2	0	0	0	54	2	0.037037037037037035
8812	1459	47	2	0	0	0	49	2	0.04081632653061224
8813	1460	42	1	0	0	0	43	1	0.023255813953488372
8814	1465	50	2	0	0	0	52	2	0.038461538461538464
8815	1467	49	0	0	0	0	49	0	0
8816	1488	51	1	1	0	0	53	2	0.03773584905660377
8817	1447	57	3	0	0	0	60	3	0.05
8818	1501	53	1	0	0	0	54	1	0.018518518518518517
8819	1479	45	5	0	0	0	50	5	0.1
882	1487	57	2	0	0	0	59	2	0.03389830508474576
8820	1499	49	2	0	0	0	51	2	0.0392156862745098
8821	1481	41	3	0	0	0	44	3	0.06818181818181818
8822	1484	50	1	0	0	0	51	1	0.0196078431372549
8823	1452	49	3	0	0	0	52	3	0.057692307692307696
8824	1525	45	5	0	0	0	50	5	0.1
8825	1477	56	1	0	0	0	57	1	0.017543859649122806
8826	1438	49	3	1	0	0	53	4	0.07547169811320754
8827	1516	40	3	0	0	0	43	3	0.06976744186046512
8828	1468	53	3	0	0	0	56	3	0.05357142857142857
8829	1502	43	2	0	0	0	45	2	0.044444444444444446
883	1429	42	3	0	0	0	45	3	0.06666666666666667
8830	1475	61	1	0	0	0	62	1	0.016129032258064516
8831	1490	49	3	0	0	0	52	3	0.057692307692307696
8832	1478	49	2	0	0	0	51	2	0.0392156862745098
8833	1476	39	6	0	0	0	45	6	0.13333333333333333
8834	1447	44	2	0	0	0	46	2	0.043478260869565216
8835	1487	40	4	1	0	0	45	5	0.1111111111111111
8836	1470	41	4	0	0	0	45	4	0.08888888888888889
8837	1467	49	3	0	0	0	52	3	0.057692307692307696
8838	1484	36	2	0	0	0	38	2	0.05263157894736842
8839	1454	42	3	0	0	0	45	3	0.06666666666666667
884	1429	45	1	0	0	0	46	1	0.021739130434782608
8840	1492	39	2	0	0	0	41	2	0.04878048780487805
8841	1488	45	2	1	0	0	48	3	0.0625
8842	1469	57	1	0	0	0	58	1	0.017241379310344827
8843	1466	53	1	0	0	0	54	1	0.018518518518518517
8844	1469	46	2	0	0	0	48	2	0.041666666666666664
8845	1482	50	3	0	0	0	53	3	0.05660377358490566
8846	1523	34	2	0	0	0	36	2	0.05555555555555555
8847	1436	42	3	0	0	0	45	3	0.06666666666666667
8848	1468	46	0	0	0	0	46	0	0
8849	1459	40	5	1	0	0	46	6	0.13043478260869565
885	1505	49	1	0	0	0	50	1	0.02
8850	1498	52	2	0	0	0	54	2	0.037037037037037035
8851	1446	43	2	0	0	0	45	2	0.044444444444444446
8852	1460	42	6	0	0	0	48	6	0.125
8853	1463	50	2	0	0	0	52	2	0.038461538461538464
8854	1455	45	1	0	0	0	46	1	0.021739130434782608
8855	1511	45	2	0	0	0	47	2	0.0425531914893617
8856	1464	39	4	0	0	0	43	4	0.09302325581395349
8857	1486	36	1	0	0	0	37	1	0.02702702702702703
8858	1489	51	2	1	0	0	54	3	0.05555555555555555
8859	1440	57	4	0	0	0	61	4	0.06557377049180328
886	1493	44	2	0	0	0	46	2	0.043478260869565216
8860	1451	43	1	0	0	0	44	1	0.022727272727272728
8861	1475	39	1	1	0	0	41	2	0.04878048780487805
8862	1478	51	7	1	0	0	59	8	0.13559322033898305
8863	1495	48	1	0	0	0	49	1	0.02040816326530612
8864	1464	44	0	0	0	0	44	0	0
8865	1489	49	3	0	0	0	52	3	0.057692307692307696
8866	1471	44	1	0	0	0	45	1	0.022222222222222223
8867	1481	47	3	1	0	0	51	4	0.0784313725490196
8868	1492	46	1	0	0	0	47	1	0.02127659574468085
8869	1470	46	2	0	0	0	48	2	0.041666666666666664
887	1470	57	0	0	0	0	57	0	0
8870	1522	39	4	0	0	0	43	4	0.09302325581395349
8871	1484	40	3	0	0	0	43	3	0.06976744186046512
8872	1489	45	1	0	0	0	46	1	0.021739130434782608
8873	1508	47	3	0	0	0	50	3	0.06
8874	1455	35	2	0	0	0	37	2	0.05405405405405406
8875	1470	38	3	0	0	0	41	3	0.07317073170731707
8876	1457	43	4	0	0	0	47	4	0.0851063829787234
8877	1463	38	1	0	0	0	39	1	0.02564102564102564
8878	1488	36	6	0	0	0	42	6	0.14285714285714285
8879	1453	48	1	0	0	0	49	1	0.02040816326530612
888	1485	39	2	0	0	0	41	2	0.04878048780487805
8880	1460	42	7	0	0	0	49	7	0.14285714285714285
8881	1471	43	3	0	0	0	46	3	0.06521739130434782
8882	1494	46	4	0	0	0	50	4	0.08
8883	1448	42	5	0	0	0	47	5	0.10638297872340426
8884	1457	49	3	0	0	0	52	3	0.057692307692307696
8885	1465	45	3	0	0	0	48	3	0.0625
8886	1479	52	3	0	0	0	55	3	0.05454545454545454
8887	1453	41	1	0	0	0	42	1	0.023809523809523808
8888	1463	41	1	0	0	0	42	1	0.023809523809523808
8889	1473	39	3	0	0	0	42	3	0.07142857142857142
889	1524	43	2	1	0	0	46	3	0.06521739130434782
8890	1450	42	2	0	0	0	44	2	0.045454545454545456
8891	1479	53	2	0	0	0	55	2	0.03636363636363636
8892	1468	49	2	0	0	0	51	2	0.0392156862745098
8893	1495	54	1	0	0	0	55	1	0.01818181818181818
8894	1465	40	2	0	0	0	42	2	0.047619047619047616
8895	1471	42	2	0	0	0	44	2	0.045454545454545456
8896	1464	44	1	0	0	0	45	1	0.022222222222222223
8897	1443	34	5	0	0	0	39	5	0.1282051282051282
8898	1504	47	1	0	0	0	48	1	0.020833333333333332
8899	1464	35	0	0	0	0	35	0	0
89	1458	46	3	0	0	0	49	3	0.061224489795918366
890	1452	44	4	1	0	0	49	5	0.10204081632653061
8900	1463	53	1	0	0	0	54	1	0.018518518518518517
8901	1465	47	2	0	0	0	49	2	0.04081632653061224
8902	1458	53	3	0	0	0	56	3	0.05357142857142857
8903	1504	36	2	0	0	0	38	2	0.05263157894736842
8904	1464	46	1	0	0	0	47	1	0.02127659574468085
8905	1494	44	2	0	0	0	46	2	0.043478260869565216
8906	1488	41	1	0	0	0	42	1	0.023809523809523808
8907	1493	46	4	0	0	0	50	4	0.08
8908	1465	44	3	0	0	0	47	3	0.06382978723404255
8909	1494	51	2	0	0	0	53	2	0.03773584905660377
891	1503	45	1	0	0	0	46	1	0.021739130434782608
8910	1460	51	4	0	0	0	55	4	0.07272727272727272
8911	1465	43	2	0	0	0	45	2	0.044444444444444446
8912	1448	56	3	0	0	0	59	3	0.05084745762711865
8913	1450	32	2	1	0	0	35	3	0.08571428571428572
8914	1504	30	5	0	0	0	35	5	0.14285714285714285
8915	1477	41	1	0	0	0	42	1	0.023809523809523808
8916	1466	53	2	0	0	0	55	2	0.03636363636363636
8917	1465	43	2	0	0	0	45	2	0.044444444444444446
8918	1462	40	3	0	0	0	43	3	0.06976744186046512
8919	1461	48	2	0	0	0	50	2	0.04
892	1457	58	3	0	0	0	61	3	0.04918032786885246
8920	1466	40	2	0	0	0	42	2	0.047619047619047616
8921	1457	40	4	0	0	0	44	4	0.09090909090909091
8922	1486	35	3	0	0	0	38	3	0.07894736842105263
8923	1481	40	3	0	0	0	43	3	0.06976744186046512
8924	1492	57	3	0	0	0	60	3	0.05
8925	1478	50	2	0	0	0	52	2	0.038461538461538464
8926	1459	37	1	0	0	0	38	1	0.02631578947368421
8927	1437	47	3	0	0	0	50	3	0.06
8928	1463	42	6	0	0	0	48	6	0.125
8929	1456	64	3	0	0	0	67	3	0.04477611940298507
893	1475	37	2	0	0	0	39	2	0.05128205128205128
8930	1483	52	0	0	0	0	52	0	0
8931	1454	53	4	0	0	0	57	4	0.07017543859649122
8932	1472	46	0	0	0	0	46	0	0
8933	1442	60	2	0	0	0	62	2	0.03225806451612903
8934	1496	45	5	0	0	0	50	5	0.1
8935	1500	52	1	0	0	0	53	1	0.018867924528301886
8936	1486	48	2	0	0	0	50	2	0.04
8937	1489	41	2	0	0	0	43	2	0.046511627906976744
8938	1472	69	3	0	0	0	72	3	0.041666666666666664
8939	1486	35	2	0	0	0	37	2	0.05405405405405406
894	1470	52	2	0	0	0	54	2	0.037037037037037035
8940	1475	42	2	0	0	0	44	2	0.045454545454545456
8941	1462	41	2	0	0	0	43	2	0.046511627906976744
8942	1512	33	2	0	0	0	35	2	0.05714285714285714
8943	1497	43	2	0	0	0	45	2	0.044444444444444446
8944	1481	46	1	1	0	0	48	2	0.041666666666666664
8945	1444	60	2	0	0	0	62	2	0.03225806451612903
8946	1472	42	3	0	0	0	45	3	0.06666666666666667
8947	1471	48	2	0	0	0	50	2	0.04
8948	1457	50	0	0	0	0	50	0	0
8949	1457	36	2	0	0	0	38	2	0.05263157894736842
895	1468	49	4	0	0	0	53	4	0.07547169811320754
8950	1483	45	1	0	0	0	46	1	0.021739130434782608
8951	1472	48	4	0	0	0	52	4	0.07692307692307693
8952	1465	60	2	0	0	0	62	2	0.03225806451612903
8953	1521	46	4	0	0	0	50	4	0.08
8954	1470	52	4	0	0	0	56	4	0.07142857142857142
8955	1468	49	3	0	0	0	52	3	0.057692307692307696
8956	1467	50	4	0	0	0	54	4	0.07407407407407407
8957	1478	42	1	0	0	0	43	1	0.023255813953488372
8958	1490	44	3	1	0	0	48	4	0.08333333333333333
8959	1468	54	3	0	0	0	57	3	0.05263157894736842
896	1463	44	1	0	0	0	45	1	0.022222222222222223
8960	1489	39	6	0	0	0	45	6	0.13333333333333333
8961	1492	44	3	0	0	0	47	3	0.06382978723404255
8962	1431	43	4	0	0	0	47	4	0.0851063829787234
8963	1458	49	2	0	0	0	51	2	0.0392156862745098
8964	1478	54	5	0	0	0	59	5	0.0847457627118644
8965	1477	46	4	0	0	0	50	4	0.08
8966	1455	50	3	0	0	0	53	3	0.05660377358490566
8967	1488	47	1	0	0	0	48	1	0.020833333333333332
8968	1436	38	3	0	0	0	41	3	0.07317073170731707
8969	1485	38	2	0	0	0	40	2	0.05
897	1474	43	3	0	0	0	46	3	0.06521739130434782
8970	1458	45	3	0	0	0	48	3	0.0625
8971	1507	39	0	1	0	0	40	1	0.025
8972	1445	49	0	0	0	0	49	0	0
8973	1443	43	1	1	0	0	45	2	0.044444444444444446
8974	1487	46	1	0	0	0	47	1	0.02127659574468085
8975	1480	47	3	0	0	0	50	3	0.06
8976	1458	45	3	0	0	0	48	3	0.0625
8977	1486	46	1	0	0	0	47	1	0.02127659574468085
8978	1477	45	2	0	0	0	47	2	0.0425531914893617
8979	1480	45	4	0	0	0	49	4	0.08163265306122448
898	1417	46	1	0	0	0	47	1	0.02127659574468085
8980	1494	55	3	0	0	0	58	3	0.05172413793103448
8981	1479	41	3	0	0	0	44	3	0.06818181818181818
8982	1444	46	2	0	0	0	48	2	0.041666666666666664
8983	1470	40	5	0	0	0	45	5	0.1111111111111111
8984	1473	42	1	0	0	0	43	1	0.023255813953488372
8985	1475	48	2	0	0	0	50	2	0.04
8986	1476	46	2	0	0	0	48	2	0.041666666666666664
8987	1478	46	4	0	0	0	50	4	0.08
8988	1469	54	4	1	0	0	59	5	0.0847457627118644
8989	1442	52	4	0	0	0	56	4	0.07142857142857142
899	1481	47	3	1	0	0	51	4	0.0784313725490196
8990	1483	52	3	0	0	0	55	3	0.05454545454545454
8991	1462	48	2	1	0	0	51	3	0.058823529411764705
8992	1489	46	3	0	0	0	49	3	0.061224489795918366
8993	1449	49	3	0	0	0	52	3	0.057692307692307696
8994	1474	57	2	0	0	0	59	2	0.03389830508474576
8995	1448	36	0	0	0	0	36	0	0
8996	1483	58	2	0	0	0	60	2	0.03333333333333333
8997	1482	50	1	0	0	0	51	1	0.0196078431372549
8998	1471	44	7	0	0	0	51	7	0.13725490196078433
8999	1471	49	2	0	0	0	51	2	0.0392156862745098
9	1453	48	2	0	0	0	50	2	0.04
90	1454	53	1	1	0	0	55	2	0.03636363636363636
900	1491	40	2	0	0	0	42	2	0.047619047619047616
9000	1465	49	1	0	0	0	50	1	0.02
9001	1466	40	0	0	0	0	40	0	0
9002	1458	46	4	0	0	0	50	4	0.08
9003	1489	49	3	0	0	0	52	3	0.057692307692307696
9004	1482	43	5	0	0	0	48	5	0.10416666666666667
9005	1452	49	3	0	0	0	52	3	0.057692307692307696
9006	1445	48	5	0	0	0	53	5	0.09433962264150944
9007	1466	46	1	0	0	0	47	1	0.02127659574468085
9008	1497	56	3	1	0	0	60	4	0.06666666666666667
9009	1476	41	1	0	0	0	42	1	0.023809523809523808
901	1463	44	5	0	0	0	49	5	0.10204081632653061
9010	1457	44	1	0	0	0	45	1	0.022222222222222223
9011	1479	56	7	0	0	0	63	7	0.1111111111111111
9012	1471	40	4	0	0	0	44	4	0.09090909090909091
9013	1498	49	3	0	0	0	52	3	0.057692307692307696
9014	1506	34	3	0	0	0	37	3	0.08108108108108109
9015	1512	43	5	0	0	0	48	5	0.10416666666666667
9016	1476	39	2	0	0	0	41	2	0.04878048780487805
9017	1455	45	1	1	1	0	48	3	0.0625
9018	1466	47	2	0	0	0	49	2	0.04081632653061224
9019	1491	53	3	0	0	0	56	3	0.05357142857142857
902	1494	31	5	0	0	0	36	5	0.1388888888888889
9020	1481	49	1	0	0	0	50	1	0.02
9021	1458	47	2	0	0	0	49	2	0.04081632653061224
9022	1475	40	0	0	0	0	40	0	0
9023	1487	38	1	0	0	0	39	1	0.02564102564102564
9024	1442	38	1	0	0	0	39	1	0.02564102564102564
9025	1481	37	3	1	0	0	41	4	0.0975609756097561
9026	1461	54	6	0	0	0	60	6	0.1
9027	1504	38	1	0	0	0	39	1	0.02564102564102564
9028	1458	49	4	0	0	0	53	4	0.07547169811320754
9029	1459	62	6	0	0	0	68	6	0.08823529411764706
903	1469	41	2	0	0	0	43	2	0.046511627906976744
9030	1466	49	1	0	0	0	50	1	0.02
9031	1484	49	2	0	0	0	51	2	0.0392156862745098
9032	1454	47	2	0	0	0	49	2	0.04081632653061224
9033	1492	50	3	0	0	0	53	3	0.05660377358490566
9034	1470	39	2	0	0	0	41	2	0.04878048780487805
9035	1414	59	4	0	0	0	63	4	0.06349206349206349
9036	1485	41	1	0	0	0	42	1	0.023809523809523808
9037	1466	41	3	1	0	0	45	4	0.08888888888888889
9038	1470	44	3	0	0	0	47	3	0.06382978723404255
9039	1460	38	6	0	0	0	44	6	0.13636363636363635
904	1477	51	4	0	0	0	55	4	0.07272727272727272
9040	1476	52	4	0	0	0	56	4	0.07142857142857142
9041	1522	35	3	0	0	0	38	3	0.07894736842105263
9042	1439	44	2	0	0	0	46	2	0.043478260869565216
9043	1491	50	5	0	0	0	55	5	0.09090909090909091
9044	1461	51	2	0	0	0	53	2	0.03773584905660377
9045	1452	51	4	0	0	0	55	4	0.07272727272727272
9046	1468	38	0	0	0	0	38	0	0
9047	1490	39	2	0	0	0	41	2	0.04878048780487805
9048	1490	47	1	0	0	0	48	1	0.020833333333333332
9049	1496	35	3	0	0	0	38	3	0.07894736842105263
905	1481	33	1	0	0	0	34	1	0.029411764705882353
9050	1455	54	2	0	0	0	56	2	0.03571428571428571
9051	1472	52	2	0	0	0	54	2	0.037037037037037035
9052	1460	56	2	0	0	0	58	2	0.034482758620689655
9053	1463	42	5	0	0	0	47	5	0.10638297872340426
9054	1486	45	2	0	0	0	47	2	0.0425531914893617
9055	1472	47	3	0	0	0	50	3	0.06
9056	1459	40	1	1	0	0	42	2	0.047619047619047616
9057	1452	61	2	1	0	0	64	3	0.046875
9058	1466	41	5	1	0	0	47	6	0.1276595744680851
9059	1481	40	2	0	0	0	42	2	0.047619047619047616
906	1471	40	3	0	0	0	43	3	0.06976744186046512
9060	1422	45	9	0	0	0	54	9	0.16666666666666666
9061	1486	53	1	0	0	0	54	1	0.018518518518518517
9062	1492	39	3	0	0	0	42	3	0.07142857142857142
9063	1482	41	3	0	0	0	44	3	0.06818181818181818
9064	1472	47	1	0	0	0	48	1	0.020833333333333332
9065	1486	49	1	0	0	0	50	1	0.02
9066	1487	37	2	0	0	0	39	2	0.05128205128205128
9067	1438	54	3	0	0	0	57	3	0.05263157894736842
9068	1486	33	3	0	0	0	36	3	0.08333333333333333
9069	1467	50	2	0	0	0	52	2	0.038461538461538464
907	1467	64	3	0	0	0	67	3	0.04477611940298507
9070	1457	48	5	1	0	0	54	6	0.1111111111111111
9071	1507	38	1	0	0	0	39	1	0.02564102564102564
9072	1499	48	4	0	0	0	52	4	0.07692307692307693
9073	1440	37	2	0	0	0	39	2	0.05128205128205128
9074	1484	39	3	0	0	0	42	3	0.07142857142857142
9075	1481	37	1	0	0	0	38	1	0.02631578947368421
9076	1472	47	3	0	0	0	50	3	0.06
9077	1505	42	2	0	0	0	44	2	0.045454545454545456
9078	1500	38	0	0	0	0	38	0	0
9079	1495	50	1	0	0	0	51	1	0.0196078431372549
908	1494	37	5	0	0	0	42	5	0.11904761904761904
9080	1493	40	2	0	0	0	42	2	0.047619047619047616
9081	1469	47	0	0	0	0	47	0	0
9082	1459	45	1	0	0	0	46	1	0.021739130434782608
9083	1482	42	0	0	0	0	42	0	0
9084	1487	49	1	0	0	0	50	1	0.02
9085	1484	39	1	0	0	0	40	1	0.025
9086	1466	50	1	0	0	0	51	1	0.0196078431372549
9087	1472	38	1	0	0	0	39	1	0.02564102564102564
9088	1472	43	3	0	0	0	46	3	0.06521739130434782
9089	1469	36	2	0	0	0	38	2	0.05263157894736842
909	1473	37	1	0	0	0	38	1	0.02631578947368421
9090	1459	35	2	0	0	0	37	2	0.05405405405405406
9091	1481	50	1	0	0	0	51	1	0.0196078431372549
9092	1464	45	3	0	0	0	48	3	0.0625
9093	1449	41	5	0	0	0	46	5	0.10869565217391304
9094	1426	40	3	0	0	0	43	3	0.06976744186046512
9095	1461	52	2	0	0	0	54	2	0.037037037037037035
9096	1459	49	1	0	0	0	50	1	0.02
9097	1451	29	2	0	0	0	31	2	0.06451612903225806
9098	1474	49	4	0	0	0	53	4	0.07547169811320754
9099	1465	39	3	0	0	0	42	3	0.07142857142857142
91	1465	48	5	0	0	0	53	5	0.09433962264150944
910	1505	46	5	0	0	0	51	5	0.09803921568627451
9100	1507	45	2	0	0	0	47	2	0.0425531914893617
9101	1455	45	2	0	0	0	47	2	0.0425531914893617
9102	1454	51	3	0	0	0	54	3	0.05555555555555555
9103	1441	39	1	0	0	0	40	1	0.025
9104	1477	54	2	0	0	0	56	2	0.03571428571428571
9105	1489	38	3	1	0	0	42	4	0.09523809523809523
9106	1475	55	2	0	0	0	57	2	0.03508771929824561
9107	1477	41	3	0	0	0	44	3	0.06818181818181818
9108	1470	42	0	0	0	0	42	0	0
9109	1485	40	3	0	0	0	43	3	0.06976744186046512
911	1492	45	1	0	0	0	46	1	0.021739130434782608
9110	1475	54	1	0	0	0	55	1	0.01818181818181818
9111	1471	37	1	0	0	0	38	1	0.02631578947368421
9112	1461	49	4	0	0	0	53	4	0.07547169811320754
9113	1464	48	5	0	0	0	53	5	0.09433962264150944
9114	1497	42	2	0	0	0	44	2	0.045454545454545456
9115	1468	45	1	0	0	0	46	1	0.021739130434782608
9116	1507	40	2	1	0	0	43	3	0.06976744186046512
9117	1436	49	0	1	0	0	50	1	0.02
9118	1477	45	3	0	0	0	48	3	0.0625
9119	1511	44	5	0	0	0	49	5	0.10204081632653061
912	1488	52	2	0	0	0	54	2	0.037037037037037035
9120	1479	57	3	0	0	0	60	3	0.05
9121	1473	40	0	0	0	0	40	0	0
9122	1464	45	2	0	0	0	47	2	0.0425531914893617
9123	1500	47	5	1	0	0	53	6	0.11320754716981132
9124	1472	48	2	0	0	0	50	2	0.04
9125	1447	46	3	0	0	0	49	3	0.061224489795918366
9126	1479	44	1	0	0	0	45	1	0.022222222222222223
9127	1471	53	4	0	0	0	57	4	0.07017543859649122
9128	1464	44	3	0	0	0	47	3	0.06382978723404255
9129	1466	45	3	0	0	0	48	3	0.0625
913	1481	54	3	0	0	0	57	3	0.05263157894736842
9130	1506	51	1	0	0	0	52	1	0.019230769230769232
9131	1494	45	2	0	0	0	47	2	0.0425531914893617
9132	1480	52	2	0	0	0	54	2	0.037037037037037035
9133	1482	52	3	0	0	0	55	3	0.05454545454545454
9134	1477	33	2	0	0	0	35	2	0.05714285714285714
9135	1451	53	1	0	0	0	54	1	0.018518518518518517
9136	1486	43	5	0	0	0	48	5	0.10416666666666667
9137	1450	52	1	0	0	0	53	1	0.018867924528301886
9138	1498	61	2	0	0	0	63	2	0.031746031746031744
9139	1480	53	4	0	0	0	57	4	0.07017543859649122
914	1478	42	4	0	0	0	46	4	0.08695652173913043
9140	1473	37	5	0	0	0	42	5	0.11904761904761904
9141	1462	50	3	0	0	0	53	3	0.05660377358490566
9142	1454	36	3	0	0	0	39	3	0.07692307692307693
9143	1484	47	3	1	0	0	51	4	0.0784313725490196
9144	1457	54	2	0	0	0	56	2	0.03571428571428571
9145	1456	39	2	0	0	0	41	2	0.04878048780487805
9146	1461	49	0	0	0	0	49	0	0
9147	1469	44	1	0	0	0	45	1	0.022222222222222223
9148	1459	49	2	0	0	0	51	2	0.0392156862745098
9149	1468	44	6	0	0	0	50	6	0.12
915	1486	39	3	0	0	0	42	3	0.07142857142857142
9150	1456	49	6	0	0	0	55	6	0.10909090909090909
9151	1454	44	4	0	0	0	48	4	0.08333333333333333
9152	1480	39	3	0	0	0	42	3	0.07142857142857142
9153	1486	41	1	0	0	0	42	1	0.023809523809523808
9154	1499	48	1	0	0	0	49	1	0.02040816326530612
9155	1473	38	2	0	0	0	40	2	0.05
9156	1489	42	2	0	0	0	44	2	0.045454545454545456
9157	1457	56	2	0	1	0	59	3	0.05084745762711865
9158	1475	52	2	1	0	0	55	3	0.05454545454545454
9159	1501	42	2	1	0	0	45	3	0.06666666666666667
916	1456	55	3	0	0	0	58	3	0.05172413793103448
9160	1470	53	2	0	0	0	55	2	0.03636363636363636
9161	1476	45	2	0	0	0	47	2	0.0425531914893617
9162	1473	33	3	0	0	0	36	3	0.08333333333333333
9163	1476	43	3	0	0	0	46	3	0.06521739130434782
9164	1503	41	2	0	0	0	43	2	0.046511627906976744
9165	1503	45	3	0	0	0	48	3	0.0625
9166	1454	50	3	0	0	0	53	3	0.05660377358490566
9167	1464	55	2	0	0	0	57	2	0.03508771929824561
9168	1496	48	3	0	0	0	51	3	0.058823529411764705
9169	1463	50	2	0	0	0	52	2	0.038461538461538464
917	1485	47	1	0	0	0	48	1	0.020833333333333332
9170	1483	38	2	0	0	0	40	2	0.05
9171	1465	48	3	0	0	0	51	3	0.058823529411764705
9172	1431	38	3	0	0	0	41	3	0.07317073170731707
9173	1505	46	1	0	0	0	47	1	0.02127659574468085
9174	1473	43	4	0	0	0	47	4	0.0851063829787234
9175	1476	32	1	0	0	0	33	1	0.030303030303030304
9176	1481	40	3	0	0	0	43	3	0.06976744186046512
9177	1493	53	1	0	0	0	54	1	0.018518518518518517
9178	1491	48	2	0	0	0	50	2	0.04
9179	1491	56	0	0	0	0	56	0	0
918	1492	56	2	0	0	0	58	2	0.034482758620689655
9180	1487	35	2	0	0	0	37	2	0.05405405405405406
9181	1456	61	2	1	0	0	64	3	0.046875
9182	1482	39	2	0	0	0	41	2	0.04878048780487805
9183	1445	43	4	0	0	0	47	4	0.0851063829787234
9184	1465	32	3	0	0	0	35	3	0.08571428571428572
9185	1458	48	2	0	0	0	50	2	0.04
9186	1462	41	2	0	0	0	43	2	0.046511627906976744
9187	1442	51	4	1	0	0	56	5	0.08928571428571429
9188	1448	43	4	0	0	0	47	4	0.0851063829787234
9189	1422	37	2	0	0	0	39	2	0.05128205128205128
919	1458	44	3	0	0	0	47	3	0.06382978723404255
9190	1455	53	2	1	0	0	56	3	0.05357142857142857
9191	1462	36	6	0	0	0	42	6	0.14285714285714285
9192	1501	38	2	0	0	0	40	2	0.05
9193	1535	45	2	0	0	0	47	2	0.0425531914893617
9194	1459	45	3	1	0	0	49	4	0.08163265306122448
9195	1487	36	0	1	0	0	37	1	0.02702702702702703
9196	1458	45	3	1	0	0	49	4	0.08163265306122448
9197	1501	43	3	0	0	0	46	3	0.06521739130434782
9198	1507	40	2	0	0	0	42	2	0.047619047619047616
9199	1498	59	0	0	0	0	59	0	0
92	1418	43	4	0	0	0	47	4	0.0851063829787234
920	1486	40	1	0	0	0	41	1	0.024390243902439025
9200	1461	41	4	0	0	0	45	4	0.08888888888888889
9201	1477	48	1	0	0	0	49	1	0.02040816326530612
9202	1500	49	4	0	0	0	53	4	0.07547169811320754
9203	1523	52	4	0	0	0	56	4	0.07142857142857142
9204	1469	42	2	0	0	0	44	2	0.045454545454545456
9205	1486	49	4	0	0	0	53	4	0.07547169811320754
9206	1471	50	3	0	0	0	53	3	0.05660377358490566
9207	1490	46	0	0	0	0	46	0	0
9208	1453	46	3	0	0	0	49	3	0.061224489795918366
9209	1476	54	5	0	0	0	59	5	0.0847457627118644
921	1462	41	0	0	0	0	41	0	0
9210	1473	51	0	0	0	0	51	0	0
9211	1469	44	3	0	0	0	47	3	0.06382978723404255
9212	1518	49	0	0	0	0	49	0	0
9213	1465	52	1	0	0	0	53	1	0.018867924528301886
9214	1477	41	4	0	0	0	45	4	0.08888888888888889
9215	1466	49	3	0	0	0	52	3	0.057692307692307696
9216	1469	53	1	0	0	0	54	1	0.018518518518518517
9217	1490	42	6	0	0	0	48	6	0.125
9218	1497	36	2	0	0	0	38	2	0.05263157894736842
9219	1485	46	2	0	0	0	48	2	0.041666666666666664
922	1451	34	2	0	0	0	36	2	0.05555555555555555
9220	1418	53	3	0	0	0	56	3	0.05357142857142857
9221	1470	53	1	0	0	0	54	1	0.018518518518518517
9222	1527	39	2	0	0	0	41	2	0.04878048780487805
9223	1483	51	2	0	0	0	53	2	0.03773584905660377
9224	1434	42	5	0	0	0	47	5	0.10638297872340426
9225	1474	40	3	0	0	0	43	3	0.06976744186046512
9226	1487	50	1	0	0	0	51	1	0.0196078431372549
9227	1471	49	1	0	0	0	50	1	0.02
9228	1472	42	3	0	0	0	45	3	0.06666666666666667
9229	1467	41	3	0	0	0	44	3	0.06818181818181818
923	1490	52	0	0	0	0	52	0	0
9230	1466	50	2	0	0	0	52	2	0.038461538461538464
9231	1467	41	2	0	0	0	43	2	0.046511627906976744
9232	1469	33	1	0	0	0	34	1	0.029411764705882353
9233	1460	44	0	1	0	0	45	1	0.022222222222222223
9234	1485	40	4	0	0	0	44	4	0.09090909090909091
9235	1475	48	1	0	0	0	49	1	0.02040816326530612
9236	1456	42	3	0	0	0	45	3	0.06666666666666667
9237	1479	52	3	0	0	0	55	3	0.05454545454545454
9238	1450	48	3	0	0	0	51	3	0.058823529411764705
9239	1466	45	4	0	0	0	49	4	0.08163265306122448
924	1457	45	2	0	0	0	47	2	0.0425531914893617
9240	1458	37	4	1	0	0	42	5	0.11904761904761904
9241	1494	38	3	1	0	0	42	4	0.09523809523809523
9242	1482	51	2	1	0	0	54	3	0.05555555555555555
9243	1505	36	2	0	0	0	38	2	0.05263157894736842
9244	1459	59	3	0	0	0	62	3	0.04838709677419355
9245	1469	44	3	1	0	0	48	4	0.08333333333333333
9246	1444	60	2	1	0	0	63	3	0.047619047619047616
9247	1468	37	4	0	0	0	41	4	0.0975609756097561
9248	1476	53	1	1	0	0	55	2	0.03636363636363636
9249	1471	51	1	0	0	0	52	1	0.019230769230769232
925	1472	44	5	0	0	0	49	5	0.10204081632653061
9250	1460	50	1	1	0	0	52	2	0.038461538461538464
9251	1490	45	3	0	0	0	48	3	0.0625
9252	1466	39	2	0	0	0	41	2	0.04878048780487805
9253	1486	40	0	0	0	0	40	0	0
9254	1477	41	2	0	0	0	43	2	0.046511627906976744
9255	1492	44	1	0	0	0	45	1	0.022222222222222223
9256	1460	43	1	0	0	0	44	1	0.022727272727272728
9257	1499	39	1	0	0	0	40	1	0.025
9258	1497	57	5	0	0	0	62	5	0.08064516129032258
9259	1498	43	6	0	0	0	49	6	0.12244897959183673
926	1488	47	5	0	0	0	52	5	0.09615384615384616
9260	1479	51	1	0	0	0	52	1	0.019230769230769232
9261	1485	34	2	0	0	0	36	2	0.05555555555555555
9262	1507	41	1	0	0	0	42	1	0.023809523809523808
9263	1487	47	2	0	0	0	49	2	0.04081632653061224
9264	1473	51	1	0	0	0	52	1	0.019230769230769232
9265	1470	43	0	0	0	0	43	0	0
9266	1454	67	3	0	0	0	70	3	0.04285714285714286
9267	1438	45	2	0	0	0	47	2	0.0425531914893617
9268	1450	53	3	0	0	0	56	3	0.05357142857142857
9269	1464	48	0	0	0	0	48	0	0
927	1455	42	1	0	0	0	43	1	0.023255813953488372
9270	1468	50	6	0	0	0	56	6	0.10714285714285714
9271	1487	44	3	0	0	0	47	3	0.06382978723404255
9272	1503	51	2	0	0	0	53	2	0.03773584905660377
9273	1491	36	6	0	0	0	42	6	0.14285714285714285
9274	1470	48	4	1	0	0	53	5	0.09433962264150944
9275	1476	43	4	0	0	0	47	4	0.0851063829787234
9276	1455	43	4	0	0	0	47	4	0.0851063829787234
9277	1453	47	2	0	0	0	49	2	0.04081632653061224
9278	1483	53	1	0	0	0	54	1	0.018518518518518517
9279	1457	49	5	0	0	0	54	5	0.09259259259259259
928	1439	39	2	0	0	0	41	2	0.04878048780487805
9280	1474	42	1	0	0	0	43	1	0.023255813953488372
9281	1460	57	2	0	0	0	59	2	0.03389830508474576
9282	1441	52	3	0	0	0	55	3	0.05454545454545454
9283	1485	45	3	0	0	0	48	3	0.0625
9284	1447	47	2	0	0	0	49	2	0.04081632653061224
9285	1460	50	4	0	0	0	54	4	0.07407407407407407
9286	1450	45	3	0	0	0	48	3	0.0625
9287	1468	51	2	0	0	0	53	2	0.03773584905660377
9288	1489	39	1	0	0	0	40	1	0.025
9289	1511	54	3	0	0	0	57	3	0.05263157894736842
929	1472	44	1	0	0	0	45	1	0.022222222222222223
9290	1450	42	4	0	0	0	46	4	0.08695652173913043
9291	1482	48	3	0	0	0	51	3	0.058823529411764705
9292	1463	38	2	0	0	0	40	2	0.05
9293	1473	46	1	1	0	0	48	2	0.041666666666666664
9294	1474	36	5	0	0	0	41	5	0.12195121951219512
9295	1467	43	3	0	0	0	46	3	0.06521739130434782
9296	1466	45	4	0	0	0	49	4	0.08163265306122448
9297	1490	44	2	0	0	0	46	2	0.043478260869565216
9298	1470	42	1	0	0	0	43	1	0.023255813953488372
9299	1473	48	2	0	0	0	50	2	0.04
93	1448	38	1	0	0	0	39	1	0.02564102564102564
930	1505	39	1	0	0	0	40	1	0.025
9300	1455	57	2	0	0	0	59	2	0.03389830508474576
9301	1486	39	2	0	0	0	41	2	0.04878048780487805
9302	1455	40	2	0	0	0	42	2	0.047619047619047616
9303	1481	52	1	0	0	0	53	1	0.018867924528301886
9304	1456	47	2	0	0	0	49	2	0.04081632653061224
9305	1495	64	3	0	0	0	67	3	0.04477611940298507
9306	1454	44	2	0	0	0	46	2	0.043478260869565216
9307	1496	43	3	0	0	0	46	3	0.06521739130434782
9308	1471	46	1	0	0	0	47	1	0.02127659574468085
9309	1460	41	0	0	0	0	41	0	0
931	1485	50	3	0	0	0	53	3	0.05660377358490566
9310	1494	55	3	1	0	0	59	4	0.06779661016949153
9311	1496	43	1	0	0	0	44	1	0.022727272727272728
9312	1490	29	1	0	0	0	30	1	0.03333333333333333
9313	1454	50	5	0	0	0	55	5	0.09090909090909091
9314	1488	35	3	0	0	0	38	3	0.07894736842105263
9315	1493	42	0	0	0	0	42	0	0
9316	1454	42	1	0	0	0	43	1	0.023255813953488372
9317	1421	38	1	0	0	0	39	1	0.02564102564102564
9318	1499	58	3	0	0	0	61	3	0.04918032786885246
9319	1479	44	5	0	0	0	49	5	0.10204081632653061
932	1534	45	0	0	0	0	45	0	0
9320	1457	35	3	1	0	0	39	4	0.10256410256410256
9321	1512	41	1	0	0	0	42	1	0.023809523809523808
9322	1483	43	1	0	0	0	44	1	0.022727272727272728
9323	1480	52	4	0	0	0	56	4	0.07142857142857142
9324	1468	47	2	0	0	0	49	2	0.04081632653061224
9325	1484	39	2	0	0	0	41	2	0.04878048780487805
9326	1478	37	1	0	0	0	38	1	0.02631578947368421
9327	1463	40	1	0	0	0	41	1	0.024390243902439025
9328	1462	48	2	1	0	0	51	3	0.058823529411764705
9329	1503	43	3	0	0	0	46	3	0.06521739130434782
933	1482	52	5	0	0	0	57	5	0.08771929824561403
9330	1471	51	2	0	0	0	53	2	0.03773584905660377
9331	1468	38	1	0	0	0	39	1	0.02564102564102564
9332	1485	52	1	0	0	0	53	1	0.018867924528301886
9333	1463	42	2	0	0	0	44	2	0.045454545454545456
9334	1478	34	1	1	0	0	36	2	0.05555555555555555
9335	1465	57	5	0	0	0	62	5	0.08064516129032258
9336	1450	43	5	0	0	0	48	5	0.10416666666666667
9337	1431	43	0	0	0	0	43	0	0
9338	1473	47	3	0	0	0	50	3	0.06
9339	1490	44	2	0	0	0	46	2	0.043478260869565216
934	1464	40	2	0	0	0	42	2	0.047619047619047616
9340	1478	45	2	0	0	0	47	2	0.0425531914893617
9341	1502	34	3	0	0	0	37	3	0.08108108108108109
9342	1476	43	2	0	0	0	45	2	0.044444444444444446
9343	1447	44	3	0	0	0	47	3	0.06382978723404255
9344	1472	42	2	0	0	0	44	2	0.045454545454545456
9345	1507	40	0	0	0	0	40	0	0
9346	1482	42	2	0	0	0	44	2	0.045454545454545456
9347	1482	44	2	0	0	0	46	2	0.043478260869565216
9348	1492	56	5	0	0	0	61	5	0.08196721311475409
9349	1489	48	1	0	0	0	49	1	0.02040816326530612
935	1510	37	0	0	0	0	37	0	0
9350	1492	44	0	0	0	0	44	0	0
9351	1493	54	1	0	0	0	55	1	0.01818181818181818
9352	1465	45	5	0	0	0	50	5	0.1
9353	1495	41	3	1	0	0	45	4	0.08888888888888889
9354	1519	47	2	0	0	0	49	2	0.04081632653061224
9355	1474	40	2	0	0	0	42	2	0.047619047619047616
9356	1485	48	1	0	0	0	49	1	0.02040816326530612
9357	1473	44	2	0	0	0	46	2	0.043478260869565216
9358	1463	44	4	0	0	0	48	4	0.08333333333333333
9359	1537	39	1	0	0	0	40	1	0.025
936	1459	45	1	0	0	0	46	1	0.021739130434782608
9360	1458	49	4	0	0	0	53	4	0.07547169811320754
9361	1487	41	2	0	0	0	43	2	0.046511627906976744
9362	1453	37	1	0	0	0	38	1	0.02631578947368421
9363	1446	44	2	0	0	0	46	2	0.043478260869565216
9364	1490	48	3	0	0	0	51	3	0.058823529411764705
9365	1478	44	0	0	0	0	44	0	0
9366	1492	55	1	0	0	0	56	1	0.017857142857142856
9367	1466	47	3	0	0	0	50	3	0.06
9368	1487	38	3	0	0	0	41	3	0.07317073170731707
9369	1480	49	4	0	0	0	53	4	0.07547169811320754
937	1451	49	1	0	0	0	50	1	0.02
9370	1471	47	0	0	0	0	47	0	0
9371	1472	47	2	0	0	0	49	2	0.04081632653061224
9372	1476	53	2	0	0	0	55	2	0.03636363636363636
9373	1468	41	4	0	0	0	45	4	0.08888888888888889
9374	1484	57	4	0	0	0	61	4	0.06557377049180328
9375	1481	42	6	0	0	0	48	6	0.125
9376	1458	50	2	1	0	0	53	3	0.05660377358490566
9377	1499	35	1	0	0	0	36	1	0.027777777777777776
9378	1472	44	1	0	0	0	45	1	0.022222222222222223
9379	1498	50	2	1	0	0	53	3	0.05660377358490566
938	1480	49	4	1	0	0	54	5	0.09259259259259259
9380	1467	43	3	0	0	0	46	3	0.06521739130434782
9381	1462	49	9	0	0	0	58	9	0.15517241379310345
9382	1497	46	1	0	0	0	47	1	0.02127659574468085
9383	1506	34	3	0	0	0	37	3	0.08108108108108109
9384	1477	42	2	0	0	0	44	2	0.045454545454545456
9385	1474	34	5	0	0	0	39	5	0.1282051282051282
9386	1494	48	0	0	0	0	48	0	0
9387	1464	45	1	0	0	0	46	1	0.021739130434782608
9388	1493	42	2	0	0	0	44	2	0.045454545454545456
9389	1487	40	3	0	0	0	43	3	0.06976744186046512
939	1477	42	2	0	0	0	44	2	0.045454545454545456
9390	1506	49	3	0	0	0	52	3	0.057692307692307696
9391	1443	44	1	0	0	0	45	1	0.022222222222222223
9392	1466	41	1	0	0	0	42	1	0.023809523809523808
9393	1459	66	3	1	0	0	70	4	0.05714285714285714
9394	1438	45	1	1	0	0	47	2	0.0425531914893617
9395	1482	38	5	1	0	0	44	6	0.13636363636363635
9396	1469	40	2	0	0	0	42	2	0.047619047619047616
9397	1446	36	5	0	0	0	41	5	0.12195121951219512
9398	1484	41	4	1	0	0	46	5	0.10869565217391304
9399	1440	47	3	0	0	0	50	3	0.06
94	1493	47	2	0	0	0	49	2	0.04081632653061224
940	1461	44	2	0	0	0	46	2	0.043478260869565216
9400	1514	44	2	1	0	0	47	3	0.06382978723404255
9401	1497	49	2	0	0	0	51	2	0.0392156862745098
9402	1459	43	3	0	0	0	46	3	0.06521739130434782
9403	1463	41	3	0	0	0	44	3	0.06818181818181818
9404	1477	45	1	0	0	0	46	1	0.021739130434782608
9405	1470	59	1	0	0	0	60	1	0.016666666666666666
9406	1479	53	0	0	0	0	53	0	0
9407	1467	42	5	0	0	0	47	5	0.10638297872340426
9408	1483	43	3	0	0	0	46	3	0.06521739130434782
9409	1457	34	1	0	0	0	35	1	0.02857142857142857
941	1487	47	0	0	0	0	47	0	0
9410	1477	36	3	0	0	0	39	3	0.07692307692307693
9411	1464	54	2	1	0	0	57	3	0.05263157894736842
9412	1465	48	2	0	0	0	50	2	0.04
9413	1464	47	4	0	0	0	51	4	0.0784313725490196
9414	1459	32	2	1	0	0	35	3	0.08571428571428572
9415	1462	49	3	0	0	0	52	3	0.057692307692307696
9416	1482	58	1	0	0	0	59	1	0.01694915254237288
9417	1469	35	2	0	0	0	37	2	0.05405405405405406
9418	1496	52	3	0	0	0	55	3	0.05454545454545454
9419	1460	38	2	1	0	0	41	3	0.07317073170731707
942	1485	40	1	0	0	0	41	1	0.024390243902439025
9420	1462	39	2	0	0	0	41	2	0.04878048780487805
9421	1460	41	2	0	0	0	43	2	0.046511627906976744
9422	1486	47	2	0	0	0	49	2	0.04081632653061224
9423	1494	38	0	0	0	0	38	0	0
9424	1480	42	4	0	0	0	46	4	0.08695652173913043
9425	1477	41	1	0	0	0	42	1	0.023809523809523808
9426	1466	49	2	0	0	0	51	2	0.0392156862745098
9427	1455	39	5	0	0	0	44	5	0.11363636363636363
9428	1477	41	3	0	0	0	44	3	0.06818181818181818
9429	1463	49	4	1	0	0	54	5	0.09259259259259259
943	1466	51	4	0	0	0	55	4	0.07272727272727272
9430	1466	41	4	0	0	0	45	4	0.08888888888888889
9431	1487	54	3	0	0	0	57	3	0.05263157894736842
9432	1471	64	4	0	0	0	68	4	0.058823529411764705
9433	1490	44	3	0	0	0	47	3	0.06382978723404255
9434	1487	56	4	0	0	0	60	4	0.06666666666666667
9435	1493	57	2	0	0	0	59	2	0.03389830508474576
9436	1502	54	0	0	0	0	54	0	0
9437	1473	40	1	0	0	0	41	1	0.024390243902439025
9438	1461	40	6	0	0	0	46	6	0.13043478260869565
9439	1509	49	1	0	0	0	50	1	0.02
944	1451	50	1	0	0	0	51	1	0.0196078431372549
9440	1467	30	1	0	0	0	31	1	0.03225806451612903
9441	1477	48	3	0	0	0	51	3	0.058823529411764705
9442	1506	47	3	0	0	0	50	3	0.06
9443	1472	53	2	0	0	0	55	2	0.03636363636363636
9444	1486	48	2	0	0	0	50	2	0.04
9445	1509	42	2	0	0	0	44	2	0.045454545454545456
9446	1487	48	5	0	0	0	53	5	0.09433962264150944
9447	1466	46	4	0	0	0	50	4	0.08
9448	1454	40	4	0	0	0	44	4	0.09090909090909091
9449	1464	50	1	0	0	0	51	1	0.0196078431372549
945	1485	47	3	0	0	0	50	3	0.06
9450	1471	51	5	0	0	0	56	5	0.08928571428571429
9451	1485	40	2	0	0	0	42	2	0.047619047619047616
9452	1450	39	3	0	0	0	42	3	0.07142857142857142
9453	1464	41	4	0	0	0	45	4	0.08888888888888889
9454	1462	51	2	2	0	0	55	4	0.07272727272727272
9455	1462	43	1	0	0	0	44	1	0.022727272727272728
9456	1466	44	2	0	0	0	46	2	0.043478260869565216
9457	1467	34	1	0	0	0	35	1	0.02857142857142857
9458	1447	46	4	0	0	0	50	4	0.08
9459	1470	54	5	0	0	0	59	5	0.0847457627118644
946	1480	42	2	0	0	0	44	2	0.045454545454545456
9460	1489	30	1	0	0	0	31	1	0.03225806451612903
9461	1505	36	9	0	0	0	45	9	0.2
9462	1469	57	3	0	0	0	60	3	0.05
9463	1477	43	3	0	0	0	46	3	0.06521739130434782
9464	1477	57	3	0	0	0	60	3	0.05
9465	1452	42	3	0	0	0	45	3	0.06666666666666667
9466	1488	47	6	0	0	0	53	6	0.11320754716981132
9467	1489	47	4	0	0	0	51	4	0.0784313725490196
9468	1469	44	4	0	0	0	48	4	0.08333333333333333
9469	1467	47	4	1	0	0	52	5	0.09615384615384616
947	1464	35	2	0	0	0	37	2	0.05405405405405406
9470	1502	50	1	0	0	0	51	1	0.0196078431372549
9471	1459	41	3	0	0	0	44	3	0.06818181818181818
9472	1490	39	5	0	0	0	44	5	0.11363636363636363
9473	1471	50	3	0	0	0	53	3	0.05660377358490566
9474	1464	47	4	0	0	0	51	4	0.0784313725490196
9475	1462	42	3	0	0	0	45	3	0.06666666666666667
9476	1460	52	7	0	0	0	59	7	0.11864406779661017
9477	1472	47	3	0	0	0	50	3	0.06
9478	1470	51	2	0	0	0	53	2	0.03773584905660377
9479	1492	43	0	0	0	0	43	0	0
948	1477	54	1	0	0	0	55	1	0.01818181818181818
9480	1441	42	2	0	0	0	44	2	0.045454545454545456
9481	1452	47	1	0	1	0	49	2	0.04081632653061224
9482	1483	41	1	0	0	0	42	1	0.023809523809523808
9483	1472	36	4	0	0	0	40	4	0.1
9484	1482	40	1	0	0	0	41	1	0.024390243902439025
9485	1491	43	2	1	0	0	46	3	0.06521739130434782
9486	1502	54	1	1	0	0	56	2	0.03571428571428571
9487	1472	51	1	0	0	0	52	1	0.019230769230769232
9488	1484	46	3	0	0	0	49	3	0.061224489795918366
9489	1488	48	5	0	0	0	53	5	0.09433962264150944
949	1476	43	1	0	0	0	44	1	0.022727272727272728
9490	1434	57	2	0	0	0	59	2	0.03389830508474576
9491	1439	51	3	0	0	0	54	3	0.05555555555555555
9492	1466	44	1	0	0	0	45	1	0.022222222222222223
9493	1464	48	3	1	0	0	52	4	0.07692307692307693
9494	1448	37	1	0	0	0	38	1	0.02631578947368421
9495	1476	44	1	0	0	0	45	1	0.022222222222222223
9496	1431	48	2	0	0	0	50	2	0.04
9497	1464	48	2	0	0	0	50	2	0.04
9498	1481	34	1	0	0	0	35	1	0.02857142857142857
9499	1493	45	5	0	0	0	50	5	0.1
95	1462	47	1	0	0	0	48	1	0.020833333333333332
950	1473	46	2	1	0	0	49	3	0.061224489795918366
9500	1490	43	2	1	0	0	46	3	0.06521739130434782
9501	1514	47	6	0	0	0	53	6	0.11320754716981132
9502	1506	50	1	1	0	0	52	2	0.038461538461538464
9503	1477	44	2	0	0	0	46	2	0.043478260869565216
9504	1471	50	0	0	0	0	50	0	0
9505	1470	44	2	0	0	0	46	2	0.043478260869565216
9506	1454	54	1	0	0	0	55	1	0.01818181818181818
9507	1468	35	2	0	0	0	37	2	0.05405405405405406
9508	1468	36	2	1	0	0	39	3	0.07692307692307693
9509	1513	49	1	0	0	0	50	1	0.02
951	1428	60	3	0	0	0	63	3	0.047619047619047616
9510	1467	33	5	0	0	0	38	5	0.13157894736842105
9511	1496	45	4	0	0	0	49	4	0.08163265306122448
9512	1511	37	3	1	0	0	41	4	0.0975609756097561
9513	1479	54	1	1	0	0	56	2	0.03571428571428571
9514	1472	38	7	0	0	0	45	7	0.15555555555555556
9515	1502	55	1	0	0	0	56	1	0.017857142857142856
9516	1464	47	0	0	0	0	47	0	0
9517	1493	44	3	0	0	0	47	3	0.06382978723404255
9518	1468	45	2	0	0	0	47	2	0.0425531914893617
9519	1493	51	1	0	0	0	52	1	0.019230769230769232
952	1453	46	4	0	0	0	50	4	0.08
9520	1455	44	3	0	0	0	47	3	0.06382978723404255
9521	1479	47	1	0	0	0	48	1	0.020833333333333332
9522	1464	59	3	0	0	0	62	3	0.04838709677419355
9523	1470	39	4	0	0	0	43	4	0.09302325581395349
9524	1462	44	3	0	0	0	47	3	0.06382978723404255
9525	1510	47	1	0	0	0	48	1	0.020833333333333332
9526	1467	52	1	0	0	0	53	1	0.018867924528301886
9527	1481	45	4	0	0	0	49	4	0.08163265306122448
9528	1508	44	3	0	0	0	47	3	0.06382978723404255
9529	1487	63	3	0	0	0	66	3	0.045454545454545456
953	1506	52	3	0	0	0	55	3	0.05454545454545454
9530	1473	60	3	0	0	0	63	3	0.047619047619047616
9531	1477	45	4	0	0	0	49	4	0.08163265306122448
9532	1446	42	2	1	0	0	45	3	0.06666666666666667
9533	1465	37	2	0	0	0	39	2	0.05128205128205128
9534	1479	46	4	0	0	0	50	4	0.08
9535	1468	42	3	1	0	0	46	4	0.08695652173913043
9536	1461	49	2	0	0	0	51	2	0.0392156862745098
9537	1508	43	1	1	0	0	45	2	0.044444444444444446
9538	1464	45	1	1	0	0	47	2	0.0425531914893617
9539	1485	44	4	0	0	0	48	4	0.08333333333333333
954	1492	38	4	0	0	0	42	4	0.09523809523809523
9540	1491	47	2	0	0	0	49	2	0.04081632653061224
9541	1478	48	1	0	0	0	49	1	0.02040816326530612
9542	1480	46	0	0	0	0	46	0	0
9543	1456	55	2	0	0	0	57	2	0.03508771929824561
9544	1460	46	2	0	0	0	48	2	0.041666666666666664
9545	1477	52	1	0	0	0	53	1	0.018867924528301886
9546	1475	48	1	0	0	0	49	1	0.02040816326530612
9547	1450	42	6	0	0	0	48	6	0.125
9548	1517	40	1	0	0	0	41	1	0.024390243902439025
9549	1477	45	2	1	0	0	48	3	0.0625
955	1479	51	5	0	0	0	56	5	0.08928571428571429
9550	1463	45	1	0	0	0	46	1	0.021739130434782608
9551	1476	59	0	0	0	0	59	0	0
9552	1485	38	1	0	0	0	39	1	0.02564102564102564
9553	1457	46	4	0	0	0	50	4	0.08
9554	1457	31	2	0	0	0	33	2	0.06060606060606061
9555	1496	42	3	0	0	0	45	3	0.06666666666666667
9556	1462	44	4	1	0	0	49	5	0.10204081632653061
9557	1504	43	2	0	0	0	45	2	0.044444444444444446
9558	1487	41	1	0	0	0	42	1	0.023809523809523808
9559	1491	43	1	0	0	0	44	1	0.022727272727272728
956	1476	56	2	0	0	0	58	2	0.034482758620689655
9560	1507	46	0	0	0	0	46	0	0
9561	1466	50	3	0	0	0	53	3	0.05660377358490566
9562	1478	51	3	2	0	0	56	5	0.08928571428571429
9563	1475	59	4	0	0	0	63	4	0.06349206349206349
9564	1508	43	2	0	0	0	45	2	0.044444444444444446
9565	1473	33	3	0	0	0	36	3	0.08333333333333333
9566	1488	50	3	1	0	0	54	4	0.07407407407407407
9567	1474	46	0	0	0	0	46	0	0
9568	1480	54	0	0	0	0	54	0	0
9569	1481	48	1	0	0	0	49	1	0.02040816326530612
957	1500	34	3	0	0	0	37	3	0.08108108108108109
9570	1471	49	2	0	0	0	51	2	0.0392156862745098
9571	1479	48	0	0	0	0	48	0	0
9572	1484	44	5	0	0	0	49	5	0.10204081632653061
9573	1491	44	2	0	0	0	46	2	0.043478260869565216
9574	1488	45	4	0	0	0	49	4	0.08163265306122448
9575	1497	35	1	0	0	0	36	1	0.027777777777777776
9576	1469	42	1	0	0	0	43	1	0.023255813953488372
9577	1466	50	1	0	0	0	51	1	0.0196078431372549
9578	1483	43	0	0	0	0	43	0	0
9579	1462	48	3	0	1	0	52	4	0.07692307692307693
958	1480	45	0	0	0	0	45	0	0
9580	1487	45	1	0	0	0	46	1	0.021739130434782608
9581	1476	45	1	0	0	0	46	1	0.021739130434782608
9582	1488	40	3	0	0	0	43	3	0.06976744186046512
9583	1490	52	1	0	0	0	53	1	0.018867924528301886
9584	1491	54	2	1	0	0	57	3	0.05263157894736842
9585	1502	57	0	1	0	0	58	1	0.017241379310344827
9586	1449	46	2	0	0	0	48	2	0.041666666666666664
9587	1458	52	4	0	0	0	56	4	0.07142857142857142
9588	1476	37	4	0	0	0	41	4	0.0975609756097561
9589	1501	50	2	0	0	0	52	2	0.038461538461538464
959	1484	42	0	0	0	0	42	0	0
9590	1509	49	1	0	0	0	50	1	0.02
9591	1453	45	4	0	0	0	49	4	0.08163265306122448
9592	1446	43	1	0	0	0	44	1	0.022727272727272728
9593	1435	54	5	0	0	0	59	5	0.0847457627118644
9594	1464	43	1	0	0	0	44	1	0.022727272727272728
9595	1492	45	3	0	0	0	48	3	0.0625
9596	1439	37	1	0	0	0	38	1	0.02631578947368421
9597	1485	40	3	1	0	0	44	4	0.09090909090909091
9598	1489	48	3	0	0	0	51	3	0.058823529411764705
9599	1474	54	4	0	0	0	58	4	0.06896551724137931
96	1487	50	1	0	0	0	51	1	0.0196078431372549
960	1481	47	1	0	0	0	48	1	0.020833333333333332
9600	1502	54	1	0	0	0	55	1	0.01818181818181818
9601	1451	46	2	0	0	0	48	2	0.041666666666666664
9602	1471	45	3	0	0	0	48	3	0.0625
9603	1465	40	2	0	0	0	42	2	0.047619047619047616
9604	1483	46	3	0	0	0	49	3	0.061224489795918366
9605	1511	52	0	0	0	0	52	0	0
9606	1473	49	2	0	0	0	51	2	0.0392156862745098
9607	1496	48	0	0	0	0	48	0	0
9608	1485	47	2	0	0	0	49	2	0.04081632653061224
9609	1499	45	5	1	0	0	51	6	0.11764705882352941
961	1480	46	4	0	0	0	50	4	0.08
9610	1518	48	3	1	0	0	52	4	0.07692307692307693
9611	1464	44	3	0	0	0	47	3	0.06382978723404255
9612	1447	47	2	0	0	0	49	2	0.04081632653061224
9613	1469	40	2	0	0	0	42	2	0.047619047619047616
9614	1502	50	2	0	0	0	52	2	0.038461538461538464
9615	1464	53	3	0	0	0	56	3	0.05357142857142857
9616	1454	47	3	0	0	0	50	3	0.06
9617	1481	44	1	0	0	0	45	1	0.022222222222222223
9618	1495	43	2	0	0	0	45	2	0.044444444444444446
9619	1489	43	2	0	0	0	45	2	0.044444444444444446
962	1486	50	1	0	0	0	51	1	0.0196078431372549
9620	1472	47	5	0	0	0	52	5	0.09615384615384616
9621	1462	50	0	0	0	0	50	0	0
9622	1462	41	4	0	0	0	45	4	0.08888888888888889
9623	1457	56	5	0	0	0	61	5	0.08196721311475409
9624	1478	43	0	0	0	0	43	0	0
9625	1458	48	2	0	0	0	50	2	0.04
9626	1467	43	3	0	0	0	46	3	0.06521739130434782
9627	1498	49	4	0	0	0	53	4	0.07547169811320754
9628	1485	50	6	0	0	0	56	6	0.10714285714285714
9629	1481	56	2	0	0	0	58	2	0.034482758620689655
963	1494	48	2	1	0	0	51	3	0.058823529411764705
9630	1437	40	1	0	0	0	41	1	0.024390243902439025
9631	1513	43	3	2	0	0	48	5	0.10416666666666667
9632	1462	38	3	0	0	0	41	3	0.07317073170731707
9633	1503	43	5	0	0	0	48	5	0.10416666666666667
9634	1499	51	4	0	0	0	55	4	0.07272727272727272
9635	1499	36	2	0	0	0	38	2	0.05263157894736842
9636	1476	50	2	0	0	0	52	2	0.038461538461538464
9637	1486	42	4	0	0	0	46	4	0.08695652173913043
9638	1469	42	2	0	0	0	44	2	0.045454545454545456
9639	1474	37	1	0	0	0	38	1	0.02631578947368421
964	1500	48	6	0	0	0	54	6	0.1111111111111111
9640	1487	39	3	0	0	0	42	3	0.07142857142857142
9641	1467	48	4	0	0	0	52	4	0.07692307692307693
9642	1447	49	3	0	0	0	52	3	0.057692307692307696
9643	1484	53	1	0	0	0	54	1	0.018518518518518517
9644	1492	35	1	0	0	0	36	1	0.027777777777777776
9645	1455	56	4	1	0	0	61	5	0.08196721311475409
9646	1497	49	3	0	0	0	52	3	0.057692307692307696
9647	1461	41	3	0	0	0	44	3	0.06818181818181818
9648	1460	34	3	0	0	0	37	3	0.08108108108108109
9649	1470	46	4	0	0	0	50	4	0.08
965	1497	40	1	0	0	0	41	1	0.024390243902439025
9650	1514	56	2	0	0	0	58	2	0.034482758620689655
9651	1447	42	4	0	0	0	46	4	0.08695652173913043
9652	1472	41	3	0	0	0	44	3	0.06818181818181818
9653	1448	50	3	0	0	0	53	3	0.05660377358490566
9654	1502	58	1	0	0	0	59	1	0.01694915254237288
9655	1499	51	1	0	0	0	52	1	0.019230769230769232
9656	1456	48	2	0	0	0	50	2	0.04
9657	1455	44	7	0	0	0	51	7	0.13725490196078433
9658	1459	44	4	0	0	0	48	4	0.08333333333333333
9659	1443	53	4	0	0	0	57	4	0.07017543859649122
966	1459	45	5	0	0	0	50	5	0.1
9660	1465	38	0	0	0	0	38	0	0
9661	1466	63	4	0	0	0	67	4	0.05970149253731343
9662	1479	55	3	0	0	0	58	3	0.05172413793103448
9663	1473	41	1	0	0	0	42	1	0.023809523809523808
9664	1481	42	4	0	0	0	46	4	0.08695652173913043
9665	1503	35	2	0	0	0	37	2	0.05405405405405406
9666	1463	36	2	0	0	0	38	2	0.05263157894736842
9667	1498	41	7	0	0	0	48	7	0.14583333333333334
9668	1515	50	3	0	0	0	53	3	0.05660377358490566
9669	1480	49	5	0	0	0	54	5	0.09259259259259259
967	1470	46	5	1	0	0	52	6	0.11538461538461539
9670	1490	54	2	0	0	0	56	2	0.03571428571428571
9671	1490	48	3	0	0	0	51	3	0.058823529411764705
9672	1487	39	5	0	0	0	44	5	0.11363636363636363
9673	1471	52	3	0	0	0	55	3	0.05454545454545454
9674	1470	56	3	0	0	0	59	3	0.05084745762711865
9675	1480	42	1	0	0	0	43	1	0.023255813953488372
9676	1461	41	1	0	0	0	42	1	0.023809523809523808
9677	1467	45	1	0	0	0	46	1	0.021739130434782608
9678	1485	54	4	0	0	0	58	4	0.06896551724137931
9679	1468	52	2	0	0	0	54	2	0.037037037037037035
968	1467	42	2	0	0	0	44	2	0.045454545454545456
9680	1483	37	3	0	0	0	40	3	0.075
9681	1510	43	4	0	0	0	47	4	0.0851063829787234
9682	1439	42	3	1	0	0	46	4	0.08695652173913043
9683	1461	40	3	0	0	0	43	3	0.06976744186046512
9684	1464	35	5	0	0	0	40	5	0.125
9685	1474	43	3	0	0	0	46	3	0.06521739130434782
9686	1456	55	1	0	0	0	56	1	0.017857142857142856
9687	1487	38	1	0	0	0	39	1	0.02564102564102564
9688	1481	44	2	0	0	0	46	2	0.043478260869565216
9689	1457	44	6	0	0	0	50	6	0.12
969	1506	43	1	0	0	0	44	1	0.022727272727272728
9690	1477	44	1	0	0	0	45	1	0.022222222222222223
9691	1512	45	5	0	0	0	50	5	0.1
9692	1477	50	2	0	0	0	52	2	0.038461538461538464
9693	1477	41	3	0	0	0	44	3	0.06818181818181818
9694	1445	45	1	0	0	0	46	1	0.021739130434782608
9695	1478	40	2	0	0	0	42	2	0.047619047619047616
9696	1511	43	2	1	0	0	46	3	0.06521739130434782
9697	1480	55	2	0	0	0	57	2	0.03508771929824561
9698	1450	39	1	0	0	0	40	1	0.025
9699	1473	45	2	0	0	0	47	2	0.0425531914893617
97	1500	41	2	0	0	0	43	2	0.046511627906976744
970	1498	49	3	0	0	0	52	3	0.057692307692307696
9700	1454	51	1	0	0	0	52	1	0.019230769230769232
9701	1518	43	6	0	0	0	49	6	0.12244897959183673
9702	1490	55	2	0	0	0	57	2	0.03508771929824561
9703	1468	48	3	0	0	0	51	3	0.058823529411764705
9704	1461	35	2	0	0	0	37	2	0.05405405405405406
9705	1481	47	0	1	0	0	48	1	0.020833333333333332
9706	1449	50	0	1	0	0	51	1	0.0196078431372549
9707	1486	58	7	0	0	0	65	7	0.1076923076923077
9708	1440	46	2	0	0	0	48	2	0.041666666666666664
9709	1504	46	3	0	0	0	49	3	0.061224489795918366
971	1494	47	1	0	0	0	48	1	0.020833333333333332
9710	1515	35	3	0	0	0	38	3	0.07894736842105263
9711	1472	42	3	0	0	0	45	3	0.06666666666666667
9712	1470	62	4	0	0	0	66	4	0.06060606060606061
9713	1507	53	2	0	0	0	55	2	0.03636363636363636
9714	1477	53	1	0	0	0	54	1	0.018518518518518517
9715	1491	27	6	0	0	0	33	6	0.18181818181818182
9716	1488	36	4	0	0	0	40	4	0.1
9717	1501	38	3	1	0	0	42	4	0.09523809523809523
9718	1477	52	3	0	0	0	55	3	0.05454545454545454
9719	1464	62	2	0	0	0	64	2	0.03125
972	1496	57	2	0	0	0	59	2	0.03389830508474576
9720	1468	47	3	0	0	0	50	3	0.06
9721	1485	51	3	0	0	0	54	3	0.05555555555555555
9722	1442	50	5	0	0	0	55	5	0.09090909090909091
9723	1458	41	3	0	0	0	44	3	0.06818181818181818
9724	1495	50	1	0	0	0	51	1	0.0196078431372549
9725	1469	36	3	0	0	0	39	3	0.07692307692307693
9726	1458	46	0	0	0	0	46	0	0
9727	1477	51	0	0	0	0	51	0	0
9728	1477	42	1	0	0	0	43	1	0.023255813953488372
9729	1481	44	2	0	0	0	46	2	0.043478260869565216
973	1486	39	2	0	0	0	41	2	0.04878048780487805
9730	1484	36	4	0	0	0	40	4	0.1
9731	1430	43	3	0	0	0	46	3	0.06521739130434782
9732	1525	50	0	0	0	0	50	0	0
9733	1482	42	3	0	0	0	45	3	0.06666666666666667
9734	1469	54	1	0	0	0	55	1	0.01818181818181818
9735	1494	43	4	0	0	0	47	4	0.0851063829787234
9736	1470	47	3	0	0	0	50	3	0.06
9737	1493	49	3	0	0	0	52	3	0.057692307692307696
9738	1468	38	1	0	0	0	39	1	0.02564102564102564
9739	1477	45	3	0	0	0	48	3	0.0625
974	1483	58	2	0	0	0	60	2	0.03333333333333333
9740	1472	41	1	0	0	0	42	1	0.023809523809523808
9741	1483	42	2	1	0	0	45	3	0.06666666666666667
9742	1498	49	4	0	0	0	53	4	0.07547169811320754
9743	1448	49	2	1	0	0	52	3	0.057692307692307696
9744	1455	46	2	0	0	0	48	2	0.041666666666666664
9745	1467	40	2	0	0	0	42	2	0.047619047619047616
9746	1472	48	0	0	0	0	48	0	0
9747	1458	51	3	0	0	0	54	3	0.05555555555555555
9748	1465	44	2	0	0	0	46	2	0.043478260869565216
9749	1492	48	2	0	0	0	50	2	0.04
975	1452	52	3	0	0	0	55	3	0.05454545454545454
9750	1495	39	1	0	0	0	40	1	0.025
9751	1455	38	6	0	0	0	44	6	0.13636363636363635
9752	1505	38	7	0	0	0	45	7	0.15555555555555556
9753	1442	47	2	0	0	0	49	2	0.04081632653061224
9754	1458	42	5	0	0	0	47	5	0.10638297872340426
9755	1470	65	5	0	0	0	70	5	0.07142857142857142
9756	1469	45	5	0	0	0	50	5	0.1
9757	1493	50	2	0	0	0	52	2	0.038461538461538464
9758	1462	54	1	0	0	0	55	1	0.01818181818181818
9759	1478	34	1	0	0	0	35	1	0.02857142857142857
976	1493	40	4	0	0	0	44	4	0.09090909090909091
9760	1453	43	2	0	0	0	45	2	0.044444444444444446
9761	1478	49	3	0	0	0	52	3	0.057692307692307696
9762	1485	46	3	0	0	0	49	3	0.061224489795918366
9763	1497	52	1	0	0	0	53	1	0.018867924528301886
9764	1458	49	0	0	0	0	49	0	0
9765	1467	45	1	0	0	0	46	1	0.021739130434782608
9766	1493	44	1	0	0	0	45	1	0.022222222222222223
9767	1500	34	1	0	0	0	35	1	0.02857142857142857
9768	1436	40	4	0	0	0	44	4	0.09090909090909091
9769	1504	47	3	0	0	0	50	3	0.06
977	1475	54	3	1	0	0	58	4	0.06896551724137931
9770	1479	44	3	1	0	0	48	4	0.08333333333333333
9771	1471	47	3	0	0	0	50	3	0.06
9772	1461	33	3	0	0	0	36	3	0.08333333333333333
9773	1471	39	2	0	0	0	41	2	0.04878048780487805
9774	1426	43	2	0	0	0	45	2	0.044444444444444446
9775	1492	42	1	0	0	0	43	1	0.023255813953488372
9776	1497	33	1	0	0	0	34	1	0.029411764705882353
9777	1481	52	2	0	0	0	54	2	0.037037037037037035
9778	1474	38	5	0	0	0	43	5	0.11627906976744186
9779	1476	46	2	1	0	0	49	3	0.061224489795918366
978	1448	33	1	0	0	0	34	1	0.029411764705882353
9780	1499	58	3	0	0	0	61	3	0.04918032786885246
9781	1466	41	1	0	0	0	42	1	0.023809523809523808
9782	1466	46	2	0	0	0	48	2	0.041666666666666664
9783	1485	42	2	0	0	0	44	2	0.045454545454545456
9784	1445	50	4	0	0	0	54	4	0.07407407407407407
9785	1458	51	4	1	0	0	56	5	0.08928571428571429
9786	1477	38	2	0	0	0	40	2	0.05
9787	1471	41	2	0	0	0	43	2	0.046511627906976744
9788	1463	48	1	0	0	0	49	1	0.02040816326530612
9789	1474	42	3	0	0	0	45	3	0.06666666666666667
979	1470	62	4	0	0	0	66	4	0.06060606060606061
9790	1450	43	4	0	0	0	47	4	0.0851063829787234
9791	1459	44	4	0	0	0	48	4	0.08333333333333333
9792	1470	45	0	0	0	0	45	0	0
9793	1475	58	0	0	0	0	58	0	0
9794	1500	40	1	0	0	0	41	1	0.024390243902439025
9795	1514	55	3	0	0	0	58	3	0.05172413793103448
9796	1471	45	3	0	0	0	48	3	0.0625
9797	1477	49	1	0	0	0	50	1	0.02
9798	1471	48	1	0	0	0	49	1	0.02040816326530612
9799	1476	44	2	0	0	0	46	2	0.043478260869565216
98	1449	44	1	0	0	0	45	1	0.022222222222222223
980	1463	54	3	0	0	0	57	3	0.05263157894736842
9800	1487	39	2	0	0	0	41	2	0.04878048780487805
9801	1481	44	1	0	0	0	45	1	0.022222222222222223
9802	1513	32	2	0	0	0	34	2	0.058823529411764705
9803	1464	49	3	0	0	0	52	3	0.057692307692307696
9804	1487	45	2	0	0	0	47	2	0.0425531914893617
9805	1473	35	2	0	0	0	37	2	0.05405405405405406
9806	1482	40	0	0	0	0	40	0	0
9807	1486	39	3	0	0	0	42	3	0.07142857142857142
9808	1519	37	5	0	0	0	42	5	0.11904761904761904
9809	1462	39	3	0	0	0	42	3	0.07142857142857142
981	1446	55	4	0	0	0	59	4	0.06779661016949153
9810	1513	45	6	1	0	0	52	7	0.1346153846153846
9811	1462	45	4	0	0	0	49	4	0.08163265306122448
9812	1459	43	1	0	0	0	44	1	0.022727272727272728
9813	1470	45	1	0	0	0	46	1	0.021739130434782608
9814	1467	43	1	0	0	0	44	1	0.022727272727272728
9815	1466	59	5	0	0	0	64	5	0.078125
9816	1493	38	2	0	0	0	40	2	0.05
9817	1483	43	2	0	0	0	45	2	0.044444444444444446
9818	1469	34	3	1	0	0	38	4	0.10526315789473684
9819	1472	34	3	0	0	0	37	3	0.08108108108108109
982	1445	47	2	0	0	0	49	2	0.04081632653061224
9820	1480	44	4	0	0	0	48	4	0.08333333333333333
9821	1485	48	2	0	0	0	50	2	0.04
9822	1470	40	6	1	0	0	47	7	0.14893617021276595
9823	1458	45	2	0	0	0	47	2	0.0425531914893617
9824	1467	34	2	0	0	0	36	2	0.05555555555555555
9825	1449	41	2	0	0	0	43	2	0.046511627906976744
9826	1500	42	3	0	0	0	45	3	0.06666666666666667
9827	1494	48	5	0	0	0	53	5	0.09433962264150944
9828	1491	45	5	0	0	0	50	5	0.1
9829	1449	45	4	0	0	0	49	4	0.08163265306122448
983	1459	45	3	0	0	0	48	3	0.0625
9830	1472	37	3	0	0	0	40	3	0.075
9831	1468	46	2	0	0	0	48	2	0.041666666666666664
9832	1452	45	4	0	0	0	49	4	0.08163265306122448
9833	1493	52	4	0	0	0	56	4	0.07142857142857142
9834	1470	46	2	0	0	0	48	2	0.041666666666666664
9835	1497	38	5	0	0	0	43	5	0.11627906976744186
9836	1496	47	3	0	0	0	50	3	0.06
9837	1462	44	0	0	0	0	44	0	0
9838	1484	40	3	0	0	0	43	3	0.06976744186046512
9839	1503	52	3	0	0	0	55	3	0.05454545454545454
984	1485	49	3	0	0	0	52	3	0.057692307692307696
9840	1473	49	0	0	0	0	49	0	0
9841	1460	39	1	0	0	0	40	1	0.025
9842	1470	44	1	0	0	0	45	1	0.022222222222222223
9843	1508	47	1	2	0	0	50	3	0.06
9844	1492	43	3	0	0	0	46	3	0.06521739130434782
9845	1489	50	2	0	0	0	52	2	0.038461538461538464
9846	1451	49	1	0	0	0	50	1	0.02
9847	1460	46	5	0	0	0	51	5	0.09803921568627451
9848	1482	56	2	0	0	0	58	2	0.034482758620689655
9849	1477	37	4	0	0	0	41	4	0.0975609756097561
985	1445	47	4	0	0	0	51	4	0.0784313725490196
9850	1470	44	2	0	0	0	46	2	0.043478260869565216
9851	1468	40	3	0	0	0	43	3	0.06976744186046512
9852	1471	51	3	0	0	0	54	3	0.05555555555555555
9853	1476	39	3	0	0	0	42	3	0.07142857142857142
9854	1476	46	3	0	0	0	49	3	0.061224489795918366
9855	1485	43	3	0	0	0	46	3	0.06521739130434782
9856	1485	40	1	0	0	0	41	1	0.024390243902439025
9857	1467	31	2	0	1	0	34	3	0.08823529411764706
9858	1443	44	3	0	0	0	47	3	0.06382978723404255
9859	1478	49	3	0	0	0	52	3	0.057692307692307696
986	1450	41	2	0	0	0	43	2	0.046511627906976744
9860	1500	37	2	0	0	0	39	2	0.05128205128205128
9861	1461	35	5	0	0	0	40	5	0.125
9862	1489	53	4	0	0	0	57	4	0.07017543859649122
9863	1466	35	2	0	0	0	37	2	0.05405405405405406
9864	1452	38	3	0	0	0	41	3	0.07317073170731707
9865	1445	45	2	0	0	0	47	2	0.0425531914893617
9866	1478	38	7	0	0	0	45	7	0.15555555555555556
9867	1466	40	2	0	0	0	42	2	0.047619047619047616
9868	1498	47	1	0	0	0	48	1	0.020833333333333332
9869	1512	43	3	0	0	0	46	3	0.06521739130434782
987	1480	46	2	0	0	0	48	2	0.041666666666666664
9870	1463	49	1	0	0	0	50	1	0.02
9871	1460	56	3	0	0	0	59	3	0.05084745762711865
9872	1470	63	0	0	0	0	63	0	0
9873	1488	45	0	0	0	0	45	0	0
9874	1456	38	3	0	0	0	41	3	0.07317073170731707
9875	1450	43	0	0	0	0	43	0	0
9876	1442	46	2	0	0	0	48	2	0.041666666666666664
9877	1482	35	2	0	0	0	37	2	0.05405405405405406
9878	1488	46	3	0	0	0	49	3	0.061224489795918366
9879	1473	46	1	0	0	0	47	1	0.02127659574468085
988	1490	49	3	0	0	0	52	3	0.057692307692307696
9880	1495	43	2	0	0	0	45	2	0.044444444444444446
9881	1476	62	6	0	0	0	68	6	0.08823529411764706
9882	1457	33	4	0	0	0	37	4	0.10810810810810811
9883	1488	58	0	0	0	0	58	0	0
9884	1490	48	2	0	0	0	50	2	0.04
9885	1446	36	1	0	0	0	37	1	0.02702702702702703
9886	1474	57	2	0	0	0	59	2	0.03389830508474576
9887	1479	48	2	0	0	0	50	2	0.04
9888	1490	46	2	0	0	0	48	2	0.041666666666666664
9889	1497	52	3	1	0	0	56	4	0.07142857142857142
989	1498	49	2	0	0	0	51	2	0.0392156862745098
9890	1450	50	1	0	0	0	51	1	0.0196078431372549
9891	1452	49	2	0	0	0	51	2	0.0392156862745098
9892	1472	55	1	0	0	0	56	1	0.017857142857142856
9893	1505	45	2	0	0	0	47	2	0.0425531914893617
9894	1506	46	2	1	0	0	49	3	0.061224489795918366
9895	1512	50	1	0	0	0	51	1	0.0196078431372549
9896	1452	44	2	0	0	0	46	2	0.043478260869565216
9897	1472	51	1	0	0	0	52	1	0.019230769230769232
9898	1463	42	0	0	0	0	42	0	0
9899	1465	43	2	0	0	0	45	2	0.044444444444444446
99	1498	38	2	0	0	0	40	2	0.05
990	1495	45	0	0	0	0	45	0	0
9900	1448	38	0	0	0	0	38	0	0
9901	1496	52	4	0	0	0	56	4	0.07142857142857142
9902	1475	56	4	0	0	0	60	4	0.06666666666666667
9903	1472	43	4	0	0	0	47	4	0.0851063829787234
9904	1454	47	3	2	0	0	52	5	0.09615384615384616
9905	1479	46	5	0	0	0	51	5	0.09803921568627451
9906	1445	52	2	0	0	0	54	2	0.037037037037037035
9907	1478	52	6	1	0	0	59	7	0.11864406779661017
9908	1475	33	4	0	0	0	37	4	0.10810810810810811
9909	1482	50	5	0	0	0	55	5	0.09090909090909091
991	1475	46	1	0	0	0	47	1	0.02127659574468085
9910	1473	55	1	0	0	0	56	1	0.017857142857142856
9911	1476	38	3	0	0	0	41	3	0.07317073170731707
9912	1505	42	1	0	0	0	43	1	0.023255813953488372
9913	1487	44	1	0	0	0	45	1	0.022222222222222223
9914	1456	43	2	0	0	0	45	2	0.044444444444444446
9915	1490	45	4	0	0	0	49	4	0.08163265306122448
9916	1482	52	2	0	0	0	54	2	0.037037037037037035
9917	1476	47	0	0	0	0	47	0	0
9918	1486	49	7	0	0	0	56	7	0.125
9919	1473	44	2	0	0	0	46	2	0.043478260869565216
992	1485	41	6	0	0	0	47	6	0.1276595744680851
9920	1458	47	2	0	0	0	49	2	0.04081632653061224
9921	1477	34	5	0	0	0	39	5	0.1282051282051282
9922	1465	38	4	0	0	0	42	4	0.09523809523809523
9923	1479	47	1	0	0	0	48	1	0.020833333333333332
9924	1465	45	6	0	0	0	51	6	0.11764705882352941
9925	1479	37	3	0	0	0	40	3	0.075
9926	1479	47	3	0	0	0	50	3	0.06
9927	1477	46	2	0	0	0	48	2	0.041666666666666664
9928	1488	30	0	1	0	0	31	1	0.03225806451612903
9929	1456	58	2	0	0	0	60	2	0.03333333333333333
993	1454	48	3	0	0	0	51	3	0.058823529411764705
9930	1494	40	1	0	0	0	41	1	0.024390243902439025
9931	1487	38	2	0	0	0	40	2	0.05
9932	1469	34	0	0	0	0	34	0	0
9933	1480	52	2	0	0	0	54	2	0.037037037037037035
9934	1489	37	2	0	0	0	39	2	0.05128205128205128
9935	1481	53	1	0	0	0	54	1	0.018518518518518517
9936	1477	56	1	0	0	0	57	1	0.017543859649122806
9937	1495	46	1	0	0	0	47	1	0.02127659574468085
9938	1468	41	3	0	0	0	44	3	0.06818181818181818
9939	1467	43	3	0	0	0	46	3	0.06521739130434782
994	1474	42	5	0	0	0	47	5	0.10638297872340426
9940	1488	41	3	0	0	0	44	3	0.06818181818181818
9941	1498	59	3	1	0	0	63	4	0.06349206349206349
9942	1510	35	1	1	0	0	37	2	0.05405405405405406
9943	1453	48	1	0	0	0	49	1	0.02040816326530612
9944	1466	46	6	0	0	0	52	6	0.11538461538461539
9945	1481	41	2	0	0	0	43	2	0.046511627906976744
9946	1487	42	2	0	0	0	44	2	0.045454545454545456
9947	1482	38	1	0	0	0	39	1	0.02564102564102564
9948	1482	49	4	0	0	0	53	4	0.07547169811320754
9949	1510	51	4	1	0	0	56	5	0.08928571428571429
995	1481	44	1	0	0	0	45	1	0.022222222222222223
9950	1468	43	4	0	0	0	47	4	0.0851063829787234
9951	1464	57	1	0	0	0	58	1	0.017241379310344827
9952	1482	38	4	0	0	0	42	4	0.09523809523809523
9953	1481	53	2	0	0	0	55	2	0.03636363636363636
9954	1517	39	3	0	0	0	42	3	0.07142857142857142
9955	1476	40	3	0	0	0	43	3	0.06976744186046512
9956	1490	51	4	0	0	0	55	4	0.07272727272727272
9957	1502	44	6	0	0	0	50	6	0.12
9958	1507	31	4	0	0	0	35	4	0.11428571428571428
9959	1465	50	1	0	0	0	51	1	0.0196078431372549
996	1474	52	5	0	0	0	57	5	0.08771929824561403
9960	1467	62	5	0	0	0	67	5	0.07462686567164178
9961	1444	45	2	1	0	0	48	3	0.0625
9962	1487	37	2	0	0	0	39	2	0.05128205128205128
9963	1459	46	5	0	0	0	51	5	0.09803921568627451
9964	1478	38	5	0	0	0	43	5	0.11627906976744186
9965	1467	48	3	0	0	0	51	3	0.058823529411764705
9966	1455	45	2	0	0	0	47	2	0.0425531914893617
9967	1472	42	3	0	0	0	45	3	0.06666666666666667
9968	1499	38	2	0	0	0	40	2	0.05
9969	1466	31	1	0	0	0	32	1	0.03125
997	1509	39	0	0	0	0	39	0	0
9970	1466	50	2	0	0	0	52	2	0.038461538461538464
9971	1516	42	1	0	0	0	43	1	0.023255813953488372
9972	1472	48	1	0	0	0	49	1	0.02040816326530612
9973	1483	55	1	0	0	0	56	1	0.017857142857142856
9974	1458	39	6	0	0	0	45	6	0.13333333333333333
9975	1524	49	4	0	0	0	53	4	0.07547169811320754
9976	1466	49	4	0	0	0	53	4	0.07547169811320754
9977	1503	37	4	0	0	0	41	4	0.0975609756097561
9978	1456	52	2	0	0	0	54	2	0.037037037037037035
9979	1510	40	0	0	0	0	40	0	0
998	1482	48	0	0	0	0	48	0	0
9980	1472	38	3	0	0	0	41	3	0.07317073170731707
9981	1464	50	2	0	0	0	52	2	0.038461538461538464
9982	1466	53	5	0	0	0	58	5	0.08620689655172414
9983	1487	45	1	0	0	0	46	1	0.021739130434782608
9984	1456	40	1	0	0	0	41	1	0.024390243902439025
9985	1463	55	2	0	0	0	57	2	0.03508771929824561
9986	1513	38	3	0	0	0	41	3	0.07317073170731707
9987	1494	46	2	0	0	0	48	2	0.041666666666666664
9988	1463	46	2	0	0	0	48	2	0.041666666666666664
9989	1473	45	2	0	0	0	47	2	0.0425531914893617
999	1463	29	1	0	0	0	30	1	0.03333333333333333
9990	1484	45	1	0	0	0	46	1	0.021739130434782608
9991	1468	55	1	0	0	0	56	1	0.017857142857142856
9992	1478	31	4	0	0	0	35	4	0.11428571428571428
9993	1459	47	2	0	0	0	49	2	0.04081632653061224
9994	1458	41	3	1	0	0	45	4	0.08888888888888889
9995	1457	51	5	0	0	0	56	5	0.08928571428571429
9996	1456	51	1	0	0	0	52	1	0.019230769230769232
9997	1489	46	3	0	0	0	49	3	0.061224489795918366
9998	1491	43	1	0	0	0	44	1	0.022727272727272728
9999	1460	47	0	0	0	0	47	0	0
