rep	ct0	ct1	ct2	ct3	ct4	selected	convergent	rel_conv
1	5525	65	3	0	0	68	3	0.04411764705882353
10	5534	49	4	0	0	53	4	0.07547169811320754
100	5509	64	0	0	0	64	0	0
1000	5564	44	2	0	0	46	2	0.043478260869565216
10000	5503	51	3	0	0	54	3	0.05555555555555555
1001	5503	56	3	0	0	59	3	0.05084745762711865
1002	5535	50	1	0	0	51	1	0.0196078431372549
1003	5573	51	1	0	0	52	1	0.019230769230769232
1004	5558	52	2	0	0	54	2	0.037037037037037035
1005	5550	64	1	0	0	65	1	0.015384615384615385
1006	5566	58	2	1	0	61	3	0.04918032786885246
1007	5534	63	4	0	0	67	4	0.05970149253731343
1008	5486	55	1	1	0	57	2	0.03508771929824561
1009	5496	48	1	0	0	49	1	0.02040816326530612
101	5554	61	1	0	0	62	1	0.016129032258064516
1010	5506	60	2	0	0	62	2	0.03225806451612903
1011	5535	49	0	0	0	49	0	0
1012	5532	51	3	0	0	54	3	0.05555555555555555
1013	5508	57	2	0	0	59	2	0.03389830508474576
1014	5552	66	0	0	0	66	0	0
1015	5539	40	1	0	0	41	1	0.024390243902439025
1016	5554	46	4	0	0	50	4	0.08
1017	5513	69	0	0	0	69	0	0
1018	5525	70	4	0	0	74	4	0.05405405405405406
1019	5547	52	2	0	0	54	2	0.037037037037037035
102	5537	62	2	0	0	64	2	0.03125
1020	5546	54	2	0	0	56	2	0.03571428571428571
1021	5550	61	0	0	0	61	0	0
1022	5495	56	1	0	0	57	1	0.017543859649122806
1023	5542	43	1	0	0	44	1	0.022727272727272728
1024	5572	58	2	0	0	60	2	0.03333333333333333
1025	5508	55	3	0	0	58	3	0.05172413793103448
1026	5510	64	1	0	0	65	1	0.015384615384615385
1027	5560	72	1	0	0	73	1	0.0136986301369863
1028	5497	55	2	0	0	57	2	0.03508771929824561
1029	5521	57	1	0	0	58	1	0.017241379310344827
103	5501	54	0	0	0	54	0	0
1030	5546	49	5	1	0	55	6	0.10909090909090909
1031	5527	50	1	0	0	51	1	0.0196078431372549
1032	5560	49	0	0	0	49	0	0
1033	5590	61	1	0	0	62	1	0.016129032258064516
1034	5535	52	3	0	0	55	3	0.05454545454545454
1035	5508	61	3	0	0	64	3	0.046875
1036	5534	56	2	0	0	58	2	0.034482758620689655
1037	5546	48	2	0	0	50	2	0.04
1038	5462	57	1	0	0	58	1	0.017241379310344827
1039	5526	62	1	0	0	63	1	0.015873015873015872
104	5517	60	2	0	0	62	2	0.03225806451612903
1040	5537	56	4	0	0	60	4	0.06666666666666667
1041	5531	61	3	0	0	64	3	0.046875
1042	5509	57	1	0	0	58	1	0.017241379310344827
1043	5575	60	1	0	0	61	1	0.01639344262295082
1044	5552	52	1	1	0	54	2	0.037037037037037035
1045	5540	46	1	0	0	47	1	0.02127659574468085
1046	5555	42	1	0	0	43	1	0.023255813953488372
1047	5541	55	2	0	0	57	2	0.03508771929824561
1048	5564	53	1	0	0	54	1	0.018518518518518517
1049	5505	57	1	0	0	58	1	0.017241379310344827
105	5542	54	1	0	0	55	1	0.01818181818181818
1050	5506	47	2	0	0	49	2	0.04081632653061224
1051	5525	60	1	0	0	61	1	0.01639344262295082
1052	5549	45	2	0	0	47	2	0.0425531914893617
1053	5523	45	3	0	0	48	3	0.0625
1054	5540	48	1	0	0	49	1	0.02040816326530612
1055	5552	59	1	0	0	60	1	0.016666666666666666
1056	5531	61	2	0	0	63	2	0.031746031746031744
1057	5569	61	1	0	0	62	1	0.016129032258064516
1058	5576	56	4	0	0	60	4	0.06666666666666667
1059	5531	57	2	0	0	59	2	0.03389830508474576
106	5506	50	2	0	0	52	2	0.038461538461538464
1060	5515	70	2	0	0	72	2	0.027777777777777776
1061	5536	67	3	0	0	70	3	0.04285714285714286
1062	5584	42	1	0	0	43	1	0.023255813953488372
1063	5533	58	2	0	0	60	2	0.03333333333333333
1064	5504	43	2	0	0	45	2	0.044444444444444446
1065	5523	48	0	0	0	48	0	0
1066	5502	65	2	0	0	67	2	0.029850746268656716
1067	5537	55	1	0	0	56	1	0.017857142857142856
1068	5538	45	0	0	0	45	0	0
1069	5524	63	1	0	0	64	1	0.015625
107	5558	58	2	0	0	60	2	0.03333333333333333
1070	5538	58	1	0	0	59	1	0.01694915254237288
1071	5531	57	0	0	0	57	0	0
1072	5538	50	2	1	0	53	3	0.05660377358490566
1073	5571	54	3	0	0	57	3	0.05263157894736842
1074	5554	40	2	0	0	42	2	0.047619047619047616
1075	5535	56	2	0	0	58	2	0.034482758620689655
1076	5521	55	1	0	0	56	1	0.017857142857142856
1077	5525	57	2	0	0	59	2	0.03389830508474576
1078	5539	56	1	0	0	57	1	0.017543859649122806
1079	5566	51	1	0	0	52	1	0.019230769230769232
108	5513	54	0	0	0	54	0	0
1080	5525	56	2	0	0	58	2	0.034482758620689655
1081	5520	54	4	0	0	58	4	0.06896551724137931
1082	5546	51	0	0	0	51	0	0
1083	5518	51	1	0	0	52	1	0.019230769230769232
1084	5566	58	0	0	0	58	0	0
1085	5573	56	0	0	0	56	0	0
1086	5578	32	1	0	0	33	1	0.030303030303030304
1087	5514	58	0	0	0	58	0	0
1088	5528	59	3	0	0	62	3	0.04838709677419355
1089	5548	47	2	0	0	49	2	0.04081632653061224
109	5492	60	2	0	0	62	2	0.03225806451612903
1090	5538	56	5	0	0	61	5	0.08196721311475409
1091	5541	58	2	0	0	60	2	0.03333333333333333
1092	5529	66	3	0	0	69	3	0.043478260869565216
1093	5542	65	2	0	0	67	2	0.029850746268656716
1094	5545	59	1	0	0	60	1	0.016666666666666666
1095	5498	61	2	0	0	63	2	0.031746031746031744
1096	5547	61	3	0	0	64	3	0.046875
1097	5615	48	1	0	0	49	1	0.02040816326530612
1098	5535	52	4	0	0	56	4	0.07142857142857142
1099	5509	52	1	0	0	53	1	0.018867924528301886
11	5514	49	0	0	0	49	0	0
110	5530	62	3	0	0	65	3	0.046153846153846156
1100	5551	56	0	0	0	56	0	0
1101	5515	52	1	0	0	53	1	0.018867924528301886
1102	5524	63	1	0	0	64	1	0.015625
1103	5561	49	0	0	0	49	0	0
1104	5561	49	2	0	0	51	2	0.0392156862745098
1105	5504	51	1	0	0	52	1	0.019230769230769232
1106	5541	48	0	0	0	48	0	0
1107	5540	51	2	0	0	53	2	0.03773584905660377
1108	5513	57	6	0	0	63	6	0.09523809523809523
1109	5553	47	4	0	0	51	4	0.0784313725490196
111	5535	57	0	0	0	57	0	0
1110	5507	60	1	0	0	61	1	0.01639344262295082
1111	5516	67	3	0	0	70	3	0.04285714285714286
1112	5519	73	2	0	0	75	2	0.02666666666666667
1113	5535	52	0	0	0	52	0	0
1114	5555	44	1	0	0	45	1	0.022222222222222223
1115	5512	46	3	0	0	49	3	0.061224489795918366
1116	5567	48	0	0	0	48	0	0
1117	5501	51	1	0	0	52	1	0.019230769230769232
1118	5538	52	3	0	0	55	3	0.05454545454545454
1119	5496	59	1	0	0	60	1	0.016666666666666666
112	5529	56	1	0	0	57	1	0.017543859649122806
1120	5508	46	3	0	0	49	3	0.061224489795918366
1121	5541	50	1	0	0	51	1	0.0196078431372549
1122	5526	66	0	0	0	66	0	0
1123	5546	68	3	0	0	71	3	0.04225352112676056
1124	5548	58	1	0	0	59	1	0.01694915254237288
1125	5513	58	1	0	0	59	1	0.01694915254237288
1126	5524	47	2	0	0	49	2	0.04081632653061224
1127	5552	44	2	0	0	46	2	0.043478260869565216
1128	5537	64	3	1	0	68	4	0.058823529411764705
1129	5517	68	3	0	0	71	3	0.04225352112676056
113	5558	57	0	0	0	57	0	0
1130	5538	53	2	0	0	55	2	0.03636363636363636
1131	5508	41	2	0	0	43	2	0.046511627906976744
1132	5562	58	0	0	0	58	0	0
1133	5565	62	0	0	0	62	0	0
1134	5553	67	1	0	0	68	1	0.014705882352941176
1135	5529	59	3	0	0	62	3	0.04838709677419355
1136	5563	50	0	0	0	50	0	0
1137	5527	73	2	0	0	75	2	0.02666666666666667
1138	5528	46	1	0	0	47	1	0.02127659574468085
1139	5528	65	1	0	0	66	1	0.015151515151515152
114	5507	54	1	0	0	55	1	0.01818181818181818
1140	5506	60	1	0	0	61	1	0.01639344262295082
1141	5506	50	1	0	0	51	1	0.0196078431372549
1142	5555	52	2	0	0	54	2	0.037037037037037035
1143	5532	63	2	0	0	65	2	0.03076923076923077
1144	5536	52	1	0	0	53	1	0.018867924528301886
1145	5513	57	1	0	0	58	1	0.017241379310344827
1146	5536	44	2	0	0	46	2	0.043478260869565216
1147	5555	64	1	0	0	65	1	0.015384615384615385
1148	5504	62	3	0	0	65	3	0.046153846153846156
1149	5547	52	4	0	0	56	4	0.07142857142857142
115	5541	53	0	0	0	53	0	0
1150	5563	53	1	0	0	54	1	0.018518518518518517
1151	5538	48	1	0	0	49	1	0.02040816326530612
1152	5539	51	0	0	0	51	0	0
1153	5515	46	5	0	0	51	5	0.09803921568627451
1154	5534	39	0	0	0	39	0	0
1155	5516	52	1	0	0	53	1	0.018867924528301886
1156	5506	62	2	0	0	64	2	0.03125
1157	5542	59	1	0	0	60	1	0.016666666666666666
1158	5512	61	2	0	0	63	2	0.031746031746031744
1159	5526	55	2	0	0	57	2	0.03508771929824561
116	5511	37	1	0	0	38	1	0.02631578947368421
1160	5525	57	3	0	0	60	3	0.05
1161	5521	54	3	0	0	57	3	0.05263157894736842
1162	5553	54	3	0	0	57	3	0.05263157894736842
1163	5529	43	2	0	0	45	2	0.044444444444444446
1164	5494	49	4	0	0	53	4	0.07547169811320754
1165	5496	57	3	0	0	60	3	0.05
1166	5533	58	4	0	0	62	4	0.06451612903225806
1167	5550	55	0	0	0	55	0	0
1168	5484	58	1	0	0	59	1	0.01694915254237288
1169	5571	41	2	0	0	43	2	0.046511627906976744
117	5550	44	1	0	0	45	1	0.022222222222222223
1170	5538	56	3	0	0	59	3	0.05084745762711865
1171	5534	62	2	0	0	64	2	0.03125
1172	5566	51	0	0	0	51	0	0
1173	5550	43	2	0	0	45	2	0.044444444444444446
1174	5507	63	0	0	0	63	0	0
1175	5522	62	1	0	0	63	1	0.015873015873015872
1176	5493	52	1	0	0	53	1	0.018867924528301886
1177	5508	60	2	0	0	62	2	0.03225806451612903
1178	5524	58	2	0	0	60	2	0.03333333333333333
1179	5570	46	0	0	0	46	0	0
118	5538	53	1	0	0	54	1	0.018518518518518517
1180	5504	37	0	0	0	37	0	0
1181	5504	56	0	0	0	56	0	0
1182	5569	55	2	0	0	57	2	0.03508771929824561
1183	5540	50	1	0	0	51	1	0.0196078431372549
1184	5562	53	1	0	0	54	1	0.018518518518518517
1185	5540	51	2	0	0	53	2	0.03773584905660377
1186	5545	51	4	0	0	55	4	0.07272727272727272
1187	5493	49	2	0	0	51	2	0.0392156862745098
1188	5535	50	2	0	0	52	2	0.038461538461538464
1189	5552	48	1	0	0	49	1	0.02040816326530612
119	5496	55	0	0	0	55	0	0
1190	5571	58	0	0	0	58	0	0
1191	5569	50	1	0	0	51	1	0.0196078431372549
1192	5514	46	2	0	0	48	2	0.041666666666666664
1193	5514	42	0	0	0	42	0	0
1194	5526	45	1	0	0	46	1	0.021739130434782608
1195	5557	58	6	0	0	64	6	0.09375
1196	5555	52	2	1	0	55	3	0.05454545454545454
1197	5528	57	1	0	0	58	1	0.017241379310344827
1198	5514	41	1	0	0	42	1	0.023809523809523808
1199	5506	61	0	0	0	61	0	0
12	5516	53	1	0	0	54	1	0.018518518518518517
120	5501	59	3	0	0	62	3	0.04838709677419355
1200	5542	52	0	0	0	52	0	0
1201	5557	66	3	0	0	69	3	0.043478260869565216
1202	5560	55	1	0	0	56	1	0.017857142857142856
1203	5571	55	1	0	0	56	1	0.017857142857142856
1204	5544	52	2	0	0	54	2	0.037037037037037035
1205	5529	56	2	0	0	58	2	0.034482758620689655
1206	5568	62	2	0	0	64	2	0.03125
1207	5521	54	1	0	0	55	1	0.01818181818181818
1208	5571	58	2	0	0	60	2	0.03333333333333333
1209	5537	47	2	0	0	49	2	0.04081632653061224
121	5541	67	1	0	0	68	1	0.014705882352941176
1210	5564	65	2	1	0	68	3	0.04411764705882353
1211	5540	54	2	0	0	56	2	0.03571428571428571
1212	5555	51	1	1	0	53	2	0.03773584905660377
1213	5532	57	0	0	0	57	0	0
1214	5534	52	2	0	0	54	2	0.037037037037037035
1215	5531	63	2	0	0	65	2	0.03076923076923077
1216	5569	50	4	0	0	54	4	0.07407407407407407
1217	5531	54	0	0	0	54	0	0
1218	5530	58	2	0	0	60	2	0.03333333333333333
1219	5540	53	2	0	0	55	2	0.03636363636363636
122	5541	62	4	0	0	66	4	0.06060606060606061
1220	5474	52	0	0	0	52	0	0
1221	5557	51	2	0	0	53	2	0.03773584905660377
1222	5556	61	4	0	0	65	4	0.06153846153846154
1223	5540	57	2	0	0	59	2	0.03389830508474576
1224	5532	51	1	0	0	52	1	0.019230769230769232
1225	5554	56	0	0	0	56	0	0
1226	5493	63	3	0	0	66	3	0.045454545454545456
1227	5580	50	4	0	0	54	4	0.07407407407407407
1228	5548	45	2	0	0	47	2	0.0425531914893617
1229	5557	49	1	0	0	50	1	0.02
123	5489	49	3	0	0	52	3	0.057692307692307696
1230	5529	48	1	0	0	49	1	0.02040816326530612
1231	5539	50	2	0	0	52	2	0.038461538461538464
1232	5550	47	3	0	0	50	3	0.06
1233	5503	44	1	0	0	45	1	0.022222222222222223
1234	5524	53	3	0	0	56	3	0.05357142857142857
1235	5555	54	2	0	0	56	2	0.03571428571428571
1236	5501	63	1	0	0	64	1	0.015625
1237	5532	49	2	0	0	51	2	0.0392156862745098
1238	5538	58	2	0	0	60	2	0.03333333333333333
1239	5538	52	2	0	0	54	2	0.037037037037037035
124	5523	54	2	1	0	57	3	0.05263157894736842
1240	5543	58	0	0	0	58	0	0
1241	5535	46	1	0	0	47	1	0.02127659574468085
1242	5537	50	2	0	0	52	2	0.038461538461538464
1243	5521	56	0	0	0	56	0	0
1244	5541	47	0	0	0	47	0	0
1245	5539	53	0	0	0	53	0	0
1246	5536	51	1	0	0	52	1	0.019230769230769232
1247	5550	54	1	0	0	55	1	0.01818181818181818
1248	5519	58	2	0	0	60	2	0.03333333333333333
1249	5542	54	0	0	0	54	0	0
125	5508	52	1	0	0	53	1	0.018867924528301886
1250	5526	54	2	0	0	56	2	0.03571428571428571
1251	5550	69	0	0	0	69	0	0
1252	5540	63	4	0	0	67	4	0.05970149253731343
1253	5521	50	3	0	0	53	3	0.05660377358490566
1254	5522	46	1	0	0	47	1	0.02127659574468085
1255	5522	51	1	0	0	52	1	0.019230769230769232
1256	5526	55	1	1	0	57	2	0.03508771929824561
1257	5545	44	2	0	0	46	2	0.043478260869565216
1258	5525	48	1	0	0	49	1	0.02040816326530612
1259	5504	67	2	0	0	69	2	0.028985507246376812
126	5557	53	1	0	0	54	1	0.018518518518518517
1260	5476	41	2	0	0	43	2	0.046511627906976744
1261	5536	60	0	0	0	60	0	0
1262	5517	47	3	0	0	50	3	0.06
1263	5525	51	1	0	0	52	1	0.019230769230769232
1264	5526	51	2	0	0	53	2	0.03773584905660377
1265	5508	58	3	0	0	61	3	0.04918032786885246
1266	5539	53	4	0	0	57	4	0.07017543859649122
1267	5542	57	1	0	0	58	1	0.017241379310344827
1268	5528	47	0	0	0	47	0	0
1269	5534	58	3	0	0	61	3	0.04918032786885246
127	5517	41	4	0	0	45	4	0.08888888888888889
1270	5505	49	2	0	0	51	2	0.0392156862745098
1271	5522	58	1	0	0	59	1	0.01694915254237288
1272	5551	57	0	0	0	57	0	0
1273	5526	69	6	0	0	75	6	0.08
1274	5492	59	2	0	0	61	2	0.03278688524590164
1275	5499	49	1	0	0	50	1	0.02
1276	5492	62	0	0	0	62	0	0
1277	5545	47	1	0	0	48	1	0.020833333333333332
1278	5541	51	1	0	0	52	1	0.019230769230769232
1279	5537	60	3	0	0	63	3	0.047619047619047616
128	5525	61	2	0	0	63	2	0.031746031746031744
1280	5532	64	2	0	0	66	2	0.030303030303030304
1281	5583	54	2	0	0	56	2	0.03571428571428571
1282	5554	42	2	0	0	44	2	0.045454545454545456
1283	5504	53	0	1	0	54	1	0.018518518518518517
1284	5533	57	1	0	0	58	1	0.017241379310344827
1285	5546	61	3	0	0	64	3	0.046875
1286	5537	59	1	0	0	60	1	0.016666666666666666
1287	5522	43	5	0	0	48	5	0.10416666666666667
1288	5507	54	0	0	0	54	0	0
1289	5533	57	1	0	0	58	1	0.017241379310344827
129	5549	50	0	0	0	50	0	0
1290	5524	55	0	0	0	55	0	0
1291	5576	59	0	0	0	59	0	0
1292	5473	51	1	0	0	52	1	0.019230769230769232
1293	5540	46	1	0	0	47	1	0.02127659574468085
1294	5538	54	0	0	0	54	0	0
1295	5558	61	0	0	0	61	0	0
1296	5521	47	0	0	0	47	0	0
1297	5566	49	2	0	0	51	2	0.0392156862745098
1298	5563	55	2	0	0	57	2	0.03508771929824561
1299	5524	51	1	0	0	52	1	0.019230769230769232
13	5551	52	1	0	0	53	1	0.018867924528301886
130	5561	59	0	0	0	59	0	0
1300	5547	60	3	0	0	63	3	0.047619047619047616
1301	5531	51	2	0	0	53	2	0.03773584905660377
1302	5530	53	4	0	0	57	4	0.07017543859649122
1303	5569	56	3	0	0	59	3	0.05084745762711865
1304	5573	37	1	0	0	38	1	0.02631578947368421
1305	5530	54	4	0	0	58	4	0.06896551724137931
1306	5537	62	1	0	0	63	1	0.015873015873015872
1307	5524	45	2	0	0	47	2	0.0425531914893617
1308	5541	57	2	0	0	59	2	0.03389830508474576
1309	5532	45	2	0	0	47	2	0.0425531914893617
131	5584	55	1	0	0	56	1	0.017857142857142856
1310	5531	57	2	0	0	59	2	0.03389830508474576
1311	5564	58	4	0	0	62	4	0.06451612903225806
1312	5567	49	0	1	0	50	1	0.02
1313	5550	40	0	0	0	40	0	0
1314	5537	55	3	0	0	58	3	0.05172413793103448
1315	5506	61	2	0	0	63	2	0.031746031746031744
1316	5533	47	1	0	0	48	1	0.020833333333333332
1317	5558	53	5	0	0	58	5	0.08620689655172414
1318	5545	47	2	0	0	49	2	0.04081632653061224
1319	5547	62	2	0	0	64	2	0.03125
132	5539	49	4	0	0	53	4	0.07547169811320754
1320	5525	45	0	0	0	45	0	0
1321	5490	62	1	0	0	63	1	0.015873015873015872
1322	5520	48	4	0	0	52	4	0.07692307692307693
1323	5536	51	4	0	0	55	4	0.07272727272727272
1324	5521	56	0	0	0	56	0	0
1325	5473	62	3	0	0	65	3	0.046153846153846156
1326	5497	50	0	0	0	50	0	0
1327	5544	58	1	0	0	59	1	0.01694915254237288
1328	5530	63	2	0	0	65	2	0.03076923076923077
1329	5507	66	0	0	0	66	0	0
133	5536	68	2	0	0	70	2	0.02857142857142857
1330	5580	63	1	0	0	64	1	0.015625
1331	5514	61	1	0	0	62	1	0.016129032258064516
1332	5525	52	0	0	0	52	0	0
1333	5532	53	0	0	0	53	0	0
1334	5542	56	1	0	0	57	1	0.017543859649122806
1335	5550	51	2	0	0	53	2	0.03773584905660377
1336	5557	54	2	0	0	56	2	0.03571428571428571
1337	5521	44	5	0	0	49	5	0.10204081632653061
1338	5531	52	0	0	0	52	0	0
1339	5549	40	3	0	0	43	3	0.06976744186046512
134	5494	62	2	0	0	64	2	0.03125
1340	5539	49	3	0	0	52	3	0.057692307692307696
1341	5515	57	3	0	0	60	3	0.05
1342	5507	51	5	0	0	56	5	0.08928571428571429
1343	5563	52	0	0	0	52	0	0
1344	5547	48	0	0	0	48	0	0
1345	5531	66	2	0	0	68	2	0.029411764705882353
1346	5535	53	1	0	0	54	1	0.018518518518518517
1347	5553	49	0	0	0	49	0	0
1348	5517	55	1	0	0	56	1	0.017857142857142856
1349	5517	50	1	0	0	51	1	0.0196078431372549
135	5535	59	0	0	0	59	0	0
1350	5524	58	2	0	0	60	2	0.03333333333333333
1351	5531	49	0	0	0	49	0	0
1352	5537	57	1	0	0	58	1	0.017241379310344827
1353	5557	54	1	0	0	55	1	0.01818181818181818
1354	5531	46	0	0	0	46	0	0
1355	5563	46	2	0	0	48	2	0.041666666666666664
1356	5530	59	3	0	0	62	3	0.04838709677419355
1357	5551	58	2	0	0	60	2	0.03333333333333333
1358	5547	48	1	0	0	49	1	0.02040816326530612
1359	5547	53	1	0	0	54	1	0.018518518518518517
136	5518	58	0	0	0	58	0	0
1360	5504	77	2	0	0	79	2	0.02531645569620253
1361	5541	60	2	0	0	62	2	0.03225806451612903
1362	5575	56	1	0	0	57	1	0.017543859649122806
1363	5579	60	1	0	0	61	1	0.01639344262295082
1364	5538	55	3	0	0	58	3	0.05172413793103448
1365	5576	47	2	0	0	49	2	0.04081632653061224
1366	5536	55	1	0	0	56	1	0.017857142857142856
1367	5506	51	2	0	0	53	2	0.03773584905660377
1368	5534	56	4	1	0	61	5	0.08196721311475409
1369	5533	52	3	0	0	55	3	0.05454545454545454
137	5565	43	0	0	0	43	0	0
1370	5525	61	0	0	0	61	0	0
1371	5541	50	0	0	0	50	0	0
1372	5556	46	2	0	0	48	2	0.041666666666666664
1373	5559	47	0	0	0	47	0	0
1374	5508	53	2	0	0	55	2	0.03636363636363636
1375	5518	34	4	0	0	38	4	0.10526315789473684
1376	5540	54	2	0	0	56	2	0.03571428571428571
1377	5563	48	3	0	0	51	3	0.058823529411764705
1378	5548	67	2	0	0	69	2	0.028985507246376812
1379	5508	62	3	0	0	65	3	0.046153846153846156
138	5523	65	3	0	0	68	3	0.04411764705882353
1380	5526	50	0	0	0	50	0	0
1381	5574	58	4	0	0	62	4	0.06451612903225806
1382	5547	64	1	0	0	65	1	0.015384615384615385
1383	5508	53	0	0	0	53	0	0
1384	5562	62	1	0	0	63	1	0.015873015873015872
1385	5528	55	4	0	0	59	4	0.06779661016949153
1386	5519	58	2	0	0	60	2	0.03333333333333333
1387	5544	54	2	0	0	56	2	0.03571428571428571
1388	5558	53	1	0	0	54	1	0.018518518518518517
1389	5515	55	1	0	0	56	1	0.017857142857142856
139	5512	48	0	0	0	48	0	0
1390	5521	43	1	0	0	44	1	0.022727272727272728
1391	5521	53	1	0	0	54	1	0.018518518518518517
1392	5534	53	2	0	0	55	2	0.03636363636363636
1393	5509	52	6	0	0	58	6	0.10344827586206896
1394	5523	63	1	0	0	64	1	0.015625
1395	5539	50	2	0	0	52	2	0.038461538461538464
1396	5491	54	2	0	0	56	2	0.03571428571428571
1397	5514	55	1	1	0	57	2	0.03508771929824561
1398	5528	54	2	0	0	56	2	0.03571428571428571
1399	5557	64	2	0	0	66	2	0.030303030303030304
14	5497	62	0	0	0	62	0	0
140	5535	52	1	0	0	53	1	0.018867924528301886
1400	5575	57	3	0	0	60	3	0.05
1401	5517	75	6	0	0	81	6	0.07407407407407407
1402	5528	57	0	0	0	57	0	0
1403	5548	43	2	1	0	46	3	0.06521739130434782
1404	5528	30	1	0	0	31	1	0.03225806451612903
1405	5521	49	2	0	0	51	2	0.0392156862745098
1406	5559	45	0	0	0	45	0	0
1407	5564	52	3	0	0	55	3	0.05454545454545454
1408	5519	50	0	0	0	50	0	0
1409	5559	45	3	0	0	48	3	0.0625
141	5544	60	1	0	0	61	1	0.01639344262295082
1410	5542	45	0	0	0	45	0	0
1411	5563	42	1	0	0	43	1	0.023255813953488372
1412	5545	70	1	0	0	71	1	0.014084507042253521
1413	5597	59	2	0	0	61	2	0.03278688524590164
1414	5540	50	1	0	0	51	1	0.0196078431372549
1415	5476	69	1	0	0	70	1	0.014285714285714285
1416	5514	70	0	1	0	71	1	0.014084507042253521
1417	5527	47	0	0	0	47	0	0
1418	5508	56	4	0	0	60	4	0.06666666666666667
1419	5541	53	3	0	0	56	3	0.05357142857142857
142	5484	46	3	0	0	49	3	0.061224489795918366
1420	5528	47	2	0	0	49	2	0.04081632653061224
1421	5520	55	1	0	0	56	1	0.017857142857142856
1422	5549	62	2	0	0	64	2	0.03125
1423	5548	63	2	0	0	65	2	0.03076923076923077
1424	5541	49	2	0	0	51	2	0.0392156862745098
1425	5537	61	1	0	0	62	1	0.016129032258064516
1426	5540	62	4	0	0	66	4	0.06060606060606061
1427	5552	63	2	0	0	65	2	0.03076923076923077
1428	5543	49	4	0	0	53	4	0.07547169811320754
1429	5559	50	2	0	0	52	2	0.038461538461538464
143	5503	66	1	0	0	67	1	0.014925373134328358
1430	5554	59	2	0	0	61	2	0.03278688524590164
1431	5532	50	1	0	0	51	1	0.0196078431372549
1432	5557	61	0	0	0	61	0	0
1433	5533	59	4	0	0	63	4	0.06349206349206349
1434	5543	46	1	0	0	47	1	0.02127659574468085
1435	5509	44	2	0	0	46	2	0.043478260869565216
1436	5526	49	5	0	0	54	5	0.09259259259259259
1437	5547	52	5	0	0	57	5	0.08771929824561403
1438	5483	50	2	0	0	52	2	0.038461538461538464
1439	5536	45	1	0	0	46	1	0.021739130434782608
144	5554	57	2	0	0	59	2	0.03389830508474576
1440	5547	52	1	0	0	53	1	0.018867924528301886
1441	5477	42	1	0	0	43	1	0.023255813953488372
1442	5525	59	1	0	0	60	1	0.016666666666666666
1443	5553	53	1	0	0	54	1	0.018518518518518517
1444	5516	46	2	0	0	48	2	0.041666666666666664
1445	5518	39	1	0	0	40	1	0.025
1446	5549	48	1	0	0	49	1	0.02040816326530612
1447	5555	55	1	0	0	56	1	0.017857142857142856
1448	5502	47	2	0	0	49	2	0.04081632653061224
1449	5554	52	1	0	0	53	1	0.018867924528301886
145	5568	51	4	0	0	55	4	0.07272727272727272
1450	5541	61	1	0	0	62	1	0.016129032258064516
1451	5523	59	1	0	0	60	1	0.016666666666666666
1452	5511	54	3	0	0	57	3	0.05263157894736842
1453	5521	64	1	0	0	65	1	0.015384615384615385
1454	5534	54	2	0	0	56	2	0.03571428571428571
1455	5566	57	2	0	0	59	2	0.03389830508474576
1456	5543	58	2	0	0	60	2	0.03333333333333333
1457	5552	61	2	0	0	63	2	0.031746031746031744
1458	5539	67	2	0	0	69	2	0.028985507246376812
1459	5546	52	3	0	0	55	3	0.05454545454545454
146	5515	46	1	0	0	47	1	0.02127659574468085
1460	5508	42	3	0	0	45	3	0.06666666666666667
1461	5530	55	2	0	0	57	2	0.03508771929824561
1462	5489	53	0	0	0	53	0	0
1463	5567	42	0	0	0	42	0	0
1464	5545	61	2	0	0	63	2	0.031746031746031744
1465	5503	59	3	0	0	62	3	0.04838709677419355
1466	5525	55	3	0	0	58	3	0.05172413793103448
1467	5505	52	0	0	0	52	0	0
1468	5556	54	1	0	0	55	1	0.01818181818181818
1469	5560	48	1	0	0	49	1	0.02040816326530612
147	5483	49	2	0	0	51	2	0.0392156862745098
1470	5533	72	5	0	0	77	5	0.06493506493506493
1471	5486	61	2	0	0	63	2	0.031746031746031744
1472	5546	61	3	0	0	64	3	0.046875
1473	5522	55	2	0	0	57	2	0.03508771929824561
1474	5512	54	2	0	0	56	2	0.03571428571428571
1475	5548	56	4	0	0	60	4	0.06666666666666667
1476	5553	41	2	0	0	43	2	0.046511627906976744
1477	5561	53	0	0	0	53	0	0
1478	5553	44	4	0	0	48	4	0.08333333333333333
1479	5543	56	1	0	0	57	1	0.017543859649122806
148	5520	41	0	0	0	41	0	0
1480	5547	58	0	0	0	58	0	0
1481	5495	52	3	0	0	55	3	0.05454545454545454
1482	5544	65	0	0	0	65	0	0
1483	5577	38	1	1	0	40	2	0.05
1484	5540	52	0	0	0	52	0	0
1485	5533	46	2	0	0	48	2	0.041666666666666664
1486	5551	51	0	0	0	51	0	0
1487	5518	55	2	0	0	57	2	0.03508771929824561
1488	5530	55	0	0	0	55	0	0
1489	5528	52	4	0	0	56	4	0.07142857142857142
149	5543	62	1	0	0	63	1	0.015873015873015872
1490	5546	50	2	0	0	52	2	0.038461538461538464
1491	5569	67	1	0	0	68	1	0.014705882352941176
1492	5504	58	3	0	0	61	3	0.04918032786885246
1493	5512	48	1	0	0	49	1	0.02040816326530612
1494	5555	47	1	0	0	48	1	0.020833333333333332
1495	5541	41	5	0	0	46	5	0.10869565217391304
1496	5513	47	1	0	0	48	1	0.020833333333333332
1497	5532	50	1	0	0	51	1	0.0196078431372549
1498	5517	48	1	0	0	49	1	0.02040816326530612
1499	5528	54	2	0	0	56	2	0.03571428571428571
15	5546	46	0	0	0	46	0	0
150	5512	53	0	0	0	53	0	0
1500	5537	48	1	0	0	49	1	0.02040816326530612
1501	5525	66	2	0	0	68	2	0.029411764705882353
1502	5564	45	1	0	0	46	1	0.021739130434782608
1503	5554	52	6	0	0	58	6	0.10344827586206896
1504	5535	61	3	0	0	64	3	0.046875
1505	5529	61	2	0	0	63	2	0.031746031746031744
1506	5503	45	2	0	0	47	2	0.0425531914893617
1507	5540	47	3	0	0	50	3	0.06
1508	5490	49	2	0	0	51	2	0.0392156862745098
1509	5537	60	2	0	0	62	2	0.03225806451612903
151	5550	36	1	0	0	37	1	0.02702702702702703
1510	5541	54	4	0	0	58	4	0.06896551724137931
1511	5569	60	0	0	0	60	0	0
1512	5577	52	2	1	0	55	3	0.05454545454545454
1513	5567	42	3	0	0	45	3	0.06666666666666667
1514	5528	45	1	0	0	46	1	0.021739130434782608
1515	5556	51	1	0	0	52	1	0.019230769230769232
1516	5568	50	1	0	0	51	1	0.0196078431372549
1517	5556	56	2	0	0	58	2	0.034482758620689655
1518	5487	62	2	0	0	64	2	0.03125
1519	5551	50	0	0	0	50	0	0
152	5520	62	1	0	0	63	1	0.015873015873015872
1520	5499	47	2	0	0	49	2	0.04081632653061224
1521	5516	54	1	0	0	55	1	0.01818181818181818
1522	5510	56	0	0	0	56	0	0
1523	5553	56	1	0	0	57	1	0.017543859649122806
1524	5533	50	1	1	0	52	2	0.038461538461538464
1525	5478	49	1	0	0	50	1	0.02
1526	5548	67	1	0	0	68	1	0.014705882352941176
1527	5542	47	1	1	0	49	2	0.04081632653061224
1528	5532	61	0	0	0	61	0	0
1529	5536	61	2	0	0	63	2	0.031746031746031744
153	5514	60	1	0	0	61	1	0.01639344262295082
1530	5506	47	1	0	0	48	1	0.020833333333333332
1531	5553	53	1	1	0	55	2	0.03636363636363636
1532	5576	42	2	0	0	44	2	0.045454545454545456
1533	5530	63	1	0	0	64	1	0.015625
1534	5501	43	1	0	0	44	1	0.022727272727272728
1535	5532	58	1	0	0	59	1	0.01694915254237288
1536	5534	51	1	0	0	52	1	0.019230769230769232
1537	5501	65	4	0	0	69	4	0.057971014492753624
1538	5561	60	1	0	0	61	1	0.01639344262295082
1539	5547	42	0	0	0	42	0	0
154	5563	54	4	0	0	58	4	0.06896551724137931
1540	5522	64	1	0	0	65	1	0.015384615384615385
1541	5524	45	1	0	0	46	1	0.021739130434782608
1542	5543	60	5	0	0	65	5	0.07692307692307693
1543	5561	51	1	0	0	52	1	0.019230769230769232
1544	5559	47	0	0	0	47	0	0
1545	5507	52	3	0	0	55	3	0.05454545454545454
1546	5515	52	0	0	0	52	0	0
1547	5568	45	4	0	0	49	4	0.08163265306122448
1548	5534	50	0	0	0	50	0	0
1549	5562	63	0	0	0	63	0	0
155	5570	53	2	0	0	55	2	0.03636363636363636
1550	5549	56	0	0	0	56	0	0
1551	5497	61	2	0	0	63	2	0.031746031746031744
1552	5542	54	3	0	0	57	3	0.05263157894736842
1553	5556	59	1	0	0	60	1	0.016666666666666666
1554	5505	52	2	0	0	54	2	0.037037037037037035
1555	5557	69	2	0	0	71	2	0.028169014084507043
1556	5542	60	5	0	0	65	5	0.07692307692307693
1557	5581	56	0	0	0	56	0	0
1558	5540	42	1	0	0	43	1	0.023255813953488372
1559	5510	49	0	0	0	49	0	0
156	5489	62	0	0	0	62	0	0
1560	5574	56	0	0	0	56	0	0
1561	5520	48	0	0	0	48	0	0
1562	5514	54	1	0	0	55	1	0.01818181818181818
1563	5562	47	0	0	0	47	0	0
1564	5545	54	2	0	0	56	2	0.03571428571428571
1565	5538	54	0	0	0	54	0	0
1566	5559	68	2	0	0	70	2	0.02857142857142857
1567	5534	40	3	0	0	43	3	0.06976744186046512
1568	5535	45	2	0	0	47	2	0.0425531914893617
1569	5499	40	1	0	0	41	1	0.024390243902439025
157	5523	55	0	0	0	55	0	0
1570	5523	62	2	0	0	64	2	0.03125
1571	5521	61	1	0	0	62	1	0.016129032258064516
1572	5522	41	1	0	0	42	1	0.023809523809523808
1573	5554	56	1	0	0	57	1	0.017543859649122806
1574	5539	56	0	0	0	56	0	0
1575	5527	58	3	0	0	61	3	0.04918032786885246
1576	5523	51	1	0	0	52	1	0.019230769230769232
1577	5496	45	1	0	0	46	1	0.021739130434782608
1578	5528	67	1	0	0	68	1	0.014705882352941176
1579	5532	67	3	0	0	70	3	0.04285714285714286
158	5568	45	3	0	0	48	3	0.0625
1580	5543	54	2	0	0	56	2	0.03571428571428571
1581	5551	51	3	0	0	54	3	0.05555555555555555
1582	5508	66	8	0	0	74	8	0.10810810810810811
1583	5557	63	0	0	0	63	0	0
1584	5527	44	1	0	0	45	1	0.022222222222222223
1585	5544	66	3	0	0	69	3	0.043478260869565216
1586	5520	54	0	0	0	54	0	0
1587	5524	46	3	0	0	49	3	0.061224489795918366
1588	5564	56	0	0	0	56	0	0
1589	5523	48	3	0	0	51	3	0.058823529411764705
159	5536	57	3	0	0	60	3	0.05
1590	5503	56	3	0	0	59	3	0.05084745762711865
1591	5549	48	0	0	0	48	0	0
1592	5535	48	3	0	0	51	3	0.058823529411764705
1593	5553	65	2	0	0	67	2	0.029850746268656716
1594	5516	58	0	0	0	58	0	0
1595	5510	48	0	0	0	48	0	0
1596	5539	55	3	0	0	58	3	0.05172413793103448
1597	5507	60	3	0	0	63	3	0.047619047619047616
1598	5551	53	1	0	0	54	1	0.018518518518518517
1599	5507	51	1	0	0	52	1	0.019230769230769232
16	5552	55	1	0	0	56	1	0.017857142857142856
160	5557	63	2	0	0	65	2	0.03076923076923077
1600	5522	49	2	0	0	51	2	0.0392156862745098
1601	5494	59	1	0	0	60	1	0.016666666666666666
1602	5554	48	0	0	0	48	0	0
1603	5535	42	0	0	0	42	0	0
1604	5529	51	2	0	0	53	2	0.03773584905660377
1605	5569	60	1	0	0	61	1	0.01639344262295082
1606	5553	58	0	0	0	58	0	0
1607	5506	44	0	0	0	44	0	0
1608	5585	46	2	0	0	48	2	0.041666666666666664
1609	5528	60	4	0	0	64	4	0.0625
161	5569	42	2	0	0	44	2	0.045454545454545456
1610	5521	49	2	0	0	51	2	0.0392156862745098
1611	5540	58	1	0	0	59	1	0.01694915254237288
1612	5557	63	2	0	0	65	2	0.03076923076923077
1613	5537	58	1	0	0	59	1	0.01694915254237288
1614	5504	53	2	0	0	55	2	0.03636363636363636
1615	5563	62	2	0	0	64	2	0.03125
1616	5509	48	3	0	0	51	3	0.058823529411764705
1617	5535	56	3	0	0	59	3	0.05084745762711865
1618	5514	46	1	0	0	47	1	0.02127659574468085
1619	5558	58	3	1	0	62	4	0.06451612903225806
162	5556	41	2	0	0	43	2	0.046511627906976744
1620	5538	51	3	0	0	54	3	0.05555555555555555
1621	5582	63	1	1	0	65	2	0.03076923076923077
1622	5531	68	2	0	0	70	2	0.02857142857142857
1623	5488	52	1	0	0	53	1	0.018867924528301886
1624	5533	64	0	0	0	64	0	0
1625	5499	65	2	0	0	67	2	0.029850746268656716
1626	5558	55	2	0	0	57	2	0.03508771929824561
1627	5502	36	1	0	0	37	1	0.02702702702702703
1628	5549	63	1	0	0	64	1	0.015625
1629	5567	49	2	0	0	51	2	0.0392156862745098
163	5578	61	2	0	0	63	2	0.031746031746031744
1630	5529	47	3	0	0	50	3	0.06
1631	5553	54	2	0	0	56	2	0.03571428571428571
1632	5513	55	1	0	0	56	1	0.017857142857142856
1633	5571	61	2	0	0	63	2	0.031746031746031744
1634	5536	48	3	0	0	51	3	0.058823529411764705
1635	5549	59	0	0	0	59	0	0
1636	5529	41	2	0	0	43	2	0.046511627906976744
1637	5546	56	3	0	0	59	3	0.05084745762711865
1638	5591	44	2	0	0	46	2	0.043478260869565216
1639	5509	50	2	0	0	52	2	0.038461538461538464
164	5515	52	0	0	0	52	0	0
1640	5524	51	2	0	0	53	2	0.03773584905660377
1641	5522	53	2	0	0	55	2	0.03636363636363636
1642	5500	54	2	0	0	56	2	0.03571428571428571
1643	5542	48	2	0	0	50	2	0.04
1644	5556	56	1	0	0	57	1	0.017543859649122806
1645	5564	43	1	0	0	44	1	0.022727272727272728
1646	5522	66	3	0	0	69	3	0.043478260869565216
1647	5520	53	3	0	0	56	3	0.05357142857142857
1648	5578	59	1	0	0	60	1	0.016666666666666666
1649	5534	53	3	0	0	56	3	0.05357142857142857
165	5568	50	3	0	0	53	3	0.05660377358490566
1650	5533	58	0	0	0	58	0	0
1651	5532	64	0	0	0	64	0	0
1652	5543	59	2	0	0	61	2	0.03278688524590164
1653	5556	54	2	0	0	56	2	0.03571428571428571
1654	5537	56	4	0	0	60	4	0.06666666666666667
1655	5509	47	2	0	0	49	2	0.04081632653061224
1656	5515	42	1	0	0	43	1	0.023255813953488372
1657	5520	56	2	0	0	58	2	0.034482758620689655
1658	5538	59	1	0	0	60	1	0.016666666666666666
1659	5527	48	3	0	0	51	3	0.058823529411764705
166	5507	57	1	0	0	58	1	0.017241379310344827
1660	5515	59	1	0	0	60	1	0.016666666666666666
1661	5538	59	3	0	0	62	3	0.04838709677419355
1662	5526	44	2	0	0	46	2	0.043478260869565216
1663	5512	68	3	0	0	71	3	0.04225352112676056
1664	5524	68	3	1	0	72	4	0.05555555555555555
1665	5536	47	1	0	0	48	1	0.020833333333333332
1666	5547	71	3	0	0	74	3	0.04054054054054054
1667	5497	62	2	0	0	64	2	0.03125
1668	5534	54	6	0	0	60	6	0.1
1669	5538	54	1	0	0	55	1	0.01818181818181818
167	5527	48	3	0	0	51	3	0.058823529411764705
1670	5540	54	2	0	0	56	2	0.03571428571428571
1671	5513	53	1	0	0	54	1	0.018518518518518517
1672	5507	52	1	0	0	53	1	0.018867924528301886
1673	5563	74	2	0	0	76	2	0.02631578947368421
1674	5541	58	2	0	0	60	2	0.03333333333333333
1675	5592	61	2	0	0	63	2	0.031746031746031744
1676	5530	49	0	0	0	49	0	0
1677	5584	53	5	0	0	58	5	0.08620689655172414
1678	5546	43	1	0	0	44	1	0.022727272727272728
1679	5562	52	5	0	0	57	5	0.08771929824561403
168	5551	54	1	0	0	55	1	0.01818181818181818
1680	5529	54	0	0	0	54	0	0
1681	5538	62	4	0	0	66	4	0.06060606060606061
1682	5551	59	0	0	0	59	0	0
1683	5536	46	2	0	0	48	2	0.041666666666666664
1684	5511	44	2	0	0	46	2	0.043478260869565216
1685	5527	55	1	0	0	56	1	0.017857142857142856
1686	5543	43	1	0	0	44	1	0.022727272727272728
1687	5569	42	3	0	0	45	3	0.06666666666666667
1688	5487	61	1	0	0	62	1	0.016129032258064516
1689	5542	56	2	0	0	58	2	0.034482758620689655
169	5514	60	3	0	0	63	3	0.047619047619047616
1690	5536	54	0	0	0	54	0	0
1691	5515	58	1	0	0	59	1	0.01694915254237288
1692	5553	54	2	0	0	56	2	0.03571428571428571
1693	5537	53	3	0	0	56	3	0.05357142857142857
1694	5554	55	3	0	0	58	3	0.05172413793103448
1695	5557	59	2	0	0	61	2	0.03278688524590164
1696	5509	57	4	0	0	61	4	0.06557377049180328
1697	5547	40	1	0	0	41	1	0.024390243902439025
1698	5561	52	1	0	0	53	1	0.018867924528301886
1699	5516	49	0	0	0	49	0	0
17	5529	55	1	0	0	56	1	0.017857142857142856
170	5547	62	1	0	0	63	1	0.015873015873015872
1700	5495	64	1	0	0	65	1	0.015384615384615385
1701	5528	60	2	0	0	62	2	0.03225806451612903
1702	5536	54	2	0	0	56	2	0.03571428571428571
1703	5569	66	0	0	0	66	0	0
1704	5508	58	0	0	0	58	0	0
1705	5533	40	3	0	0	43	3	0.06976744186046512
1706	5549	44	1	0	0	45	1	0.022222222222222223
1707	5526	56	2	0	0	58	2	0.034482758620689655
1708	5528	55	2	0	0	57	2	0.03508771929824561
1709	5554	50	0	0	0	50	0	0
171	5516	49	3	0	0	52	3	0.057692307692307696
1710	5563	52	2	0	0	54	2	0.037037037037037035
1711	5553	58	3	0	0	61	3	0.04918032786885246
1712	5516	49	0	0	0	49	0	0
1713	5542	72	1	0	0	73	1	0.0136986301369863
1714	5545	55	4	0	0	59	4	0.06779661016949153
1715	5532	52	2	0	0	54	2	0.037037037037037035
1716	5555	55	0	0	0	55	0	0
1717	5499	57	1	0	0	58	1	0.017241379310344827
1718	5523	57	2	0	0	59	2	0.03389830508474576
1719	5536	44	2	0	0	46	2	0.043478260869565216
172	5518	52	2	0	0	54	2	0.037037037037037035
1720	5524	51	1	0	0	52	1	0.019230769230769232
1721	5516	64	3	0	0	67	3	0.04477611940298507
1722	5509	53	2	0	0	55	2	0.03636363636363636
1723	5508	55	1	0	0	56	1	0.017857142857142856
1724	5525	46	3	0	0	49	3	0.061224489795918366
1725	5549	57	3	0	0	60	3	0.05
1726	5531	45	3	0	0	48	3	0.0625
1727	5547	48	1	0	0	49	1	0.02040816326530612
1728	5533	35	4	0	0	39	4	0.10256410256410256
1729	5540	62	0	0	0	62	0	0
173	5485	53	1	0	0	54	1	0.018518518518518517
1730	5511	57	0	0	0	57	0	0
1731	5520	64	3	0	0	67	3	0.04477611940298507
1732	5578	61	2	0	0	63	2	0.031746031746031744
1733	5505	55	3	0	0	58	3	0.05172413793103448
1734	5557	49	0	0	0	49	0	0
1735	5511	44	2	0	0	46	2	0.043478260869565216
1736	5530	60	1	0	0	61	1	0.01639344262295082
1737	5517	50	1	0	0	51	1	0.0196078431372549
1738	5515	65	1	0	0	66	1	0.015151515151515152
1739	5557	53	0	1	0	54	1	0.018518518518518517
174	5534	50	1	0	0	51	1	0.0196078431372549
1740	5533	44	4	0	0	48	4	0.08333333333333333
1741	5539	48	1	0	0	49	1	0.02040816326530612
1742	5560	53	0	0	0	53	0	0
1743	5524	52	4	1	0	57	5	0.08771929824561403
1744	5522	60	2	0	0	62	2	0.03225806451612903
1745	5532	50	1	0	0	51	1	0.0196078431372549
1746	5551	46	3	0	0	49	3	0.061224489795918366
1747	5486	50	3	0	0	53	3	0.05660377358490566
1748	5510	53	1	0	0	54	1	0.018518518518518517
1749	5567	61	2	0	0	63	2	0.031746031746031744
175	5511	49	0	0	0	49	0	0
1750	5536	58	0	0	0	58	0	0
1751	5581	61	1	0	0	62	1	0.016129032258064516
1752	5518	65	1	0	0	66	1	0.015151515151515152
1753	5531	65	4	0	0	69	4	0.057971014492753624
1754	5537	57	4	0	0	61	4	0.06557377049180328
1755	5518	64	0	0	0	64	0	0
1756	5499	64	1	0	0	65	1	0.015384615384615385
1757	5536	45	2	0	0	47	2	0.0425531914893617
1758	5538	42	2	0	0	44	2	0.045454545454545456
1759	5513	52	2	0	0	54	2	0.037037037037037035
176	5543	49	4	0	0	53	4	0.07547169811320754
1760	5508	50	0	1	0	51	1	0.0196078431372549
1761	5558	68	0	0	0	68	0	0
1762	5542	53	1	0	0	54	1	0.018518518518518517
1763	5528	49	3	0	0	52	3	0.057692307692307696
1764	5554	65	1	0	0	66	1	0.015151515151515152
1765	5539	51	3	0	0	54	3	0.05555555555555555
1766	5548	54	1	0	0	55	1	0.01818181818181818
1767	5550	69	0	0	0	69	0	0
1768	5513	64	0	0	0	64	0	0
1769	5570	55	3	0	0	58	3	0.05172413793103448
177	5535	55	1	0	0	56	1	0.017857142857142856
1770	5550	56	1	0	0	57	1	0.017543859649122806
1771	5560	45	4	1	0	50	5	0.1
1772	5539	48	1	0	0	49	1	0.02040816326530612
1773	5531	52	1	0	0	53	1	0.018867924528301886
1774	5532	66	3	0	0	69	3	0.043478260869565216
1775	5520	54	3	0	0	57	3	0.05263157894736842
1776	5526	65	0	0	0	65	0	0
1777	5535	51	1	0	0	52	1	0.019230769230769232
1778	5545	56	2	0	0	58	2	0.034482758620689655
1779	5547	52	1	0	0	53	1	0.018867924528301886
178	5536	45	4	1	0	50	5	0.1
1780	5533	63	3	0	0	66	3	0.045454545454545456
1781	5471	52	4	0	0	56	4	0.07142857142857142
1782	5563	52	0	0	0	52	0	0
1783	5530	63	1	0	0	64	1	0.015625
1784	5514	53	2	0	0	55	2	0.03636363636363636
1785	5538	41	2	0	0	43	2	0.046511627906976744
1786	5533	49	2	0	0	51	2	0.0392156862745098
1787	5575	45	3	0	0	48	3	0.0625
1788	5532	82	1	0	0	83	1	0.012048192771084338
1789	5524	50	3	0	0	53	3	0.05660377358490566
179	5517	50	2	0	0	52	2	0.038461538461538464
1790	5527	50	1	0	0	51	1	0.0196078431372549
1791	5545	49	2	0	0	51	2	0.0392156862745098
1792	5539	54	1	0	0	55	1	0.01818181818181818
1793	5533	44	0	0	0	44	0	0
1794	5541	47	2	0	0	49	2	0.04081632653061224
1795	5517	53	3	1	0	57	4	0.07017543859649122
1796	5543	48	4	0	0	52	4	0.07692307692307693
1797	5546	63	0	0	0	63	0	0
1798	5523	51	5	0	0	56	5	0.08928571428571429
1799	5562	49	0	0	0	49	0	0
18	5509	53	1	0	0	54	1	0.018518518518518517
180	5542	49	3	0	0	52	3	0.057692307692307696
1800	5581	55	3	0	0	58	3	0.05172413793103448
1801	5504	59	6	0	0	65	6	0.09230769230769231
1802	5478	60	1	0	0	61	1	0.01639344262295082
1803	5516	49	1	0	0	50	1	0.02
1804	5521	58	4	0	0	62	4	0.06451612903225806
1805	5531	53	0	0	0	53	0	0
1806	5525	63	1	0	0	64	1	0.015625
1807	5486	52	5	0	0	57	5	0.08771929824561403
1808	5532	58	1	0	0	59	1	0.01694915254237288
1809	5560	47	4	0	0	51	4	0.0784313725490196
181	5519	46	1	0	0	47	1	0.02127659574468085
1810	5540	56	2	0	0	58	2	0.034482758620689655
1811	5539	66	1	0	0	67	1	0.014925373134328358
1812	5560	51	1	0	0	52	1	0.019230769230769232
1813	5513	46	3	0	0	49	3	0.061224489795918366
1814	5543	51	1	0	0	52	1	0.019230769230769232
1815	5533	61	3	0	0	64	3	0.046875
1816	5543	54	0	0	0	54	0	0
1817	5563	46	1	0	0	47	1	0.02127659574468085
1818	5508	47	3	0	0	50	3	0.06
1819	5558	50	0	0	0	50	0	0
182	5544	52	2	0	0	54	2	0.037037037037037035
1820	5548	79	2	0	0	81	2	0.024691358024691357
1821	5520	52	3	0	0	55	3	0.05454545454545454
1822	5518	59	2	0	0	61	2	0.03278688524590164
1823	5580	49	2	0	0	51	2	0.0392156862745098
1824	5537	49	0	0	0	49	0	0
1825	5546	52	3	0	0	55	3	0.05454545454545454
1826	5551	57	3	0	0	60	3	0.05
1827	5526	55	1	0	0	56	1	0.017857142857142856
1828	5525	60	0	0	0	60	0	0
1829	5550	54	2	0	0	56	2	0.03571428571428571
183	5562	74	3	0	0	77	3	0.03896103896103896
1830	5505	55	2	0	0	57	2	0.03508771929824561
1831	5508	60	3	0	0	63	3	0.047619047619047616
1832	5566	52	0	0	0	52	0	0
1833	5551	45	3	0	0	48	3	0.0625
1834	5533	47	4	0	0	51	4	0.0784313725490196
1835	5507	59	1	0	0	60	1	0.016666666666666666
1836	5535	55	3	0	0	58	3	0.05172413793103448
1837	5537	40	0	0	0	40	0	0
1838	5529	49	1	0	0	50	1	0.02
1839	5570	50	0	0	0	50	0	0
184	5520	51	3	0	0	54	3	0.05555555555555555
1840	5527	45	4	0	0	49	4	0.08163265306122448
1841	5515	48	0	0	0	48	0	0
1842	5563	56	1	0	0	57	1	0.017543859649122806
1843	5539	44	2	0	0	46	2	0.043478260869565216
1844	5548	56	1	0	0	57	1	0.017543859649122806
1845	5539	44	0	0	0	44	0	0
1846	5520	62	4	0	0	66	4	0.06060606060606061
1847	5557	54	1	0	0	55	1	0.01818181818181818
1848	5526	54	1	1	0	56	2	0.03571428571428571
1849	5518	43	0	0	0	43	0	0
185	5534	60	1	0	0	61	1	0.01639344262295082
1850	5526	57	1	0	0	58	1	0.017241379310344827
1851	5561	53	2	0	0	55	2	0.03636363636363636
1852	5519	63	3	0	0	66	3	0.045454545454545456
1853	5524	57	1	0	0	58	1	0.017241379310344827
1854	5540	55	3	0	0	58	3	0.05172413793103448
1855	5520	59	1	0	0	60	1	0.016666666666666666
1856	5482	51	2	0	0	53	2	0.03773584905660377
1857	5529	60	1	0	0	61	1	0.01639344262295082
1858	5562	55	1	0	0	56	1	0.017857142857142856
1859	5512	49	1	0	0	50	1	0.02
186	5551	59	3	0	0	62	3	0.04838709677419355
1860	5559	60	2	0	0	62	2	0.03225806451612903
1861	5534	61	2	0	0	63	2	0.031746031746031744
1862	5523	53	2	0	0	55	2	0.03636363636363636
1863	5567	51	3	0	0	54	3	0.05555555555555555
1864	5545	54	2	0	0	56	2	0.03571428571428571
1865	5513	62	2	0	0	64	2	0.03125
1866	5507	60	2	0	0	62	2	0.03225806451612903
1867	5538	56	0	0	0	56	0	0
1868	5550	47	0	0	0	47	0	0
1869	5541	51	0	0	0	51	0	0
187	5543	48	0	0	0	48	0	0
1870	5541	49	0	0	0	49	0	0
1871	5594	51	1	0	0	52	1	0.019230769230769232
1872	5539	59	1	0	0	60	1	0.016666666666666666
1873	5545	52	0	0	0	52	0	0
1874	5529	58	2	0	0	60	2	0.03333333333333333
1875	5537	50	4	0	0	54	4	0.07407407407407407
1876	5528	51	5	0	0	56	5	0.08928571428571429
1877	5547	51	0	0	0	51	0	0
1878	5533	51	1	0	0	52	1	0.019230769230769232
1879	5522	39	0	0	0	39	0	0
188	5511	62	2	0	0	64	2	0.03125
1880	5511	55	1	0	0	56	1	0.017857142857142856
1881	5585	49	3	0	0	52	3	0.057692307692307696
1882	5550	55	2	0	0	57	2	0.03508771929824561
1883	5564	58	3	0	0	61	3	0.04918032786885246
1884	5506	67	1	0	0	68	1	0.014705882352941176
1885	5573	49	2	0	0	51	2	0.0392156862745098
1886	5516	47	2	0	0	49	2	0.04081632653061224
1887	5534	49	5	0	0	54	5	0.09259259259259259
1888	5565	45	2	0	0	47	2	0.0425531914893617
1889	5534	62	3	0	0	65	3	0.046153846153846156
189	5542	58	2	0	0	60	2	0.03333333333333333
1890	5560	63	3	0	0	66	3	0.045454545454545456
1891	5567	52	2	0	0	54	2	0.037037037037037035
1892	5497	60	2	0	0	62	2	0.03225806451612903
1893	5576	51	1	0	0	52	1	0.019230769230769232
1894	5529	47	1	0	0	48	1	0.020833333333333332
1895	5505	53	0	0	0	53	0	0
1896	5530	50	1	0	0	51	1	0.0196078431372549
1897	5546	57	3	0	0	60	3	0.05
1898	5562	65	3	0	0	68	3	0.04411764705882353
1899	5553	49	1	0	0	50	1	0.02
19	5547	52	2	0	0	54	2	0.037037037037037035
190	5577	69	2	0	0	71	2	0.028169014084507043
1900	5539	48	0	0	0	48	0	0
1901	5568	52	2	0	0	54	2	0.037037037037037035
1902	5522	50	1	0	0	51	1	0.0196078431372549
1903	5539	57	3	0	0	60	3	0.05
1904	5560	63	0	0	0	63	0	0
1905	5574	60	1	0	0	61	1	0.01639344262295082
1906	5508	44	0	0	0	44	0	0
1907	5560	46	1	0	0	47	1	0.02127659574468085
1908	5577	47	2	0	0	49	2	0.04081632653061224
1909	5570	49	2	0	0	51	2	0.0392156862745098
191	5543	54	3	0	0	57	3	0.05263157894736842
1910	5508	67	1	0	0	68	1	0.014705882352941176
1911	5575	63	0	0	0	63	0	0
1912	5531	56	1	0	0	57	1	0.017543859649122806
1913	5525	48	1	0	0	49	1	0.02040816326530612
1914	5523	52	1	0	0	53	1	0.018867924528301886
1915	5545	67	1	0	0	68	1	0.014705882352941176
1916	5605	42	3	0	0	45	3	0.06666666666666667
1917	5523	51	1	0	0	52	1	0.019230769230769232
1918	5522	48	2	0	0	50	2	0.04
1919	5595	64	5	0	0	69	5	0.07246376811594203
192	5511	52	5	0	0	57	5	0.08771929824561403
1920	5568	57	2	0	0	59	2	0.03389830508474576
1921	5524	38	1	0	0	39	1	0.02564102564102564
1922	5542	49	2	0	0	51	2	0.0392156862745098
1923	5550	60	2	0	0	62	2	0.03225806451612903
1924	5540	53	1	0	0	54	1	0.018518518518518517
1925	5523	48	1	0	0	49	1	0.02040816326530612
1926	5505	68	0	0	0	68	0	0
1927	5538	65	3	0	0	68	3	0.04411764705882353
1928	5572	63	0	0	0	63	0	0
1929	5519	59	0	0	0	59	0	0
193	5557	53	1	0	0	54	1	0.018518518518518517
1930	5513	43	1	0	0	44	1	0.022727272727272728
1931	5540	61	3	0	0	64	3	0.046875
1932	5565	47	1	0	0	48	1	0.020833333333333332
1933	5536	46	2	0	0	48	2	0.041666666666666664
1934	5537	62	6	0	0	68	6	0.08823529411764706
1935	5533	51	1	0	0	52	1	0.019230769230769232
1936	5531	49	2	0	0	51	2	0.0392156862745098
1937	5541	51	3	0	0	54	3	0.05555555555555555
1938	5553	60	1	0	0	61	1	0.01639344262295082
1939	5536	59	1	0	0	60	1	0.016666666666666666
194	5534	47	0	0	0	47	0	0
1940	5535	47	3	0	0	50	3	0.06
1941	5549	49	0	0	0	49	0	0
1942	5515	68	1	0	0	69	1	0.014492753623188406
1943	5539	77	2	0	0	79	2	0.02531645569620253
1944	5518	42	1	0	0	43	1	0.023255813953488372
1945	5534	64	1	0	0	65	1	0.015384615384615385
1946	5534	52	2	0	0	54	2	0.037037037037037035
1947	5532	49	2	0	0	51	2	0.0392156862745098
1948	5525	55	4	0	0	59	4	0.06779661016949153
1949	5507	62	1	0	0	63	1	0.015873015873015872
195	5552	52	2	0	0	54	2	0.037037037037037035
1950	5544	53	1	0	0	54	1	0.018518518518518517
1951	5536	46	1	0	0	47	1	0.02127659574468085
1952	5562	67	0	0	0	67	0	0
1953	5567	58	1	0	0	59	1	0.01694915254237288
1954	5556	55	2	0	0	57	2	0.03508771929824561
1955	5555	62	1	0	0	63	1	0.015873015873015872
1956	5528	71	1	0	0	72	1	0.013888888888888888
1957	5503	58	1	0	0	59	1	0.01694915254237288
1958	5540	66	0	0	0	66	0	0
1959	5545	56	2	0	0	58	2	0.034482758620689655
196	5518	54	1	0	0	55	1	0.01818181818181818
1960	5559	45	2	0	0	47	2	0.0425531914893617
1961	5533	61	2	0	0	63	2	0.031746031746031744
1962	5538	44	3	0	0	47	3	0.06382978723404255
1963	5537	59	3	0	0	62	3	0.04838709677419355
1964	5541	44	3	0	0	47	3	0.06382978723404255
1965	5513	58	0	0	0	58	0	0
1966	5528	44	2	0	0	46	2	0.043478260869565216
1967	5515	45	2	0	0	47	2	0.0425531914893617
1968	5526	61	1	0	0	62	1	0.016129032258064516
1969	5517	56	1	0	0	57	1	0.017543859649122806
197	5539	55	0	1	0	56	1	0.017857142857142856
1970	5535	50	1	0	0	51	1	0.0196078431372549
1971	5520	60	1	0	0	61	1	0.01639344262295082
1972	5557	56	2	0	0	58	2	0.034482758620689655
1973	5509	51	3	0	0	54	3	0.05555555555555555
1974	5514	56	1	0	0	57	1	0.017543859649122806
1975	5516	50	2	0	0	52	2	0.038461538461538464
1976	5493	57	4	0	0	61	4	0.06557377049180328
1977	5552	55	2	0	0	57	2	0.03508771929824561
1978	5531	60	3	0	0	63	3	0.047619047619047616
1979	5488	44	1	0	0	45	1	0.022222222222222223
198	5549	60	0	0	0	60	0	0
1980	5508	52	0	0	0	52	0	0
1981	5530	58	0	0	0	58	0	0
1982	5536	49	1	0	0	50	1	0.02
1983	5548	49	1	0	0	50	1	0.02
1984	5521	57	1	1	0	59	2	0.03389830508474576
1985	5522	50	1	0	0	51	1	0.0196078431372549
1986	5536	68	2	0	0	70	2	0.02857142857142857
1987	5545	67	0	0	0	67	0	0
1988	5515	46	2	0	0	48	2	0.041666666666666664
1989	5509	50	2	0	0	52	2	0.038461538461538464
199	5563	58	5	0	0	63	5	0.07936507936507936
1990	5539	47	2	0	0	49	2	0.04081632653061224
1991	5589	45	1	0	0	46	1	0.021739130434782608
1992	5510	56	0	0	0	56	0	0
1993	5553	61	2	0	0	63	2	0.031746031746031744
1994	5562	51	4	0	0	55	4	0.07272727272727272
1995	5557	41	0	0	0	41	0	0
1996	5559	50	0	0	0	50	0	0
1997	5524	53	4	0	0	57	4	0.07017543859649122
1998	5540	59	1	0	0	60	1	0.016666666666666666
1999	5573	55	2	0	0	57	2	0.03508771929824561
2	5551	51	0	0	0	51	0	0
20	5552	56	1	0	0	57	1	0.017543859649122806
200	5505	42	3	0	0	45	3	0.06666666666666667
2000	5533	35	2	0	0	37	2	0.05405405405405406
2001	5515	48	2	0	0	50	2	0.04
2002	5540	58	6	0	0	64	6	0.09375
2003	5542	55	2	0	0	57	2	0.03508771929824561
2004	5515	45	2	0	0	47	2	0.0425531914893617
2005	5567	42	1	0	0	43	1	0.023255813953488372
2006	5518	51	1	0	0	52	1	0.019230769230769232
2007	5500	64	0	0	0	64	0	0
2008	5492	41	2	0	0	43	2	0.046511627906976744
2009	5555	57	2	0	0	59	2	0.03389830508474576
201	5541	53	3	1	0	57	4	0.07017543859649122
2010	5516	54	4	1	0	59	5	0.0847457627118644
2011	5552	59	2	0	0	61	2	0.03278688524590164
2012	5541	46	1	0	0	47	1	0.02127659574468085
2013	5534	55	1	0	0	56	1	0.017857142857142856
2014	5502	58	2	0	0	60	2	0.03333333333333333
2015	5514	60	2	0	0	62	2	0.03225806451612903
2016	5543	50	3	0	0	53	3	0.05660377358490566
2017	5493	55	2	0	0	57	2	0.03508771929824561
2018	5524	51	1	0	0	52	1	0.019230769230769232
2019	5542	61	2	1	0	64	3	0.046875
202	5526	49	0	0	0	49	0	0
2020	5562	51	4	0	0	55	4	0.07272727272727272
2021	5522	58	3	1	0	62	4	0.06451612903225806
2022	5514	50	1	0	0	51	1	0.0196078431372549
2023	5522	62	1	0	0	63	1	0.015873015873015872
2024	5568	38	1	0	0	39	1	0.02564102564102564
2025	5501	69	2	0	0	71	2	0.028169014084507043
2026	5526	46	1	0	0	47	1	0.02127659574468085
2027	5520	50	2	0	0	52	2	0.038461538461538464
2028	5549	58	1	0	0	59	1	0.01694915254237288
2029	5552	57	1	0	0	58	1	0.017241379310344827
203	5517	48	3	0	0	51	3	0.058823529411764705
2030	5505	67	1	0	0	68	1	0.014705882352941176
2031	5527	61	3	0	0	64	3	0.046875
2032	5508	49	1	0	0	50	1	0.02
2033	5523	54	1	0	0	55	1	0.01818181818181818
2034	5481	48	6	0	0	54	6	0.1111111111111111
2035	5550	52	1	0	0	53	1	0.018867924528301886
2036	5541	49	2	0	0	51	2	0.0392156862745098
2037	5567	54	1	0	0	55	1	0.01818181818181818
2038	5530	45	1	0	0	46	1	0.021739130434782608
2039	5504	54	3	0	0	57	3	0.05263157894736842
204	5562	56	4	0	0	60	4	0.06666666666666667
2040	5539	51	0	0	0	51	0	0
2041	5521	47	2	0	0	49	2	0.04081632653061224
2042	5494	47	2	0	0	49	2	0.04081632653061224
2043	5524	59	4	0	0	63	4	0.06349206349206349
2044	5533	54	2	0	0	56	2	0.03571428571428571
2045	5509	51	2	0	0	53	2	0.03773584905660377
2046	5525	44	2	0	0	46	2	0.043478260869565216
2047	5514	54	2	0	0	56	2	0.03571428571428571
2048	5555	59	2	0	0	61	2	0.03278688524590164
2049	5533	45	1	1	0	47	2	0.0425531914893617
205	5533	41	1	0	0	42	1	0.023809523809523808
2050	5556	48	0	0	0	48	0	0
2051	5555	56	3	0	0	59	3	0.05084745762711865
2052	5570	45	2	0	0	47	2	0.0425531914893617
2053	5541	69	1	1	0	71	2	0.028169014084507043
2054	5544	49	1	0	0	50	1	0.02
2055	5538	59	0	0	0	59	0	0
2056	5527	53	3	0	0	56	3	0.05357142857142857
2057	5531	46	0	0	0	46	0	0
2058	5519	57	0	0	0	57	0	0
2059	5537	52	1	0	0	53	1	0.018867924528301886
206	5537	51	4	0	0	55	4	0.07272727272727272
2060	5541	49	2	0	0	51	2	0.0392156862745098
2061	5533	58	1	0	0	59	1	0.01694915254237288
2062	5515	63	2	0	0	65	2	0.03076923076923077
2063	5550	56	2	0	0	58	2	0.034482758620689655
2064	5556	49	2	0	0	51	2	0.0392156862745098
2065	5503	58	0	0	0	58	0	0
2066	5566	62	3	0	0	65	3	0.046153846153846156
2067	5530	56	3	0	0	59	3	0.05084745762711865
2068	5581	51	2	0	0	53	2	0.03773584905660377
2069	5576	58	5	0	0	63	5	0.07936507936507936
207	5500	64	1	0	0	65	1	0.015384615384615385
2070	5508	59	3	0	0	62	3	0.04838709677419355
2071	5518	59	2	0	0	61	2	0.03278688524590164
2072	5548	64	0	0	0	64	0	0
2073	5569	63	3	0	0	66	3	0.045454545454545456
2074	5587	53	4	0	0	57	4	0.07017543859649122
2075	5554	51	0	0	0	51	0	0
2076	5532	61	2	0	0	63	2	0.031746031746031744
2077	5523	54	3	0	0	57	3	0.05263157894736842
2078	5511	58	1	0	0	59	1	0.01694915254237288
2079	5579	43	1	0	0	44	1	0.022727272727272728
208	5545	50	3	0	0	53	3	0.05660377358490566
2080	5492	51	0	0	0	51	0	0
2081	5587	53	1	0	0	54	1	0.018518518518518517
2082	5553	70	1	0	0	71	1	0.014084507042253521
2083	5533	48	2	0	0	50	2	0.04
2084	5536	58	0	0	0	58	0	0
2085	5520	60	4	0	0	64	4	0.0625
2086	5557	43	1	0	0	44	1	0.022727272727272728
2087	5538	58	0	0	0	58	0	0
2088	5545	49	1	0	0	50	1	0.02
2089	5533	46	3	0	0	49	3	0.061224489795918366
209	5515	46	3	0	0	49	3	0.061224489795918366
2090	5552	57	2	0	0	59	2	0.03389830508474576
2091	5519	62	1	0	0	63	1	0.015873015873015872
2092	5531	43	1	0	0	44	1	0.022727272727272728
2093	5536	57	1	0	0	58	1	0.017241379310344827
2094	5498	53	2	0	0	55	2	0.03636363636363636
2095	5552	60	1	0	0	61	1	0.01639344262295082
2096	5528	43	4	0	0	47	4	0.0851063829787234
2097	5559	50	2	0	0	52	2	0.038461538461538464
2098	5493	53	4	0	0	57	4	0.07017543859649122
2099	5541	53	2	0	0	55	2	0.03636363636363636
21	5520	49	1	0	0	50	1	0.02
210	5537	55	0	0	0	55	0	0
2100	5538	53	1	0	0	54	1	0.018518518518518517
2101	5559	52	1	0	0	53	1	0.018867924528301886
2102	5544	49	1	0	0	50	1	0.02
2103	5527	58	2	0	0	60	2	0.03333333333333333
2104	5522	44	2	0	0	46	2	0.043478260869565216
2105	5512	60	2	0	0	62	2	0.03225806451612903
2106	5551	49	4	0	0	53	4	0.07547169811320754
2107	5569	51	2	0	0	53	2	0.03773584905660377
2108	5548	58	3	0	0	61	3	0.04918032786885246
2109	5543	63	3	0	0	66	3	0.045454545454545456
211	5528	47	1	0	0	48	1	0.020833333333333332
2110	5543	55	3	0	0	58	3	0.05172413793103448
2111	5521	45	2	0	0	47	2	0.0425531914893617
2112	5529	54	3	0	0	57	3	0.05263157894736842
2113	5532	51	1	0	0	52	1	0.019230769230769232
2114	5502	48	0	0	0	48	0	0
2115	5522	49	3	0	0	52	3	0.057692307692307696
2116	5534	47	1	0	0	48	1	0.020833333333333332
2117	5503	54	2	0	0	56	2	0.03571428571428571
2118	5519	48	2	0	0	50	2	0.04
2119	5578	65	1	0	0	66	1	0.015151515151515152
212	5590	56	2	0	0	58	2	0.034482758620689655
2120	5554	45	2	0	0	47	2	0.0425531914893617
2121	5548	63	0	0	0	63	0	0
2122	5571	45	2	0	0	47	2	0.0425531914893617
2123	5547	52	0	0	0	52	0	0
2124	5517	54	5	0	0	59	5	0.0847457627118644
2125	5581	51	2	1	0	54	3	0.05555555555555555
2126	5520	56	2	0	0	58	2	0.034482758620689655
2127	5555	61	1	0	0	62	1	0.016129032258064516
2128	5561	44	0	0	0	44	0	0
2129	5516	65	0	0	0	65	0	0
213	5573	54	0	0	0	54	0	0
2130	5534	62	1	0	0	63	1	0.015873015873015872
2131	5541	50	1	0	0	51	1	0.0196078431372549
2132	5517	46	3	0	0	49	3	0.061224489795918366
2133	5552	45	1	0	0	46	1	0.021739130434782608
2134	5544	47	1	0	0	48	1	0.020833333333333332
2135	5530	65	2	0	0	67	2	0.029850746268656716
2136	5555	66	4	0	0	70	4	0.05714285714285714
2137	5550	49	0	0	0	49	0	0
2138	5525	56	2	0	0	58	2	0.034482758620689655
2139	5517	62	2	0	0	64	2	0.03125
214	5538	45	3	0	0	48	3	0.0625
2140	5556	51	3	0	0	54	3	0.05555555555555555
2141	5565	45	1	0	0	46	1	0.021739130434782608
2142	5539	49	2	0	0	51	2	0.0392156862745098
2143	5534	60	2	0	0	62	2	0.03225806451612903
2144	5576	49	1	0	0	50	1	0.02
2145	5524	55	1	0	0	56	1	0.017857142857142856
2146	5543	56	4	0	0	60	4	0.06666666666666667
2147	5575	54	4	0	0	58	4	0.06896551724137931
2148	5542	59	1	0	0	60	1	0.016666666666666666
2149	5579	46	5	0	0	51	5	0.09803921568627451
215	5534	60	1	0	0	61	1	0.01639344262295082
2150	5557	65	0	0	0	65	0	0
2151	5524	51	1	0	0	52	1	0.019230769230769232
2152	5542	57	3	0	0	60	3	0.05
2153	5489	50	1	0	0	51	1	0.0196078431372549
2154	5517	59	2	0	0	61	2	0.03278688524590164
2155	5553	50	1	0	0	51	1	0.0196078431372549
2156	5500	55	2	0	0	57	2	0.03508771929824561
2157	5490	53	4	0	0	57	4	0.07017543859649122
2158	5555	52	0	0	0	52	0	0
2159	5543	62	4	0	0	66	4	0.06060606060606061
216	5550	56	0	0	0	56	0	0
2160	5510	42	3	0	0	45	3	0.06666666666666667
2161	5517	48	2	0	0	50	2	0.04
2162	5482	58	2	0	0	60	2	0.03333333333333333
2163	5557	49	2	0	0	51	2	0.0392156862745098
2164	5501	57	5	0	0	62	5	0.08064516129032258
2165	5524	50	1	0	0	51	1	0.0196078431372549
2166	5566	46	0	1	0	47	1	0.02127659574468085
2167	5503	50	2	0	0	52	2	0.038461538461538464
2168	5525	67	2	0	0	69	2	0.028985507246376812
2169	5528	49	1	0	0	50	1	0.02
217	5568	46	3	0	0	49	3	0.061224489795918366
2170	5535	59	4	0	0	63	4	0.06349206349206349
2171	5550	62	1	0	0	63	1	0.015873015873015872
2172	5484	52	0	0	0	52	0	0
2173	5545	44	0	0	0	44	0	0
2174	5560	47	1	0	0	48	1	0.020833333333333332
2175	5546	56	1	1	0	58	2	0.034482758620689655
2176	5539	53	2	0	0	55	2	0.03636363636363636
2177	5581	42	4	0	0	46	4	0.08695652173913043
2178	5517	59	3	0	0	62	3	0.04838709677419355
2179	5571	39	1	0	0	40	1	0.025
218	5548	62	1	0	0	63	1	0.015873015873015872
2180	5499	47	2	0	0	49	2	0.04081632653061224
2181	5551	49	2	0	0	51	2	0.0392156862745098
2182	5527	51	4	0	0	55	4	0.07272727272727272
2183	5546	50	1	1	0	52	2	0.038461538461538464
2184	5541	51	2	0	0	53	2	0.03773584905660377
2185	5520	51	3	0	0	54	3	0.05555555555555555
2186	5542	50	1	0	0	51	1	0.0196078431372549
2187	5537	56	0	0	0	56	0	0
2188	5527	55	1	0	0	56	1	0.017857142857142856
2189	5545	65	0	0	0	65	0	0
219	5509	57	1	0	0	58	1	0.017241379310344827
2190	5533	55	2	0	0	57	2	0.03508771929824561
2191	5562	68	2	0	0	70	2	0.02857142857142857
2192	5527	46	1	0	0	47	1	0.02127659574468085
2193	5495	53	1	0	0	54	1	0.018518518518518517
2194	5541	54	1	0	0	55	1	0.01818181818181818
2195	5503	60	0	0	0	60	0	0
2196	5500	53	3	0	0	56	3	0.05357142857142857
2197	5535	54	4	0	0	58	4	0.06896551724137931
2198	5547	60	4	0	0	64	4	0.0625
2199	5534	53	0	0	0	53	0	0
22	5518	38	1	0	0	39	1	0.02564102564102564
220	5484	49	1	0	0	50	1	0.02
2200	5538	46	5	0	0	51	5	0.09803921568627451
2201	5487	52	2	0	0	54	2	0.037037037037037035
2202	5547	53	2	0	0	55	2	0.03636363636363636
2203	5529	50	0	0	0	50	0	0
2204	5559	68	3	0	0	71	3	0.04225352112676056
2205	5541	57	1	0	0	58	1	0.017241379310344827
2206	5538	59	2	0	0	61	2	0.03278688524590164
2207	5541	49	4	0	0	53	4	0.07547169811320754
2208	5538	57	3	0	0	60	3	0.05
2209	5514	48	3	0	0	51	3	0.058823529411764705
221	5529	57	1	1	0	59	2	0.03389830508474576
2210	5558	59	3	0	0	62	3	0.04838709677419355
2211	5525	48	1	0	0	49	1	0.02040816326530612
2212	5484	48	1	0	0	49	1	0.02040816326530612
2213	5520	53	3	0	0	56	3	0.05357142857142857
2214	5549	49	5	0	0	54	5	0.09259259259259259
2215	5533	61	0	0	0	61	0	0
2216	5581	60	3	0	0	63	3	0.047619047619047616
2217	5490	56	1	0	0	57	1	0.017543859649122806
2218	5513	43	0	0	0	43	0	0
2219	5565	52	3	0	0	55	3	0.05454545454545454
222	5522	44	3	0	0	47	3	0.06382978723404255
2220	5526	44	1	0	0	45	1	0.022222222222222223
2221	5564	47	1	0	0	48	1	0.020833333333333332
2222	5517	55	3	0	0	58	3	0.05172413793103448
2223	5565	46	2	0	0	48	2	0.041666666666666664
2224	5528	52	1	0	0	53	1	0.018867924528301886
2225	5541	52	1	0	0	53	1	0.018867924528301886
2226	5529	48	2	1	0	51	3	0.058823529411764705
2227	5540	60	3	1	0	64	4	0.0625
2228	5545	46	3	0	0	49	3	0.061224489795918366
2229	5509	55	3	0	0	58	3	0.05172413793103448
223	5507	71	0	0	0	71	0	0
2230	5515	59	1	0	0	60	1	0.016666666666666666
2231	5520	47	4	0	0	51	4	0.0784313725490196
2232	5523	52	2	0	0	54	2	0.037037037037037035
2233	5523	65	2	0	0	67	2	0.029850746268656716
2234	5532	51	0	0	0	51	0	0
2235	5529	56	3	0	0	59	3	0.05084745762711865
2236	5546	55	0	0	0	55	0	0
2237	5518	55	2	0	0	57	2	0.03508771929824561
2238	5536	53	2	0	0	55	2	0.03636363636363636
2239	5556	45	2	0	0	47	2	0.0425531914893617
224	5545	66	2	1	0	69	3	0.043478260869565216
2240	5544	43	2	0	0	45	2	0.044444444444444446
2241	5526	68	3	0	0	71	3	0.04225352112676056
2242	5569	48	0	0	0	48	0	0
2243	5543	50	2	0	0	52	2	0.038461538461538464
2244	5544	49	2	0	0	51	2	0.0392156862745098
2245	5563	59	3	0	0	62	3	0.04838709677419355
2246	5520	62	1	0	0	63	1	0.015873015873015872
2247	5538	58	1	0	0	59	1	0.01694915254237288
2248	5523	65	1	1	0	67	2	0.029850746268656716
2249	5527	46	1	0	0	47	1	0.02127659574468085
225	5550	53	2	0	0	55	2	0.03636363636363636
2250	5517	45	0	0	0	45	0	0
2251	5533	53	1	0	0	54	1	0.018518518518518517
2252	5501	60	3	0	0	63	3	0.047619047619047616
2253	5525	47	2	1	0	50	3	0.06
2254	5517	61	0	0	0	61	0	0
2255	5502	45	4	0	0	49	4	0.08163265306122448
2256	5537	46	1	0	0	47	1	0.02127659574468085
2257	5558	53	2	0	0	55	2	0.03636363636363636
2258	5562	56	1	0	0	57	1	0.017543859649122806
2259	5532	58	1	0	0	59	1	0.01694915254237288
226	5566	59	1	0	0	60	1	0.016666666666666666
2260	5558	53	0	0	0	53	0	0
2261	5529	50	4	0	0	54	4	0.07407407407407407
2262	5500	59	4	0	0	63	4	0.06349206349206349
2263	5525	61	4	0	0	65	4	0.06153846153846154
2264	5524	40	1	0	0	41	1	0.024390243902439025
2265	5535	45	4	0	0	49	4	0.08163265306122448
2266	5515	63	2	0	0	65	2	0.03076923076923077
2267	5553	58	4	0	0	62	4	0.06451612903225806
2268	5520	46	4	0	0	50	4	0.08
2269	5522	58	4	0	0	62	4	0.06451612903225806
227	5545	54	0	0	0	54	0	0
2270	5541	54	3	0	0	57	3	0.05263157894736842
2271	5509	59	1	0	0	60	1	0.016666666666666666
2272	5520	50	1	0	0	51	1	0.0196078431372549
2273	5580	54	3	0	0	57	3	0.05263157894736842
2274	5485	48	2	0	0	50	2	0.04
2275	5547	66	1	0	0	67	1	0.014925373134328358
2276	5529	48	2	0	0	50	2	0.04
2277	5524	58	1	0	0	59	1	0.01694915254237288
2278	5544	58	2	0	0	60	2	0.03333333333333333
2279	5539	53	2	0	0	55	2	0.03636363636363636
228	5527	58	1	0	0	59	1	0.01694915254237288
2280	5520	50	1	0	0	51	1	0.0196078431372549
2281	5548	56	0	1	0	57	1	0.017543859649122806
2282	5538	62	1	0	0	63	1	0.015873015873015872
2283	5549	59	3	0	0	62	3	0.04838709677419355
2284	5525	47	1	0	0	48	1	0.020833333333333332
2285	5542	59	0	0	0	59	0	0
2286	5554	38	1	0	0	39	1	0.02564102564102564
2287	5519	53	0	0	0	53	0	0
2288	5496	48	2	0	0	50	2	0.04
2289	5522	55	1	0	0	56	1	0.017857142857142856
229	5521	62	3	0	0	65	3	0.046153846153846156
2290	5532	65	1	0	0	66	1	0.015151515151515152
2291	5536	42	1	1	0	44	2	0.045454545454545456
2292	5497	63	3	0	0	66	3	0.045454545454545456
2293	5525	63	0	0	0	63	0	0
2294	5553	52	2	0	0	54	2	0.037037037037037035
2295	5563	54	4	0	0	58	4	0.06896551724137931
2296	5500	62	1	0	0	63	1	0.015873015873015872
2297	5556	51	1	0	0	52	1	0.019230769230769232
2298	5500	51	3	0	0	54	3	0.05555555555555555
2299	5560	59	2	0	0	61	2	0.03278688524590164
23	5529	48	3	0	0	51	3	0.058823529411764705
230	5553	53	0	0	0	53	0	0
2300	5526	52	0	0	0	52	0	0
2301	5502	57	3	0	0	60	3	0.05
2302	5549	62	1	0	0	63	1	0.015873015873015872
2303	5539	41	0	0	0	41	0	0
2304	5528	55	1	0	0	56	1	0.017857142857142856
2305	5515	58	2	0	0	60	2	0.03333333333333333
2306	5576	61	1	0	0	62	1	0.016129032258064516
2307	5566	49	3	0	0	52	3	0.057692307692307696
2308	5521	62	2	0	0	64	2	0.03125
2309	5589	46	0	0	0	46	0	0
231	5569	40	2	0	0	42	2	0.047619047619047616
2310	5540	43	2	0	0	45	2	0.044444444444444446
2311	5564	62	1	0	0	63	1	0.015873015873015872
2312	5536	61	4	0	0	65	4	0.06153846153846154
2313	5541	46	2	0	0	48	2	0.041666666666666664
2314	5561	47	4	0	0	51	4	0.0784313725490196
2315	5520	50	2	0	0	52	2	0.038461538461538464
2316	5536	65	1	0	0	66	1	0.015151515151515152
2317	5509	64	3	0	0	67	3	0.04477611940298507
2318	5528	55	1	0	0	56	1	0.017857142857142856
2319	5517	49	2	0	0	51	2	0.0392156862745098
232	5555	51	1	0	0	52	1	0.019230769230769232
2320	5542	44	3	0	0	47	3	0.06382978723404255
2321	5499	48	1	0	0	49	1	0.02040816326530612
2322	5551	47	2	0	0	49	2	0.04081632653061224
2323	5555	53	3	0	0	56	3	0.05357142857142857
2324	5541	47	3	0	0	50	3	0.06
2325	5544	57	1	0	0	58	1	0.017241379310344827
2326	5570	56	1	0	0	57	1	0.017543859649122806
2327	5514	49	2	0	0	51	2	0.0392156862745098
2328	5559	48	2	0	0	50	2	0.04
2329	5549	52	0	0	0	52	0	0
233	5528	56	3	0	0	59	3	0.05084745762711865
2330	5538	59	3	0	0	62	3	0.04838709677419355
2331	5551	57	4	0	0	61	4	0.06557377049180328
2332	5510	53	0	0	0	53	0	0
2333	5510	70	2	0	0	72	2	0.027777777777777776
2334	5528	51	2	0	0	53	2	0.03773584905660377
2335	5571	48	2	0	0	50	2	0.04
2336	5533	38	1	0	0	39	1	0.02564102564102564
2337	5516	55	0	0	0	55	0	0
2338	5499	66	0	0	0	66	0	0
2339	5503	49	0	0	0	49	0	0
234	5550	50	1	0	0	51	1	0.0196078431372549
2340	5534	47	3	0	0	50	3	0.06
2341	5510	46	3	1	0	50	4	0.08
2342	5504	48	6	0	0	54	6	0.1111111111111111
2343	5542	68	3	0	0	71	3	0.04225352112676056
2344	5496	42	2	0	0	44	2	0.045454545454545456
2345	5559	43	1	0	0	44	1	0.022727272727272728
2346	5532	59	2	0	0	61	2	0.03278688524590164
2347	5575	47	2	0	0	49	2	0.04081632653061224
2348	5580	48	2	0	0	50	2	0.04
2349	5517	63	3	0	0	66	3	0.045454545454545456
235	5539	40	6	0	0	46	6	0.13043478260869565
2350	5502	58	2	0	0	60	2	0.03333333333333333
2351	5578	45	3	0	0	48	3	0.0625
2352	5519	44	1	0	0	45	1	0.022222222222222223
2353	5529	53	1	0	0	54	1	0.018518518518518517
2354	5543	46	1	0	0	47	1	0.02127659574468085
2355	5515	69	3	0	0	72	3	0.041666666666666664
2356	5530	49	2	0	0	51	2	0.0392156862745098
2357	5560	49	1	0	0	50	1	0.02
2358	5528	66	5	0	0	71	5	0.07042253521126761
2359	5537	52	0	1	0	53	1	0.018867924528301886
236	5520	54	0	0	0	54	0	0
2360	5535	49	2	0	0	51	2	0.0392156862745098
2361	5551	51	1	0	0	52	1	0.019230769230769232
2362	5509	46	0	0	0	46	0	0
2363	5544	54	3	0	0	57	3	0.05263157894736842
2364	5541	58	2	0	0	60	2	0.03333333333333333
2365	5540	60	1	0	0	61	1	0.01639344262295082
2366	5526	57	1	0	0	58	1	0.017241379310344827
2367	5545	59	0	0	0	59	0	0
2368	5564	42	3	0	0	45	3	0.06666666666666667
2369	5544	47	2	0	0	49	2	0.04081632653061224
237	5512	58	1	0	0	59	1	0.01694915254237288
2370	5560	44	3	0	0	47	3	0.06382978723404255
2371	5537	63	1	0	0	64	1	0.015625
2372	5511	58	3	0	0	61	3	0.04918032786885246
2373	5537	44	3	0	0	47	3	0.06382978723404255
2374	5533	46	0	0	0	46	0	0
2375	5536	54	2	0	0	56	2	0.03571428571428571
2376	5545	61	1	0	0	62	1	0.016129032258064516
2377	5509	53	2	0	0	55	2	0.03636363636363636
2378	5547	47	2	0	0	49	2	0.04081632653061224
2379	5497	65	7	0	0	72	7	0.09722222222222222
238	5577	46	1	0	0	47	1	0.02127659574468085
2380	5529	61	1	0	0	62	1	0.016129032258064516
2381	5541	55	2	0	0	57	2	0.03508771929824561
2382	5528	48	2	0	0	50	2	0.04
2383	5531	44	5	0	0	49	5	0.10204081632653061
2384	5526	53	5	1	0	59	6	0.1016949152542373
2385	5525	56	2	0	0	58	2	0.034482758620689655
2386	5533	41	3	0	0	44	3	0.06818181818181818
2387	5539	52	1	0	0	53	1	0.018867924528301886
2388	5521	51	4	0	0	55	4	0.07272727272727272
2389	5546	54	1	0	0	55	1	0.01818181818181818
239	5528	69	1	0	0	70	1	0.014285714285714285
2390	5524	54	2	0	0	56	2	0.03571428571428571
2391	5518	49	2	0	0	51	2	0.0392156862745098
2392	5530	62	3	0	0	65	3	0.046153846153846156
2393	5539	53	1	0	0	54	1	0.018518518518518517
2394	5527	58	3	0	0	61	3	0.04918032786885246
2395	5522	48	4	0	0	52	4	0.07692307692307693
2396	5513	50	1	0	0	51	1	0.0196078431372549
2397	5541	57	1	0	0	58	1	0.017241379310344827
2398	5520	54	5	0	0	59	5	0.0847457627118644
2399	5565	56	0	0	0	56	0	0
24	5518	45	2	0	0	47	2	0.0425531914893617
240	5497	56	0	0	0	56	0	0
2400	5543	59	2	0	0	61	2	0.03278688524590164
2401	5515	55	5	0	0	60	5	0.08333333333333333
2402	5575	61	3	0	0	64	3	0.046875
2403	5514	52	1	0	0	53	1	0.018867924528301886
2404	5544	59	1	0	0	60	1	0.016666666666666666
2405	5519	59	1	0	0	60	1	0.016666666666666666
2406	5528	50	2	0	0	52	2	0.038461538461538464
2407	5534	54	0	0	0	54	0	0
2408	5532	59	1	0	0	60	1	0.016666666666666666
2409	5564	52	5	0	0	57	5	0.08771929824561403
241	5511	80	6	0	0	86	6	0.06976744186046512
2410	5509	50	1	0	0	51	1	0.0196078431372549
2411	5511	60	1	0	0	61	1	0.01639344262295082
2412	5516	60	6	0	0	66	6	0.09090909090909091
2413	5523	53	3	0	0	56	3	0.05357142857142857
2414	5510	47	3	0	0	50	3	0.06
2415	5509	64	2	0	0	66	2	0.030303030303030304
2416	5490	60	2	0	0	62	2	0.03225806451612903
2417	5532	59	4	0	0	63	4	0.06349206349206349
2418	5562	46	2	0	0	48	2	0.041666666666666664
2419	5532	58	0	0	0	58	0	0
242	5545	60	1	0	0	61	1	0.01639344262295082
2420	5565	49	1	0	0	50	1	0.02
2421	5516	51	3	0	0	54	3	0.05555555555555555
2422	5556	52	2	0	0	54	2	0.037037037037037035
2423	5539	40	2	0	0	42	2	0.047619047619047616
2424	5525	48	2	0	0	50	2	0.04
2425	5527	41	2	0	0	43	2	0.046511627906976744
2426	5561	55	2	0	0	57	2	0.03508771929824561
2427	5550	48	2	0	0	50	2	0.04
2428	5514	68	1	0	0	69	1	0.014492753623188406
2429	5541	48	1	0	0	49	1	0.02040816326530612
243	5519	57	3	0	0	60	3	0.05
2430	5624	48	0	0	0	48	0	0
2431	5535	58	1	0	0	59	1	0.01694915254237288
2432	5492	54	1	0	0	55	1	0.01818181818181818
2433	5577	54	4	0	0	58	4	0.06896551724137931
2434	5502	52	2	0	0	54	2	0.037037037037037035
2435	5520	46	0	0	0	46	0	0
2436	5503	56	4	0	0	60	4	0.06666666666666667
2437	5569	42	1	0	0	43	1	0.023255813953488372
2438	5563	55	2	0	0	57	2	0.03508771929824561
2439	5500	54	2	0	0	56	2	0.03571428571428571
244	5570	64	2	0	0	66	2	0.030303030303030304
2440	5535	45	1	0	0	46	1	0.021739130434782608
2441	5517	48	2	0	0	50	2	0.04
2442	5568	41	3	0	0	44	3	0.06818181818181818
2443	5518	64	1	0	0	65	1	0.015384615384615385
2444	5516	50	2	0	0	52	2	0.038461538461538464
2445	5545	51	0	0	0	51	0	0
2446	5495	64	1	0	0	65	1	0.015384615384615385
2447	5494	61	2	0	0	63	2	0.031746031746031744
2448	5491	54	0	0	0	54	0	0
2449	5507	53	0	0	0	53	0	0
245	5549	58	1	0	0	59	1	0.01694915254237288
2450	5523	49	6	0	0	55	6	0.10909090909090909
2451	5523	56	1	0	0	57	1	0.017543859649122806
2452	5515	44	3	0	0	47	3	0.06382978723404255
2453	5513	57	4	0	0	61	4	0.06557377049180328
2454	5486	61	0	0	0	61	0	0
2455	5521	57	0	0	0	57	0	0
2456	5505	66	3	0	0	69	3	0.043478260869565216
2457	5542	61	5	0	0	66	5	0.07575757575757576
2458	5553	58	2	0	0	60	2	0.03333333333333333
2459	5568	52	2	0	0	54	2	0.037037037037037035
246	5509	46	1	0	0	47	1	0.02127659574468085
2460	5548	51	0	0	0	51	0	0
2461	5558	56	5	0	0	61	5	0.08196721311475409
2462	5531	61	1	0	0	62	1	0.016129032258064516
2463	5531	62	2	0	0	64	2	0.03125
2464	5538	63	1	0	0	64	1	0.015625
2465	5524	54	1	0	0	55	1	0.01818181818181818
2466	5524	69	1	0	0	70	1	0.014285714285714285
2467	5527	50	1	0	0	51	1	0.0196078431372549
2468	5496	62	1	0	0	63	1	0.015873015873015872
2469	5518	52	3	0	0	55	3	0.05454545454545454
247	5532	60	1	0	0	61	1	0.01639344262295082
2470	5535	40	2	0	0	42	2	0.047619047619047616
2471	5528	60	1	0	0	61	1	0.01639344262295082
2472	5508	48	2	0	0	50	2	0.04
2473	5570	59	2	0	0	61	2	0.03278688524590164
2474	5513	62	3	0	0	65	3	0.046153846153846156
2475	5527	61	2	0	0	63	2	0.031746031746031744
2476	5542	53	2	0	0	55	2	0.03636363636363636
2477	5552	63	1	0	0	64	1	0.015625
2478	5549	58	1	0	0	59	1	0.01694915254237288
2479	5530	55	2	1	0	58	3	0.05172413793103448
248	5579	50	1	0	0	51	1	0.0196078431372549
2480	5535	45	2	1	0	48	3	0.0625
2481	5518	55	0	0	0	55	0	0
2482	5527	50	0	1	0	51	1	0.0196078431372549
2483	5478	53	1	0	0	54	1	0.018518518518518517
2484	5498	49	1	0	0	50	1	0.02
2485	5516	53	1	0	0	54	1	0.018518518518518517
2486	5539	75	2	0	0	77	2	0.025974025974025976
2487	5517	56	1	0	0	57	1	0.017543859649122806
2488	5545	66	2	0	0	68	2	0.029411764705882353
2489	5571	50	1	0	0	51	1	0.0196078431372549
249	5524	48	2	0	0	50	2	0.04
2490	5530	54	1	1	0	56	2	0.03571428571428571
2491	5506	55	2	0	0	57	2	0.03508771929824561
2492	5517	54	1	0	0	55	1	0.01818181818181818
2493	5558	56	0	0	0	56	0	0
2494	5550	60	2	0	0	62	2	0.03225806451612903
2495	5551	46	3	0	0	49	3	0.061224489795918366
2496	5527	51	2	0	0	53	2	0.03773584905660377
2497	5488	59	2	0	0	61	2	0.03278688524590164
2498	5515	52	1	0	0	53	1	0.018867924528301886
2499	5533	59	1	0	0	60	1	0.016666666666666666
25	5528	42	2	0	0	44	2	0.045454545454545456
250	5520	52	3	0	0	55	3	0.05454545454545454
2500	5558	48	0	0	0	48	0	0
2501	5515	51	3	0	0	54	3	0.05555555555555555
2502	5546	52	2	0	0	54	2	0.037037037037037035
2503	5525	55	0	0	0	55	0	0
2504	5551	40	3	0	0	43	3	0.06976744186046512
2505	5530	68	1	1	0	70	2	0.02857142857142857
2506	5536	58	1	0	0	59	1	0.01694915254237288
2507	5551	71	1	0	0	72	1	0.013888888888888888
2508	5529	47	1	0	0	48	1	0.020833333333333332
2509	5570	53	2	0	0	55	2	0.03636363636363636
251	5526	49	2	0	0	51	2	0.0392156862745098
2510	5529	66	2	0	0	68	2	0.029411764705882353
2511	5553	63	4	0	0	67	4	0.05970149253731343
2512	5528	62	3	0	0	65	3	0.046153846153846156
2513	5528	55	0	0	0	55	0	0
2514	5502	64	3	0	0	67	3	0.04477611940298507
2515	5518	50	1	0	0	51	1	0.0196078431372549
2516	5532	58	2	0	0	60	2	0.03333333333333333
2517	5526	52	1	0	0	53	1	0.018867924528301886
2518	5559	54	3	0	0	57	3	0.05263157894736842
2519	5517	53	4	0	0	57	4	0.07017543859649122
252	5514	60	1	0	0	61	1	0.01639344262295082
2520	5563	50	1	0	0	51	1	0.0196078431372549
2521	5528	55	1	0	0	56	1	0.017857142857142856
2522	5539	60	1	0	0	61	1	0.01639344262295082
2523	5484	57	2	0	0	59	2	0.03389830508474576
2524	5509	62	1	0	0	63	1	0.015873015873015872
2525	5519	54	1	0	0	55	1	0.01818181818181818
2526	5559	52	1	0	0	53	1	0.018867924528301886
2527	5539	54	3	0	0	57	3	0.05263157894736842
2528	5506	47	3	0	0	50	3	0.06
2529	5527	54	4	0	0	58	4	0.06896551724137931
253	5555	56	2	0	0	58	2	0.034482758620689655
2530	5500	57	2	0	0	59	2	0.03389830508474576
2531	5532	55	1	0	0	56	1	0.017857142857142856
2532	5538	56	0	0	0	56	0	0
2533	5537	45	0	0	0	45	0	0
2534	5515	55	0	0	0	55	0	0
2535	5540	67	2	0	0	69	2	0.028985507246376812
2536	5537	55	1	0	0	56	1	0.017857142857142856
2537	5516	52	1	0	0	53	1	0.018867924528301886
2538	5508	58	5	0	0	63	5	0.07936507936507936
2539	5538	59	1	0	0	60	1	0.016666666666666666
254	5557	41	2	0	0	43	2	0.046511627906976744
2540	5546	44	1	0	0	45	1	0.022222222222222223
2541	5545	45	3	0	0	48	3	0.0625
2542	5520	65	3	0	0	68	3	0.04411764705882353
2543	5530	57	7	0	0	64	7	0.109375
2544	5538	47	1	0	0	48	1	0.020833333333333332
2545	5557	61	4	0	0	65	4	0.06153846153846154
2546	5508	49	1	0	0	50	1	0.02
2547	5531	48	3	0	0	51	3	0.058823529411764705
2548	5532	46	2	0	0	48	2	0.041666666666666664
2549	5564	46	3	0	0	49	3	0.061224489795918366
255	5504	51	3	0	0	54	3	0.05555555555555555
2550	5532	68	1	0	0	69	1	0.014492753623188406
2551	5532	59	2	0	0	61	2	0.03278688524590164
2552	5540	65	2	0	0	67	2	0.029850746268656716
2553	5524	54	1	0	0	55	1	0.01818181818181818
2554	5513	53	2	0	0	55	2	0.03636363636363636
2555	5500	49	2	0	0	51	2	0.0392156862745098
2556	5525	49	0	0	0	49	0	0
2557	5518	45	0	0	0	45	0	0
2558	5518	62	3	0	0	65	3	0.046153846153846156
2559	5482	49	2	0	0	51	2	0.0392156862745098
256	5516	55	0	0	0	55	0	0
2560	5527	59	0	0	0	59	0	0
2561	5511	42	1	0	0	43	1	0.023255813953488372
2562	5519	65	2	1	0	68	3	0.04411764705882353
2563	5548	47	1	0	0	48	1	0.020833333333333332
2564	5523	56	1	0	0	57	1	0.017543859649122806
2565	5541	58	3	0	0	61	3	0.04918032786885246
2566	5473	50	0	0	0	50	0	0
2567	5552	44	7	0	0	51	7	0.13725490196078433
2568	5518	59	1	0	0	60	1	0.016666666666666666
2569	5520	58	0	0	0	58	0	0
257	5542	57	3	0	0	60	3	0.05
2570	5550	34	2	0	0	36	2	0.05555555555555555
2571	5496	66	1	0	0	67	1	0.014925373134328358
2572	5559	52	1	0	0	53	1	0.018867924528301886
2573	5562	48	4	0	0	52	4	0.07692307692307693
2574	5543	49	1	1	0	51	2	0.0392156862745098
2575	5558	48	0	0	0	48	0	0
2576	5542	56	1	0	0	57	1	0.017543859649122806
2577	5520	53	2	0	0	55	2	0.03636363636363636
2578	5493	60	3	0	0	63	3	0.047619047619047616
2579	5517	54	6	0	0	60	6	0.1
258	5497	63	1	0	0	64	1	0.015625
2580	5555	65	1	0	0	66	1	0.015151515151515152
2581	5594	46	2	0	0	48	2	0.041666666666666664
2582	5512	49	3	0	0	52	3	0.057692307692307696
2583	5537	55	3	0	0	58	3	0.05172413793103448
2584	5573	55	1	0	0	56	1	0.017857142857142856
2585	5553	74	5	0	0	79	5	0.06329113924050633
2586	5537	53	2	1	0	56	3	0.05357142857142857
2587	5533	59	0	0	0	59	0	0
2588	5566	51	2	0	0	53	2	0.03773584905660377
2589	5493	57	1	0	0	58	1	0.017241379310344827
259	5526	48	2	0	0	50	2	0.04
2590	5565	61	2	0	0	63	2	0.031746031746031744
2591	5568	59	1	0	0	60	1	0.016666666666666666
2592	5539	39	1	0	0	40	1	0.025
2593	5517	58	3	0	0	61	3	0.04918032786885246
2594	5558	50	2	0	0	52	2	0.038461538461538464
2595	5555	61	1	0	0	62	1	0.016129032258064516
2596	5535	40	1	0	0	41	1	0.024390243902439025
2597	5547	54	3	0	0	57	3	0.05263157894736842
2598	5524	62	1	0	0	63	1	0.015873015873015872
2599	5531	49	2	0	0	51	2	0.0392156862745098
26	5492	60	1	0	0	61	1	0.01639344262295082
260	5523	53	2	0	0	55	2	0.03636363636363636
2600	5569	66	2	0	0	68	2	0.029411764705882353
2601	5558	54	2	0	0	56	2	0.03571428571428571
2602	5528	52	3	0	0	55	3	0.05454545454545454
2603	5480	55	1	0	0	56	1	0.017857142857142856
2604	5546	48	1	0	0	49	1	0.02040816326530612
2605	5506	52	0	0	0	52	0	0
2606	5501	47	2	0	0	49	2	0.04081632653061224
2607	5492	59	3	0	0	62	3	0.04838709677419355
2608	5517	54	2	0	0	56	2	0.03571428571428571
2609	5571	44	1	0	0	45	1	0.022222222222222223
261	5508	61	5	0	0	66	5	0.07575757575757576
2610	5512	57	3	0	0	60	3	0.05
2611	5556	53	3	0	0	56	3	0.05357142857142857
2612	5529	49	1	0	0	50	1	0.02
2613	5560	55	2	0	0	57	2	0.03508771929824561
2614	5513	62	3	1	0	66	4	0.06060606060606061
2615	5507	47	0	0	0	47	0	0
2616	5535	59	1	0	0	60	1	0.016666666666666666
2617	5525	60	2	0	0	62	2	0.03225806451612903
2618	5521	59	1	0	0	60	1	0.016666666666666666
2619	5532	44	0	0	0	44	0	0
262	5530	56	2	0	0	58	2	0.034482758620689655
2620	5513	54	2	0	0	56	2	0.03571428571428571
2621	5526	59	4	0	0	63	4	0.06349206349206349
2622	5514	38	3	0	0	41	3	0.07317073170731707
2623	5517	42	2	0	0	44	2	0.045454545454545456
2624	5527	45	0	0	0	45	0	0
2625	5560	57	2	0	0	59	2	0.03389830508474576
2626	5551	52	2	1	0	55	3	0.05454545454545454
2627	5543	51	2	0	0	53	2	0.03773584905660377
2628	5540	49	5	0	0	54	5	0.09259259259259259
2629	5498	45	1	0	0	46	1	0.021739130434782608
263	5578	52	2	0	0	54	2	0.037037037037037035
2630	5538	44	2	0	0	46	2	0.043478260869565216
2631	5538	45	1	0	0	46	1	0.021739130434782608
2632	5564	58	0	0	0	58	0	0
2633	5549	61	0	0	0	61	0	0
2634	5484	53	1	0	0	54	1	0.018518518518518517
2635	5547	58	2	0	0	60	2	0.03333333333333333
2636	5556	52	1	0	0	53	1	0.018867924528301886
2637	5512	48	2	0	0	50	2	0.04
2638	5535	51	2	0	0	53	2	0.03773584905660377
2639	5515	54	2	0	0	56	2	0.03571428571428571
264	5566	45	1	0	0	46	1	0.021739130434782608
2640	5503	59	1	0	0	60	1	0.016666666666666666
2641	5543	60	5	0	0	65	5	0.07692307692307693
2642	5521	47	2	0	0	49	2	0.04081632653061224
2643	5552	42	1	0	0	43	1	0.023255813953488372
2644	5518	43	4	0	0	47	4	0.0851063829787234
2645	5502	70	1	0	0	71	1	0.014084507042253521
2646	5573	52	1	0	0	53	1	0.018867924528301886
2647	5544	66	0	0	0	66	0	0
2648	5543	67	2	0	0	69	2	0.028985507246376812
2649	5553	44	1	0	0	45	1	0.022222222222222223
265	5545	49	1	0	0	50	1	0.02
2650	5529	61	0	0	0	61	0	0
2651	5494	59	3	0	0	62	3	0.04838709677419355
2652	5525	58	1	0	0	59	1	0.01694915254237288
2653	5521	45	1	0	0	46	1	0.021739130434782608
2654	5574	52	2	0	0	54	2	0.037037037037037035
2655	5580	50	0	0	0	50	0	0
2656	5536	69	1	0	0	70	1	0.014285714285714285
2657	5524	61	3	0	0	64	3	0.046875
2658	5540	59	2	0	0	61	2	0.03278688524590164
2659	5567	55	4	0	0	59	4	0.06779661016949153
266	5498	63	0	0	0	63	0	0
2660	5544	66	0	0	0	66	0	0
2661	5543	49	0	0	0	49	0	0
2662	5544	57	3	0	0	60	3	0.05
2663	5549	55	4	0	0	59	4	0.06779661016949153
2664	5539	65	2	0	0	67	2	0.029850746268656716
2665	5508	46	2	0	0	48	2	0.041666666666666664
2666	5544	50	3	0	0	53	3	0.05660377358490566
2667	5542	46	0	0	0	46	0	0
2668	5576	70	0	0	0	70	0	0
2669	5551	58	2	0	0	60	2	0.03333333333333333
267	5477	68	2	0	0	70	2	0.02857142857142857
2670	5529	52	2	0	0	54	2	0.037037037037037035
2671	5537	48	1	0	0	49	1	0.02040816326530612
2672	5498	58	1	0	0	59	1	0.01694915254237288
2673	5537	50	4	0	0	54	4	0.07407407407407407
2674	5569	54	2	0	0	56	2	0.03571428571428571
2675	5510	52	3	0	0	55	3	0.05454545454545454
2676	5557	68	1	0	0	69	1	0.014492753623188406
2677	5496	49	1	0	0	50	1	0.02
2678	5550	49	5	0	0	54	5	0.09259259259259259
2679	5542	50	3	0	0	53	3	0.05660377358490566
268	5527	52	0	0	0	52	0	0
2680	5494	47	1	0	0	48	1	0.020833333333333332
2681	5542	55	2	0	0	57	2	0.03508771929824561
2682	5500	30	1	0	0	31	1	0.03225806451612903
2683	5519	52	2	0	0	54	2	0.037037037037037035
2684	5515	51	1	0	0	52	1	0.019230769230769232
2685	5498	57	0	0	0	57	0	0
2686	5569	56	3	0	0	59	3	0.05084745762711865
2687	5504	54	2	0	0	56	2	0.03571428571428571
2688	5544	48	2	0	0	50	2	0.04
2689	5558	51	2	1	0	54	3	0.05555555555555555
269	5565	43	1	0	0	44	1	0.022727272727272728
2690	5520	58	2	0	0	60	2	0.03333333333333333
2691	5545	59	3	0	0	62	3	0.04838709677419355
2692	5556	50	5	0	0	55	5	0.09090909090909091
2693	5524	49	2	0	0	51	2	0.0392156862745098
2694	5539	54	2	0	0	56	2	0.03571428571428571
2695	5538	52	1	0	0	53	1	0.018867924528301886
2696	5538	62	2	0	0	64	2	0.03125
2697	5561	53	2	0	0	55	2	0.03636363636363636
2698	5520	44	1	1	0	46	2	0.043478260869565216
2699	5491	63	0	0	0	63	0	0
27	5532	63	2	0	0	65	2	0.03076923076923077
270	5554	50	4	0	0	54	4	0.07407407407407407
2700	5525	51	1	0	0	52	1	0.019230769230769232
2701	5522	66	0	0	0	66	0	0
2702	5584	53	1	0	0	54	1	0.018518518518518517
2703	5552	56	0	0	0	56	0	0
2704	5537	48	1	0	0	49	1	0.02040816326530612
2705	5488	48	3	0	0	51	3	0.058823529411764705
2706	5533	47	1	0	0	48	1	0.020833333333333332
2707	5541	47	4	0	0	51	4	0.0784313725490196
2708	5567	56	2	0	0	58	2	0.034482758620689655
2709	5578	60	2	0	0	62	2	0.03225806451612903
271	5546	60	0	0	0	60	0	0
2710	5538	60	1	0	0	61	1	0.01639344262295082
2711	5529	61	2	0	0	63	2	0.031746031746031744
2712	5516	54	1	0	0	55	1	0.01818181818181818
2713	5558	52	2	0	0	54	2	0.037037037037037035
2714	5547	56	3	0	0	59	3	0.05084745762711865
2715	5578	51	1	0	0	52	1	0.019230769230769232
2716	5529	42	3	0	0	45	3	0.06666666666666667
2717	5530	66	1	0	0	67	1	0.014925373134328358
2718	5535	58	2	0	0	60	2	0.03333333333333333
2719	5557	57	1	0	0	58	1	0.017241379310344827
272	5548	55	3	0	0	58	3	0.05172413793103448
2720	5499	61	0	0	0	61	0	0
2721	5555	55	2	0	0	57	2	0.03508771929824561
2722	5546	47	1	0	0	48	1	0.020833333333333332
2723	5542	55	4	0	0	59	4	0.06779661016949153
2724	5533	57	1	0	0	58	1	0.017241379310344827
2725	5537	54	3	0	0	57	3	0.05263157894736842
2726	5547	40	0	0	0	40	0	0
2727	5543	56	0	1	0	57	1	0.017543859649122806
2728	5500	60	3	0	0	63	3	0.047619047619047616
2729	5526	48	1	0	0	49	1	0.02040816326530612
273	5526	61	1	0	0	62	1	0.016129032258064516
2730	5532	52	2	0	0	54	2	0.037037037037037035
2731	5560	60	1	0	0	61	1	0.01639344262295082
2732	5524	48	0	0	0	48	0	0
2733	5545	49	1	0	0	50	1	0.02
2734	5561	42	0	0	0	42	0	0
2735	5513	56	0	0	0	56	0	0
2736	5511	47	4	0	0	51	4	0.0784313725490196
2737	5521	65	2	0	0	67	2	0.029850746268656716
2738	5543	53	1	0	0	54	1	0.018518518518518517
2739	5531	55	2	0	0	57	2	0.03508771929824561
274	5523	64	1	0	0	65	1	0.015384615384615385
2740	5560	52	2	0	0	54	2	0.037037037037037035
2741	5528	45	1	0	0	46	1	0.021739130434782608
2742	5549	42	2	0	0	44	2	0.045454545454545456
2743	5519	59	3	0	0	62	3	0.04838709677419355
2744	5582	54	3	0	0	57	3	0.05263157894736842
2745	5474	54	3	0	0	57	3	0.05263157894736842
2746	5496	53	3	0	0	56	3	0.05357142857142857
2747	5561	52	0	0	0	52	0	0
2748	5543	42	3	0	0	45	3	0.06666666666666667
2749	5525	46	1	0	0	47	1	0.02127659574468085
275	5499	46	0	0	0	46	0	0
2750	5559	51	4	0	0	55	4	0.07272727272727272
2751	5515	52	0	0	0	52	0	0
2752	5511	49	1	0	0	50	1	0.02
2753	5498	57	1	0	0	58	1	0.017241379310344827
2754	5555	58	1	0	0	59	1	0.01694915254237288
2755	5496	56	3	0	0	59	3	0.05084745762711865
2756	5520	59	0	0	0	59	0	0
2757	5568	44	3	0	0	47	3	0.06382978723404255
2758	5525	40	0	0	0	40	0	0
2759	5535	62	1	0	0	63	1	0.015873015873015872
276	5527	47	3	0	0	50	3	0.06
2760	5494	57	1	0	0	58	1	0.017241379310344827
2761	5546	55	1	0	0	56	1	0.017857142857142856
2762	5536	59	2	0	0	61	2	0.03278688524590164
2763	5562	54	1	0	0	55	1	0.01818181818181818
2764	5547	50	1	0	0	51	1	0.0196078431372549
2765	5541	68	2	0	0	70	2	0.02857142857142857
2766	5532	50	1	0	0	51	1	0.0196078431372549
2767	5503	57	3	0	0	60	3	0.05
2768	5550	48	1	0	0	49	1	0.02040816326530612
2769	5555	59	0	0	0	59	0	0
277	5564	56	0	0	0	56	0	0
2770	5522	74	1	0	0	75	1	0.013333333333333334
2771	5532	54	3	0	0	57	3	0.05263157894736842
2772	5573	51	1	0	0	52	1	0.019230769230769232
2773	5525	56	0	0	0	56	0	0
2774	5543	49	2	0	0	51	2	0.0392156862745098
2775	5489	54	0	0	0	54	0	0
2776	5508	54	0	0	0	54	0	0
2777	5526	75	3	0	0	78	3	0.038461538461538464
2778	5548	56	1	0	0	57	1	0.017543859649122806
2779	5520	62	3	0	0	65	3	0.046153846153846156
278	5545	42	1	0	0	43	1	0.023255813953488372
2780	5577	59	2	0	0	61	2	0.03278688524590164
2781	5558	41	1	0	0	42	1	0.023809523809523808
2782	5526	46	2	0	0	48	2	0.041666666666666664
2783	5554	40	5	0	0	45	5	0.1111111111111111
2784	5527	51	3	0	0	54	3	0.05555555555555555
2785	5548	60	1	0	0	61	1	0.01639344262295082
2786	5492	43	1	0	0	44	1	0.022727272727272728
2787	5552	53	0	0	0	53	0	0
2788	5510	46	0	0	0	46	0	0
2789	5551	50	2	1	0	53	3	0.05660377358490566
279	5481	67	3	0	0	70	3	0.04285714285714286
2790	5504	53	2	0	0	55	2	0.03636363636363636
2791	5503	58	2	0	0	60	2	0.03333333333333333
2792	5504	67	0	0	0	67	0	0
2793	5529	48	1	0	0	49	1	0.02040816326530612
2794	5531	60	2	0	0	62	2	0.03225806451612903
2795	5540	63	2	0	0	65	2	0.03076923076923077
2796	5535	53	0	0	0	53	0	0
2797	5543	57	3	0	0	60	3	0.05
2798	5474	59	2	0	0	61	2	0.03278688524590164
2799	5556	56	1	0	0	57	1	0.017543859649122806
28	5547	47	0	0	0	47	0	0
280	5516	64	3	0	0	67	3	0.04477611940298507
2800	5536	50	1	0	0	51	1	0.0196078431372549
2801	5528	60	2	0	0	62	2	0.03225806451612903
2802	5537	62	0	0	0	62	0	0
2803	5540	52	1	0	0	53	1	0.018867924528301886
2804	5583	53	3	0	0	56	3	0.05357142857142857
2805	5539	65	0	0	0	65	0	0
2806	5517	59	2	0	0	61	2	0.03278688524590164
2807	5510	47	1	0	0	48	1	0.020833333333333332
2808	5555	55	2	0	0	57	2	0.03508771929824561
2809	5525	63	3	1	0	67	4	0.05970149253731343
281	5523	50	3	0	0	53	3	0.05660377358490566
2810	5504	59	1	0	0	60	1	0.016666666666666666
2811	5562	57	1	0	0	58	1	0.017241379310344827
2812	5519	46	0	0	0	46	0	0
2813	5498	54	3	0	0	57	3	0.05263157894736842
2814	5561	55	1	0	0	56	1	0.017857142857142856
2815	5555	47	2	0	0	49	2	0.04081632653061224
2816	5493	63	2	0	0	65	2	0.03076923076923077
2817	5510	47	2	0	0	49	2	0.04081632653061224
2818	5531	61	0	0	0	61	0	0
2819	5545	55	2	0	0	57	2	0.03508771929824561
282	5563	52	3	0	0	55	3	0.05454545454545454
2820	5544	41	0	0	0	41	0	0
2821	5531	55	3	0	0	58	3	0.05172413793103448
2822	5546	46	1	0	0	47	1	0.02127659574468085
2823	5571	50	1	0	0	51	1	0.0196078431372549
2824	5509	52	0	0	0	52	0	0
2825	5554	56	1	0	0	57	1	0.017543859649122806
2826	5545	49	3	0	0	52	3	0.057692307692307696
2827	5549	53	2	0	0	55	2	0.03636363636363636
2828	5547	63	3	0	0	66	3	0.045454545454545456
2829	5562	44	2	0	0	46	2	0.043478260869565216
283	5543	62	5	0	0	67	5	0.07462686567164178
2830	5541	55	1	0	0	56	1	0.017857142857142856
2831	5502	51	0	0	0	51	0	0
2832	5521	50	1	0	0	51	1	0.0196078431372549
2833	5551	52	2	0	0	54	2	0.037037037037037035
2834	5547	55	4	0	0	59	4	0.06779661016949153
2835	5536	60	1	0	0	61	1	0.01639344262295082
2836	5560	56	0	0	0	56	0	0
2837	5507	43	1	0	0	44	1	0.022727272727272728
2838	5534	51	3	0	0	54	3	0.05555555555555555
2839	5542	59	3	0	0	62	3	0.04838709677419355
284	5532	51	0	0	0	51	0	0
2840	5532	52	1	0	0	53	1	0.018867924528301886
2841	5550	43	0	0	0	43	0	0
2842	5550	49	2	0	0	51	2	0.0392156862745098
2843	5527	49	0	0	0	49	0	0
2844	5525	45	1	0	0	46	1	0.021739130434782608
2845	5532	56	3	0	0	59	3	0.05084745762711865
2846	5542	62	2	0	0	64	2	0.03125
2847	5507	50	4	0	0	54	4	0.07407407407407407
2848	5541	55	3	0	0	58	3	0.05172413793103448
2849	5584	50	3	0	0	53	3	0.05660377358490566
285	5501	63	3	0	0	66	3	0.045454545454545456
2850	5536	53	1	1	0	55	2	0.03636363636363636
2851	5521	59	2	0	0	61	2	0.03278688524590164
2852	5502	64	5	0	0	69	5	0.07246376811594203
2853	5544	52	3	0	0	55	3	0.05454545454545454
2854	5539	52	1	0	0	53	1	0.018867924528301886
2855	5525	57	4	0	0	61	4	0.06557377049180328
2856	5542	51	0	0	0	51	0	0
2857	5521	71	4	0	0	75	4	0.05333333333333334
2858	5537	45	1	0	0	46	1	0.021739130434782608
2859	5559	47	2	0	0	49	2	0.04081632653061224
286	5535	58	3	0	0	61	3	0.04918032786885246
2860	5513	55	1	0	0	56	1	0.017857142857142856
2861	5557	50	2	0	0	52	2	0.038461538461538464
2862	5498	41	1	0	0	42	1	0.023809523809523808
2863	5559	57	1	0	0	58	1	0.017241379310344827
2864	5524	50	3	0	0	53	3	0.05660377358490566
2865	5576	61	2	0	0	63	2	0.031746031746031744
2866	5566	66	1	0	0	67	1	0.014925373134328358
2867	5527	55	2	0	0	57	2	0.03508771929824561
2868	5537	53	1	0	0	54	1	0.018518518518518517
2869	5504	60	1	0	0	61	1	0.01639344262295082
287	5544	50	1	1	0	52	2	0.038461538461538464
2870	5503	59	2	0	0	61	2	0.03278688524590164
2871	5584	39	1	0	0	40	1	0.025
2872	5569	56	2	0	0	58	2	0.034482758620689655
2873	5518	53	0	0	0	53	0	0
2874	5515	52	3	0	0	55	3	0.05454545454545454
2875	5520	49	3	0	0	52	3	0.057692307692307696
2876	5508	59	1	0	0	60	1	0.016666666666666666
2877	5517	59	1	0	0	60	1	0.016666666666666666
2878	5515	68	1	0	0	69	1	0.014492753623188406
2879	5565	57	1	0	0	58	1	0.017241379310344827
288	5532	53	0	0	0	53	0	0
2880	5564	51	1	0	0	52	1	0.019230769230769232
2881	5540	43	0	0	0	43	0	0
2882	5522	51	1	0	0	52	1	0.019230769230769232
2883	5544	41	4	0	0	45	4	0.08888888888888889
2884	5530	45	3	0	0	48	3	0.0625
2885	5538	62	3	0	0	65	3	0.046153846153846156
2886	5524	48	1	0	0	49	1	0.02040816326530612
2887	5527	62	2	0	0	64	2	0.03125
2888	5545	52	2	0	0	54	2	0.037037037037037035
2889	5552	64	2	0	0	66	2	0.030303030303030304
289	5557	55	3	0	0	58	3	0.05172413793103448
2890	5502	58	2	0	0	60	2	0.03333333333333333
2891	5505	54	2	0	0	56	2	0.03571428571428571
2892	5540	77	1	0	0	78	1	0.01282051282051282
2893	5518	54	3	0	0	57	3	0.05263157894736842
2894	5500	51	1	0	0	52	1	0.019230769230769232
2895	5564	59	2	0	0	61	2	0.03278688524590164
2896	5532	41	1	0	0	42	1	0.023809523809523808
2897	5559	48	1	1	0	50	2	0.04
2898	5546	54	2	0	0	56	2	0.03571428571428571
2899	5507	54	3	0	0	57	3	0.05263157894736842
29	5545	55	0	0	0	55	0	0
290	5523	55	1	0	0	56	1	0.017857142857142856
2900	5531	57	2	0	0	59	2	0.03389830508474576
2901	5532	72	0	0	0	72	0	0
2902	5514	54	4	0	0	58	4	0.06896551724137931
2903	5547	60	2	0	0	62	2	0.03225806451612903
2904	5533	57	2	0	0	59	2	0.03389830508474576
2905	5550	60	1	0	0	61	1	0.01639344262295082
2906	5553	60	2	0	0	62	2	0.03225806451612903
2907	5540	55	0	0	0	55	0	0
2908	5507	54	2	0	0	56	2	0.03571428571428571
2909	5534	60	3	0	0	63	3	0.047619047619047616
291	5532	62	0	0	0	62	0	0
2910	5551	53	0	0	0	53	0	0
2911	5542	55	3	0	0	58	3	0.05172413793103448
2912	5496	59	4	0	0	63	4	0.06349206349206349
2913	5513	55	3	0	0	58	3	0.05172413793103448
2914	5512	52	3	0	0	55	3	0.05454545454545454
2915	5567	41	2	0	0	43	2	0.046511627906976744
2916	5513	55	2	0	0	57	2	0.03508771929824561
2917	5537	41	3	0	0	44	3	0.06818181818181818
2918	5538	50	1	0	0	51	1	0.0196078431372549
2919	5575	42	3	0	0	45	3	0.06666666666666667
292	5608	44	1	0	0	45	1	0.022222222222222223
2920	5543	43	2	0	0	45	2	0.044444444444444446
2921	5561	52	1	0	0	53	1	0.018867924528301886
2922	5522	63	3	0	0	66	3	0.045454545454545456
2923	5531	71	1	0	0	72	1	0.013888888888888888
2924	5543	65	2	0	0	67	2	0.029850746268656716
2925	5523	54	2	0	0	56	2	0.03571428571428571
2926	5501	59	4	0	0	63	4	0.06349206349206349
2927	5494	70	2	0	0	72	2	0.027777777777777776
2928	5526	58	1	1	0	60	2	0.03333333333333333
2929	5524	60	2	0	0	62	2	0.03225806451612903
293	5540	49	3	0	0	52	3	0.057692307692307696
2930	5532	65	3	0	0	68	3	0.04411764705882353
2931	5589	63	1	0	0	64	1	0.015625
2932	5578	55	2	0	0	57	2	0.03508771929824561
2933	5509	39	3	0	0	42	3	0.07142857142857142
2934	5520	74	1	0	0	75	1	0.013333333333333334
2935	5539	55	1	0	0	56	1	0.017857142857142856
2936	5538	58	1	0	0	59	1	0.01694915254237288
2937	5523	59	3	0	0	62	3	0.04838709677419355
2938	5497	65	0	0	0	65	0	0
2939	5582	45	2	0	0	47	2	0.0425531914893617
294	5555	59	4	0	0	63	4	0.06349206349206349
2940	5523	53	3	0	0	56	3	0.05357142857142857
2941	5537	53	0	0	0	53	0	0
2942	5562	52	1	0	0	53	1	0.018867924528301886
2943	5539	52	3	0	0	55	3	0.05454545454545454
2944	5576	64	0	0	0	64	0	0
2945	5529	51	2	0	0	53	2	0.03773584905660377
2946	5549	74	2	0	0	76	2	0.02631578947368421
2947	5545	42	1	0	0	43	1	0.023255813953488372
2948	5494	63	4	1	0	68	5	0.07352941176470588
2949	5539	57	2	0	0	59	2	0.03389830508474576
295	5529	45	3	0	0	48	3	0.0625
2950	5508	58	3	0	0	61	3	0.04918032786885246
2951	5532	64	1	0	0	65	1	0.015384615384615385
2952	5567	55	1	0	0	56	1	0.017857142857142856
2953	5524	58	1	0	0	59	1	0.01694915254237288
2954	5537	60	2	0	0	62	2	0.03225806451612903
2955	5544	69	1	0	0	70	1	0.014285714285714285
2956	5511	52	4	0	0	56	4	0.07142857142857142
2957	5545	43	1	0	0	44	1	0.022727272727272728
2958	5530	59	0	0	0	59	0	0
2959	5527	60	2	0	0	62	2	0.03225806451612903
296	5522	48	3	0	0	51	3	0.058823529411764705
2960	5542	59	0	0	0	59	0	0
2961	5545	53	3	0	0	56	3	0.05357142857142857
2962	5562	55	1	0	0	56	1	0.017857142857142856
2963	5544	57	3	0	0	60	3	0.05
2964	5499	60	2	0	0	62	2	0.03225806451612903
2965	5532	56	2	0	0	58	2	0.034482758620689655
2966	5551	53	3	0	0	56	3	0.05357142857142857
2967	5562	54	2	0	0	56	2	0.03571428571428571
2968	5526	50	0	0	0	50	0	0
2969	5555	56	1	0	0	57	1	0.017543859649122806
297	5499	62	2	1	0	65	3	0.046153846153846156
2970	5488	53	2	0	0	55	2	0.03636363636363636
2971	5533	59	3	0	0	62	3	0.04838709677419355
2972	5501	49	1	0	0	50	1	0.02
2973	5547	48	0	0	0	48	0	0
2974	5523	64	1	0	0	65	1	0.015384615384615385
2975	5534	50	1	0	0	51	1	0.0196078431372549
2976	5552	56	4	0	0	60	4	0.06666666666666667
2977	5536	60	0	0	0	60	0	0
2978	5541	45	1	0	0	46	1	0.021739130434782608
2979	5485	66	3	0	0	69	3	0.043478260869565216
298	5512	51	2	0	0	53	2	0.03773584905660377
2980	5510	65	1	0	0	66	1	0.015151515151515152
2981	5527	48	2	0	0	50	2	0.04
2982	5543	54	3	0	0	57	3	0.05263157894736842
2983	5507	47	1	0	0	48	1	0.020833333333333332
2984	5532	66	0	0	0	66	0	0
2985	5570	74	4	0	0	78	4	0.05128205128205128
2986	5571	39	3	0	0	42	3	0.07142857142857142
2987	5522	52	1	0	0	53	1	0.018867924528301886
2988	5562	42	1	0	0	43	1	0.023255813953488372
2989	5532	56	2	1	0	59	3	0.05084745762711865
299	5526	45	2	0	0	47	2	0.0425531914893617
2990	5541	60	0	0	0	60	0	0
2991	5573	51	4	0	0	55	4	0.07272727272727272
2992	5511	51	1	1	0	53	2	0.03773584905660377
2993	5556	49	1	0	0	50	1	0.02
2994	5547	63	1	0	0	64	1	0.015625
2995	5528	60	1	0	0	61	1	0.01639344262295082
2996	5565	59	1	0	0	60	1	0.016666666666666666
2997	5554	53	2	0	0	55	2	0.03636363636363636
2998	5554	43	1	0	0	44	1	0.022727272727272728
2999	5581	65	3	0	0	68	3	0.04411764705882353
3	5523	58	1	0	0	59	1	0.01694915254237288
30	5509	57	1	1	0	59	2	0.03389830508474576
300	5508	56	3	0	0	59	3	0.05084745762711865
3000	5522	53	2	0	0	55	2	0.03636363636363636
3001	5524	42	1	0	0	43	1	0.023255813953488372
3002	5567	54	3	0	0	57	3	0.05263157894736842
3003	5545	55	2	0	0	57	2	0.03508771929824561
3004	5520	53	4	0	0	57	4	0.07017543859649122
3005	5538	48	3	0	0	51	3	0.058823529411764705
3006	5543	59	3	0	0	62	3	0.04838709677419355
3007	5556	51	2	0	0	53	2	0.03773584905660377
3008	5547	51	0	0	0	51	0	0
3009	5528	48	2	0	0	50	2	0.04
301	5536	54	1	0	0	55	1	0.01818181818181818
3010	5532	60	0	0	0	60	0	0
3011	5517	51	2	0	0	53	2	0.03773584905660377
3012	5552	55	2	0	0	57	2	0.03508771929824561
3013	5520	73	0	0	0	73	0	0
3014	5554	43	1	0	0	44	1	0.022727272727272728
3015	5519	58	0	0	0	58	0	0
3016	5583	42	2	0	0	44	2	0.045454545454545456
3017	5581	48	0	0	0	48	0	0
3018	5586	61	2	0	0	63	2	0.031746031746031744
3019	5533	58	0	0	0	58	0	0
302	5503	58	3	0	0	61	3	0.04918032786885246
3020	5532	51	1	0	0	52	1	0.019230769230769232
3021	5517	62	2	0	0	64	2	0.03125
3022	5550	56	1	0	0	57	1	0.017543859649122806
3023	5548	52	0	0	0	52	0	0
3024	5565	64	3	0	0	67	3	0.04477611940298507
3025	5527	64	3	0	0	67	3	0.04477611940298507
3026	5517	46	1	0	0	47	1	0.02127659574468085
3027	5536	53	1	0	0	54	1	0.018518518518518517
3028	5541	65	2	0	0	67	2	0.029850746268656716
3029	5572	56	2	0	0	58	2	0.034482758620689655
303	5532	54	1	0	0	55	1	0.01818181818181818
3030	5536	73	3	0	0	76	3	0.039473684210526314
3031	5512	41	0	0	0	41	0	0
3032	5517	56	2	0	0	58	2	0.034482758620689655
3033	5540	55	1	0	0	56	1	0.017857142857142856
3034	5500	56	2	0	0	58	2	0.034482758620689655
3035	5546	47	2	0	0	49	2	0.04081632653061224
3036	5512	57	0	0	0	57	0	0
3037	5554	43	1	0	0	44	1	0.022727272727272728
3038	5550	63	0	0	0	63	0	0
3039	5555	61	0	0	0	61	0	0
304	5506	55	3	0	0	58	3	0.05172413793103448
3040	5508	47	1	0	0	48	1	0.020833333333333332
3041	5564	61	1	0	0	62	1	0.016129032258064516
3042	5503	55	1	0	0	56	1	0.017857142857142856
3043	5543	58	0	0	0	58	0	0
3044	5556	41	2	0	0	43	2	0.046511627906976744
3045	5515	58	1	0	0	59	1	0.01694915254237288
3046	5538	59	1	0	0	60	1	0.016666666666666666
3047	5547	53	0	0	0	53	0	0
3048	5498	52	2	0	0	54	2	0.037037037037037035
3049	5559	51	2	0	0	53	2	0.03773584905660377
305	5500	52	3	0	0	55	3	0.05454545454545454
3050	5558	48	3	0	0	51	3	0.058823529411764705
3051	5569	63	1	0	0	64	1	0.015625
3052	5502	61	4	0	0	65	4	0.06153846153846154
3053	5543	51	0	1	0	52	1	0.019230769230769232
3054	5542	65	2	0	0	67	2	0.029850746268656716
3055	5521	62	3	0	0	65	3	0.046153846153846156
3056	5552	45	0	0	0	45	0	0
3057	5566	48	3	0	0	51	3	0.058823529411764705
3058	5549	48	2	0	0	50	2	0.04
3059	5550	54	2	0	0	56	2	0.03571428571428571
306	5520	51	4	0	0	55	4	0.07272727272727272
3060	5545	43	4	0	0	47	4	0.0851063829787234
3061	5542	40	0	0	0	40	0	0
3062	5531	52	5	0	0	57	5	0.08771929824561403
3063	5525	58	1	0	0	59	1	0.01694915254237288
3064	5506	67	3	0	0	70	3	0.04285714285714286
3065	5549	49	1	0	0	50	1	0.02
3066	5523	58	0	0	0	58	0	0
3067	5571	67	4	0	0	71	4	0.056338028169014086
3068	5552	46	3	0	0	49	3	0.061224489795918366
3069	5536	73	1	0	0	74	1	0.013513513513513514
307	5498	60	2	0	0	62	2	0.03225806451612903
3070	5533	51	3	0	0	54	3	0.05555555555555555
3071	5537	60	4	0	0	64	4	0.0625
3072	5538	58	1	0	0	59	1	0.01694915254237288
3073	5549	48	2	0	0	50	2	0.04
3074	5465	48	1	0	0	49	1	0.02040816326530612
3075	5582	66	2	1	0	69	3	0.043478260869565216
3076	5550	62	1	0	0	63	1	0.015873015873015872
3077	5503	65	2	1	0	68	3	0.04411764705882353
3078	5541	47	2	1	0	50	3	0.06
3079	5532	55	2	0	0	57	2	0.03508771929824561
308	5558	53	2	0	0	55	2	0.03636363636363636
3080	5520	63	0	0	0	63	0	0
3081	5522	47	2	0	0	49	2	0.04081632653061224
3082	5550	67	1	0	0	68	1	0.014705882352941176
3083	5532	55	0	0	0	55	0	0
3084	5556	58	2	0	0	60	2	0.03333333333333333
3085	5546	77	1	0	0	78	1	0.01282051282051282
3086	5542	64	1	0	0	65	1	0.015384615384615385
3087	5562	46	2	0	0	48	2	0.041666666666666664
3088	5501	59	2	0	0	61	2	0.03278688524590164
3089	5553	48	2	0	0	50	2	0.04
309	5512	52	3	0	0	55	3	0.05454545454545454
3090	5528	53	2	0	0	55	2	0.03636363636363636
3091	5547	55	1	0	0	56	1	0.017857142857142856
3092	5524	57	1	0	0	58	1	0.017241379310344827
3093	5573	51	3	0	0	54	3	0.05555555555555555
3094	5518	63	4	0	0	67	4	0.05970149253731343
3095	5518	60	1	0	0	61	1	0.01639344262295082
3096	5529	48	3	0	0	51	3	0.058823529411764705
3097	5546	56	2	0	0	58	2	0.034482758620689655
3098	5529	58	4	0	0	62	4	0.06451612903225806
3099	5554	50	0	0	0	50	0	0
31	5538	46	1	0	0	47	1	0.02127659574468085
310	5517	54	2	0	0	56	2	0.03571428571428571
3100	5496	57	0	0	0	57	0	0
3101	5524	39	2	0	0	41	2	0.04878048780487805
3102	5524	59	2	0	0	61	2	0.03278688524590164
3103	5547	56	3	0	0	59	3	0.05084745762711865
3104	5573	52	0	0	0	52	0	0
3105	5521	64	2	0	0	66	2	0.030303030303030304
3106	5514	55	1	0	0	56	1	0.017857142857142856
3107	5532	44	1	0	0	45	1	0.022222222222222223
3108	5530	43	2	0	0	45	2	0.044444444444444446
3109	5517	55	0	0	0	55	0	0
311	5539	53	0	0	0	53	0	0
3110	5539	61	0	0	0	61	0	0
3111	5551	58	3	0	0	61	3	0.04918032786885246
3112	5556	50	1	0	0	51	1	0.0196078431372549
3113	5565	44	4	1	0	49	5	0.10204081632653061
3114	5524	62	5	0	0	67	5	0.07462686567164178
3115	5506	49	2	0	0	51	2	0.0392156862745098
3116	5563	45	1	1	0	47	2	0.0425531914893617
3117	5500	41	1	0	0	42	1	0.023809523809523808
3118	5542	61	0	0	0	61	0	0
3119	5564	53	3	1	0	57	4	0.07017543859649122
312	5546	63	4	0	0	67	4	0.05970149253731343
3120	5536	52	1	0	0	53	1	0.018867924528301886
3121	5556	52	0	0	0	52	0	0
3122	5566	48	2	0	0	50	2	0.04
3123	5457	58	1	0	0	59	1	0.01694915254237288
3124	5536	51	0	1	0	52	1	0.019230769230769232
3125	5555	59	3	0	0	62	3	0.04838709677419355
3126	5591	47	3	0	0	50	3	0.06
3127	5492	47	3	0	0	50	3	0.06
3128	5506	66	0	0	0	66	0	0
3129	5584	64	3	0	0	67	3	0.04477611940298507
313	5516	62	1	0	0	63	1	0.015873015873015872
3130	5521	60	1	0	0	61	1	0.01639344262295082
3131	5548	55	2	0	0	57	2	0.03508771929824561
3132	5572	66	1	0	0	67	1	0.014925373134328358
3133	5541	48	0	0	0	48	0	0
3134	5591	53	2	0	0	55	2	0.03636363636363636
3135	5517	57	0	0	0	57	0	0
3136	5531	56	2	0	0	58	2	0.034482758620689655
3137	5536	45	4	0	0	49	4	0.08163265306122448
3138	5524	42	0	0	0	42	0	0
3139	5534	50	1	0	0	51	1	0.0196078431372549
314	5530	52	2	0	0	54	2	0.037037037037037035
3140	5517	49	3	0	0	52	3	0.057692307692307696
3141	5539	63	1	0	0	64	1	0.015625
3142	5560	56	0	0	0	56	0	0
3143	5537	50	2	0	0	52	2	0.038461538461538464
3144	5585	43	3	0	0	46	3	0.06521739130434782
3145	5481	51	4	0	0	55	4	0.07272727272727272
3146	5525	53	3	0	0	56	3	0.05357142857142857
3147	5516	62	0	0	0	62	0	0
3148	5543	72	1	0	0	73	1	0.0136986301369863
3149	5547	52	3	0	0	55	3	0.05454545454545454
315	5494	66	1	0	0	67	1	0.014925373134328358
3150	5508	52	1	0	0	53	1	0.018867924528301886
3151	5529	55	6	0	0	61	6	0.09836065573770492
3152	5550	62	3	0	0	65	3	0.046153846153846156
3153	5555	53	2	1	0	56	3	0.05357142857142857
3154	5508	48	3	0	0	51	3	0.058823529411764705
3155	5529	53	2	0	0	55	2	0.03636363636363636
3156	5544	55	2	0	0	57	2	0.03508771929824561
3157	5566	54	4	0	0	58	4	0.06896551724137931
3158	5606	42	2	0	0	44	2	0.045454545454545456
3159	5551	64	1	0	0	65	1	0.015384615384615385
316	5529	58	3	0	0	61	3	0.04918032786885246
3160	5543	60	1	0	0	61	1	0.01639344262295082
3161	5527	43	3	0	0	46	3	0.06521739130434782
3162	5538	47	1	0	0	48	1	0.020833333333333332
3163	5522	64	3	0	0	67	3	0.04477611940298507
3164	5521	50	1	0	0	51	1	0.0196078431372549
3165	5517	50	1	0	0	51	1	0.0196078431372549
3166	5544	48	2	0	0	50	2	0.04
3167	5548	56	1	0	0	57	1	0.017543859649122806
3168	5543	50	1	0	0	51	1	0.0196078431372549
3169	5591	57	3	0	0	60	3	0.05
317	5555	49	0	0	0	49	0	0
3170	5554	47	1	0	0	48	1	0.020833333333333332
3171	5540	55	3	0	0	58	3	0.05172413793103448
3172	5526	44	3	0	0	47	3	0.06382978723404255
3173	5516	51	3	0	0	54	3	0.05555555555555555
3174	5502	53	1	0	0	54	1	0.018518518518518517
3175	5597	53	0	0	0	53	0	0
3176	5569	44	1	0	0	45	1	0.022222222222222223
3177	5539	43	0	0	0	43	0	0
3178	5533	37	4	0	0	41	4	0.0975609756097561
3179	5546	50	4	0	0	54	4	0.07407407407407407
318	5575	56	1	0	0	57	1	0.017543859649122806
3180	5547	66	1	0	0	67	1	0.014925373134328358
3181	5522	64	1	0	0	65	1	0.015384615384615385
3182	5524	56	0	0	0	56	0	0
3183	5512	51	2	0	0	53	2	0.03773584905660377
3184	5519	60	0	0	0	60	0	0
3185	5540	59	2	0	0	61	2	0.03278688524590164
3186	5483	49	3	0	0	52	3	0.057692307692307696
3187	5542	62	1	1	0	64	2	0.03125
3188	5548	45	0	0	0	45	0	0
3189	5491	55	1	0	0	56	1	0.017857142857142856
319	5532	56	2	0	0	58	2	0.034482758620689655
3190	5521	58	3	0	0	61	3	0.04918032786885246
3191	5503	45	2	0	0	47	2	0.0425531914893617
3192	5521	43	1	0	0	44	1	0.022727272727272728
3193	5536	54	3	0	0	57	3	0.05263157894736842
3194	5536	52	1	0	0	53	1	0.018867924528301886
3195	5577	51	0	0	0	51	0	0
3196	5534	47	3	0	0	50	3	0.06
3197	5542	60	3	0	0	63	3	0.047619047619047616
3198	5528	51	0	0	0	51	0	0
3199	5527	59	1	0	0	60	1	0.016666666666666666
32	5500	61	1	0	0	62	1	0.016129032258064516
320	5555	55	1	0	0	56	1	0.017857142857142856
3200	5546	47	0	0	0	47	0	0
3201	5532	67	1	0	0	68	1	0.014705882352941176
3202	5547	56	1	0	0	57	1	0.017543859649122806
3203	5508	42	1	0	0	43	1	0.023255813953488372
3204	5532	55	1	0	0	56	1	0.017857142857142856
3205	5544	53	1	0	0	54	1	0.018518518518518517
3206	5559	56	1	0	0	57	1	0.017543859649122806
3207	5550	61	1	0	0	62	1	0.016129032258064516
3208	5537	52	0	0	0	52	0	0
3209	5502	63	1	0	0	64	1	0.015625
321	5545	62	3	0	0	65	3	0.046153846153846156
3210	5492	52	0	0	0	52	0	0
3211	5526	55	1	0	0	56	1	0.017857142857142856
3212	5530	49	2	0	0	51	2	0.0392156862745098
3213	5541	45	1	0	0	46	1	0.021739130434782608
3214	5539	49	2	0	0	51	2	0.0392156862745098
3215	5533	61	3	0	0	64	3	0.046875
3216	5497	50	4	0	0	54	4	0.07407407407407407
3217	5539	50	3	0	0	53	3	0.05660377358490566
3218	5531	57	0	0	0	57	0	0
3219	5530	42	2	0	0	44	2	0.045454545454545456
322	5541	64	2	0	0	66	2	0.030303030303030304
3220	5555	59	1	0	0	60	1	0.016666666666666666
3221	5524	46	4	0	0	50	4	0.08
3222	5534	48	2	0	0	50	2	0.04
3223	5531	66	7	0	0	73	7	0.0958904109589041
3224	5493	57	4	0	0	61	4	0.06557377049180328
3225	5554	44	2	0	0	46	2	0.043478260869565216
3226	5518	62	1	0	0	63	1	0.015873015873015872
3227	5518	59	3	0	0	62	3	0.04838709677419355
3228	5547	72	1	0	0	73	1	0.0136986301369863
3229	5504	47	1	0	0	48	1	0.020833333333333332
323	5564	43	1	0	0	44	1	0.022727272727272728
3230	5523	61	1	0	0	62	1	0.016129032258064516
3231	5528	50	1	0	0	51	1	0.0196078431372549
3232	5515	61	4	0	0	65	4	0.06153846153846154
3233	5527	65	3	0	0	68	3	0.04411764705882353
3234	5605	65	0	0	0	65	0	0
3235	5524	47	3	0	0	50	3	0.06
3236	5550	43	1	0	0	44	1	0.022727272727272728
3237	5556	38	1	0	0	39	1	0.02564102564102564
3238	5488	56	5	0	0	61	5	0.08196721311475409
3239	5527	51	1	0	0	52	1	0.019230769230769232
324	5511	65	2	0	0	67	2	0.029850746268656716
3240	5555	51	1	0	0	52	1	0.019230769230769232
3241	5536	58	0	0	0	58	0	0
3242	5565	56	3	0	0	59	3	0.05084745762711865
3243	5511	50	3	0	0	53	3	0.05660377358490566
3244	5532	57	2	0	0	59	2	0.03389830508474576
3245	5515	57	5	0	0	62	5	0.08064516129032258
3246	5536	52	0	0	0	52	0	0
3247	5559	44	2	0	0	46	2	0.043478260869565216
3248	5543	42	0	0	0	42	0	0
3249	5546	48	2	0	0	50	2	0.04
325	5537	57	1	0	0	58	1	0.017241379310344827
3250	5502	54	3	0	0	57	3	0.05263157894736842
3251	5586	68	3	0	0	71	3	0.04225352112676056
3252	5548	48	1	0	0	49	1	0.02040816326530612
3253	5523	51	2	0	0	53	2	0.03773584905660377
3254	5533	56	2	0	0	58	2	0.034482758620689655
3255	5532	45	5	0	0	50	5	0.1
3256	5529	58	2	0	0	60	2	0.03333333333333333
3257	5515	66	1	0	0	67	1	0.014925373134328358
3258	5518	60	0	0	0	60	0	0
3259	5582	50	0	0	0	50	0	0
326	5563	65	0	0	0	65	0	0
3260	5536	55	1	0	0	56	1	0.017857142857142856
3261	5531	57	2	0	0	59	2	0.03389830508474576
3262	5543	41	3	0	0	44	3	0.06818181818181818
3263	5554	41	1	0	0	42	1	0.023809523809523808
3264	5573	64	0	0	0	64	0	0
3265	5573	42	5	0	0	47	5	0.10638297872340426
3266	5565	49	3	0	0	52	3	0.057692307692307696
3267	5552	46	0	0	0	46	0	0
3268	5519	70	1	0	0	71	1	0.014084507042253521
3269	5506	50	0	0	0	50	0	0
327	5503	48	1	0	0	49	1	0.02040816326530612
3270	5525	60	1	0	0	61	1	0.01639344262295082
3271	5489	60	1	0	0	61	1	0.01639344262295082
3272	5547	66	0	0	0	66	0	0
3273	5509	63	0	0	0	63	0	0
3274	5547	57	2	0	0	59	2	0.03389830508474576
3275	5552	58	2	0	0	60	2	0.03333333333333333
3276	5545	58	1	0	0	59	1	0.01694915254237288
3277	5550	46	3	0	0	49	3	0.061224489795918366
3278	5547	55	1	0	0	56	1	0.017857142857142856
3279	5538	48	2	0	0	50	2	0.04
328	5484	58	1	0	0	59	1	0.01694915254237288
3280	5531	60	3	0	0	63	3	0.047619047619047616
3281	5598	38	1	0	0	39	1	0.02564102564102564
3282	5520	50	2	0	0	52	2	0.038461538461538464
3283	5554	46	1	0	0	47	1	0.02127659574468085
3284	5572	50	0	0	0	50	0	0
3285	5554	48	2	0	0	50	2	0.04
3286	5523	59	0	0	0	59	0	0
3287	5528	51	3	0	0	54	3	0.05555555555555555
3288	5535	67	2	0	0	69	2	0.028985507246376812
3289	5535	56	4	0	0	60	4	0.06666666666666667
329	5552	59	1	0	0	60	1	0.016666666666666666
3290	5577	66	1	0	0	67	1	0.014925373134328358
3291	5517	55	1	0	0	56	1	0.017857142857142856
3292	5533	40	2	0	0	42	2	0.047619047619047616
3293	5528	51	3	0	0	54	3	0.05555555555555555
3294	5514	55	2	0	0	57	2	0.03508771929824561
3295	5533	56	1	0	0	57	1	0.017543859649122806
3296	5561	51	0	0	0	51	0	0
3297	5516	49	2	0	0	51	2	0.0392156862745098
3298	5516	45	1	0	0	46	1	0.021739130434782608
3299	5550	54	2	0	0	56	2	0.03571428571428571
33	5555	48	3	0	0	51	3	0.058823529411764705
330	5541	47	1	0	0	48	1	0.020833333333333332
3300	5510	58	2	0	0	60	2	0.03333333333333333
3301	5528	59	6	0	0	65	6	0.09230769230769231
3302	5531	49	2	0	0	51	2	0.0392156862745098
3303	5563	54	0	0	0	54	0	0
3304	5542	48	0	0	0	48	0	0
3305	5542	45	2	0	0	47	2	0.0425531914893617
3306	5501	62	5	0	0	67	5	0.07462686567164178
3307	5549	44	0	0	0	44	0	0
3308	5510	57	1	0	0	58	1	0.017241379310344827
3309	5523	56	2	0	0	58	2	0.034482758620689655
331	5511	54	5	0	0	59	5	0.0847457627118644
3310	5539	55	0	0	0	55	0	0
3311	5520	48	2	0	0	50	2	0.04
3312	5544	53	0	0	0	53	0	0
3313	5517	54	4	0	0	58	4	0.06896551724137931
3314	5533	62	3	0	0	65	3	0.046153846153846156
3315	5505	59	3	0	0	62	3	0.04838709677419355
3316	5503	48	1	0	0	49	1	0.02040816326530612
3317	5542	44	3	0	0	47	3	0.06382978723404255
3318	5496	45	3	0	0	48	3	0.0625
3319	5519	58	1	0	0	59	1	0.01694915254237288
332	5521	58	2	0	0	60	2	0.03333333333333333
3320	5563	63	1	0	0	64	1	0.015625
3321	5544	56	1	0	0	57	1	0.017543859649122806
3322	5523	50	2	0	0	52	2	0.038461538461538464
3323	5556	46	2	0	0	48	2	0.041666666666666664
3324	5541	59	2	0	0	61	2	0.03278688524590164
3325	5528	67	0	0	0	67	0	0
3326	5509	64	2	0	0	66	2	0.030303030303030304
3327	5522	53	2	0	0	55	2	0.03636363636363636
3328	5504	63	3	0	0	66	3	0.045454545454545456
3329	5532	59	0	0	0	59	0	0
333	5524	62	2	0	0	64	2	0.03125
3330	5521	56	0	0	0	56	0	0
3331	5537	41	0	0	0	41	0	0
3332	5540	51	2	0	0	53	2	0.03773584905660377
3333	5519	51	1	0	0	52	1	0.019230769230769232
3334	5569	45	1	0	0	46	1	0.021739130434782608
3335	5525	55	2	0	0	57	2	0.03508771929824561
3336	5509	54	1	0	0	55	1	0.01818181818181818
3337	5506	53	4	0	0	57	4	0.07017543859649122
3338	5546	54	0	0	0	54	0	0
3339	5548	60	2	0	0	62	2	0.03225806451612903
334	5506	44	0	1	0	45	1	0.022222222222222223
3340	5558	65	2	0	0	67	2	0.029850746268656716
3341	5555	47	1	0	0	48	1	0.020833333333333332
3342	5516	35	4	0	0	39	4	0.10256410256410256
3343	5541	65	0	0	0	65	0	0
3344	5527	58	0	0	0	58	0	0
3345	5549	60	4	0	0	64	4	0.0625
3346	5482	60	2	0	0	62	2	0.03225806451612903
3347	5476	49	1	0	0	50	1	0.02
3348	5550	62	4	0	0	66	4	0.06060606060606061
3349	5514	60	2	0	0	62	2	0.03225806451612903
335	5538	44	1	0	0	45	1	0.022222222222222223
3350	5525	60	2	0	0	62	2	0.03225806451612903
3351	5477	58	2	0	0	60	2	0.03333333333333333
3352	5503	67	3	0	0	70	3	0.04285714285714286
3353	5513	71	3	0	0	74	3	0.04054054054054054
3354	5530	60	3	0	0	63	3	0.047619047619047616
3355	5515	43	2	0	0	45	2	0.044444444444444446
3356	5488	49	0	0	0	49	0	0
3357	5500	62	2	0	0	64	2	0.03125
3358	5539	50	1	0	0	51	1	0.0196078431372549
3359	5558	61	1	0	0	62	1	0.016129032258064516
336	5508	54	2	0	0	56	2	0.03571428571428571
3360	5507	56	2	0	0	58	2	0.034482758620689655
3361	5461	53	1	0	0	54	1	0.018518518518518517
3362	5492	63	4	0	0	67	4	0.05970149253731343
3363	5523	50	4	0	0	54	4	0.07407407407407407
3364	5513	59	2	0	0	61	2	0.03278688524590164
3365	5531	45	1	0	0	46	1	0.021739130434782608
3366	5550	54	2	1	0	57	3	0.05263157894736842
3367	5543	65	2	0	0	67	2	0.029850746268656716
3368	5506	56	2	1	0	59	3	0.05084745762711865
3369	5490	50	2	0	0	52	2	0.038461538461538464
337	5564	57	0	0	0	57	0	0
3370	5526	51	2	0	0	53	2	0.03773584905660377
3371	5532	54	2	0	0	56	2	0.03571428571428571
3372	5473	50	2	0	0	52	2	0.038461538461538464
3373	5531	70	1	0	0	71	1	0.014084507042253521
3374	5527	54	0	0	0	54	0	0
3375	5533	46	1	0	0	47	1	0.02127659574468085
3376	5531	57	5	0	0	62	5	0.08064516129032258
3377	5547	65	1	0	0	66	1	0.015151515151515152
3378	5510	61	1	0	0	62	1	0.016129032258064516
3379	5534	46	0	0	0	46	0	0
338	5504	41	0	0	0	41	0	0
3380	5534	47	3	0	0	50	3	0.06
3381	5541	47	2	0	0	49	2	0.04081632653061224
3382	5543	49	3	0	0	52	3	0.057692307692307696
3383	5510	57	1	0	0	58	1	0.017241379310344827
3384	5554	57	1	0	0	58	1	0.017241379310344827
3385	5549	56	1	1	0	58	2	0.034482758620689655
3386	5546	50	0	0	0	50	0	0
3387	5528	51	2	0	0	53	2	0.03773584905660377
3388	5545	44	2	0	0	46	2	0.043478260869565216
3389	5524	69	2	0	0	71	2	0.028169014084507043
339	5543	46	1	0	0	47	1	0.02127659574468085
3390	5536	43	4	0	0	47	4	0.0851063829787234
3391	5577	53	0	0	0	53	0	0
3392	5538	49	3	0	0	52	3	0.057692307692307696
3393	5537	52	4	0	0	56	4	0.07142857142857142
3394	5535	53	4	0	0	57	4	0.07017543859649122
3395	5595	65	1	0	0	66	1	0.015151515151515152
3396	5474	52	1	0	0	53	1	0.018867924528301886
3397	5520	50	0	0	0	50	0	0
3398	5527	49	2	0	0	51	2	0.0392156862745098
3399	5561	35	3	0	0	38	3	0.07894736842105263
34	5551	62	3	0	0	65	3	0.046153846153846156
340	5543	63	0	0	0	63	0	0
3400	5532	52	0	0	0	52	0	0
3401	5542	57	2	0	0	59	2	0.03389830508474576
3402	5574	46	2	0	0	48	2	0.041666666666666664
3403	5558	48	3	0	0	51	3	0.058823529411764705
3404	5517	55	1	0	0	56	1	0.017857142857142856
3405	5556	54	3	0	0	57	3	0.05263157894736842
3406	5522	68	1	0	0	69	1	0.014492753623188406
3407	5513	56	2	0	0	58	2	0.034482758620689655
3408	5522	55	1	0	0	56	1	0.017857142857142856
3409	5508	55	3	0	0	58	3	0.05172413793103448
341	5532	62	2	0	0	64	2	0.03125
3410	5524	59	2	0	0	61	2	0.03278688524590164
3411	5535	55	1	0	0	56	1	0.017857142857142856
3412	5501	55	2	0	0	57	2	0.03508771929824561
3413	5539	57	5	0	0	62	5	0.08064516129032258
3414	5549	66	0	0	0	66	0	0
3415	5510	51	5	0	0	56	5	0.08928571428571429
3416	5540	59	5	0	0	64	5	0.078125
3417	5494	61	0	0	0	61	0	0
3418	5536	50	3	0	0	53	3	0.05660377358490566
3419	5516	53	4	0	0	57	4	0.07017543859649122
342	5541	54	3	0	0	57	3	0.05263157894736842
3420	5544	65	2	0	0	67	2	0.029850746268656716
3421	5562	57	2	0	0	59	2	0.03389830508474576
3422	5554	62	1	0	0	63	1	0.015873015873015872
3423	5525	55	2	0	0	57	2	0.03508771929824561
3424	5544	53	3	0	0	56	3	0.05357142857142857
3425	5544	58	1	0	0	59	1	0.01694915254237288
3426	5572	46	2	1	0	49	3	0.061224489795918366
3427	5527	57	1	1	0	59	2	0.03389830508474576
3428	5507	68	3	0	0	71	3	0.04225352112676056
3429	5537	43	0	0	0	43	0	0
343	5530	51	0	0	0	51	0	0
3430	5527	52	2	0	0	54	2	0.037037037037037035
3431	5557	59	5	1	0	65	6	0.09230769230769231
3432	5560	49	1	0	0	50	1	0.02
3433	5577	66	3	0	0	69	3	0.043478260869565216
3434	5510	55	5	0	0	60	5	0.08333333333333333
3435	5557	58	1	0	0	59	1	0.01694915254237288
3436	5533	65	0	0	0	65	0	0
3437	5547	56	0	0	0	56	0	0
3438	5499	64	3	0	0	67	3	0.04477611940298507
3439	5520	56	4	0	0	60	4	0.06666666666666667
344	5560	41	1	0	0	42	1	0.023809523809523808
3440	5567	51	3	0	0	54	3	0.05555555555555555
3441	5555	49	2	0	0	51	2	0.0392156862745098
3442	5531	54	2	0	0	56	2	0.03571428571428571
3443	5513	51	0	0	0	51	0	0
3444	5532	58	2	0	0	60	2	0.03333333333333333
3445	5494	59	1	0	0	60	1	0.016666666666666666
3446	5528	56	1	0	0	57	1	0.017543859649122806
3447	5518	44	6	0	0	50	6	0.12
3448	5563	53	1	0	0	54	1	0.018518518518518517
3449	5512	72	1	0	0	73	1	0.0136986301369863
345	5572	64	2	0	0	66	2	0.030303030303030304
3450	5547	54	2	0	0	56	2	0.03571428571428571
3451	5562	61	0	0	0	61	0	0
3452	5518	51	3	0	0	54	3	0.05555555555555555
3453	5590	43	0	0	0	43	0	0
3454	5485	68	1	0	0	69	1	0.014492753623188406
3455	5537	55	0	0	0	55	0	0
3456	5502	50	2	0	0	52	2	0.038461538461538464
3457	5531	48	2	0	0	50	2	0.04
3458	5519	54	2	0	0	56	2	0.03571428571428571
3459	5557	59	1	0	0	60	1	0.016666666666666666
346	5510	56	2	0	0	58	2	0.034482758620689655
3460	5516	54	1	0	0	55	1	0.01818181818181818
3461	5524	48	0	0	0	48	0	0
3462	5521	50	2	0	0	52	2	0.038461538461538464
3463	5560	57	2	0	0	59	2	0.03389830508474576
3464	5506	51	1	0	0	52	1	0.019230769230769232
3465	5510	65	1	0	0	66	1	0.015151515151515152
3466	5515	64	5	0	0	69	5	0.07246376811594203
3467	5527	62	3	0	0	65	3	0.046153846153846156
3468	5542	56	3	0	0	59	3	0.05084745762711865
3469	5512	51	5	0	0	56	5	0.08928571428571429
347	5541	62	3	0	0	65	3	0.046153846153846156
3470	5558	47	4	0	0	51	4	0.0784313725490196
3471	5496	42	2	0	0	44	2	0.045454545454545456
3472	5535	49	2	0	0	51	2	0.0392156862745098
3473	5570	56	2	0	0	58	2	0.034482758620689655
3474	5515	64	3	0	0	67	3	0.04477611940298507
3475	5547	39	0	0	0	39	0	0
3476	5542	49	0	0	0	49	0	0
3477	5559	51	1	0	0	52	1	0.019230769230769232
3478	5534	47	1	0	0	48	1	0.020833333333333332
3479	5529	50	0	0	0	50	0	0
348	5554	65	2	0	0	67	2	0.029850746268656716
3480	5580	56	2	0	0	58	2	0.034482758620689655
3481	5548	56	0	0	0	56	0	0
3482	5565	51	0	0	0	51	0	0
3483	5526	50	4	0	0	54	4	0.07407407407407407
3484	5557	49	1	0	0	50	1	0.02
3485	5534	65	2	0	0	67	2	0.029850746268656716
3486	5541	54	3	0	0	57	3	0.05263157894736842
3487	5510	57	2	0	0	59	2	0.03389830508474576
3488	5553	64	2	0	0	66	2	0.030303030303030304
3489	5535	66	0	0	0	66	0	0
349	5560	50	1	0	0	51	1	0.0196078431372549
3490	5534	49	1	0	0	50	1	0.02
3491	5518	55	1	0	0	56	1	0.017857142857142856
3492	5561	57	2	0	0	59	2	0.03389830508474576
3493	5556	56	2	0	0	58	2	0.034482758620689655
3494	5533	55	2	0	0	57	2	0.03508771929824561
3495	5517	55	1	0	0	56	1	0.017857142857142856
3496	5543	38	1	0	0	39	1	0.02564102564102564
3497	5508	53	3	0	0	56	3	0.05357142857142857
3498	5560	53	2	0	0	55	2	0.03636363636363636
3499	5556	46	0	0	0	46	0	0
35	5555	59	2	0	0	61	2	0.03278688524590164
350	5515	52	3	0	0	55	3	0.05454545454545454
3500	5562	45	3	0	0	48	3	0.0625
3501	5516	47	2	0	0	49	2	0.04081632653061224
3502	5509	51	4	0	0	55	4	0.07272727272727272
3503	5540	64	1	0	0	65	1	0.015384615384615385
3504	5532	49	2	0	0	51	2	0.0392156862745098
3505	5533	46	2	0	0	48	2	0.041666666666666664
3506	5535	57	3	0	0	60	3	0.05
3507	5562	50	2	1	0	53	3	0.05660377358490566
3508	5499	58	3	0	0	61	3	0.04918032786885246
3509	5528	56	2	0	0	58	2	0.034482758620689655
351	5548	53	0	0	0	53	0	0
3510	5554	44	3	0	0	47	3	0.06382978723404255
3511	5540	59	1	0	0	60	1	0.016666666666666666
3512	5516	59	4	0	0	63	4	0.06349206349206349
3513	5487	54	1	0	0	55	1	0.01818181818181818
3514	5523	46	1	0	0	47	1	0.02127659574468085
3515	5545	54	5	0	0	59	5	0.0847457627118644
3516	5494	58	4	0	0	62	4	0.06451612903225806
3517	5555	51	6	0	0	57	6	0.10526315789473684
3518	5552	47	5	0	0	52	5	0.09615384615384616
3519	5560	63	0	0	0	63	0	0
352	5540	60	3	0	0	63	3	0.047619047619047616
3520	5548	60	1	1	0	62	2	0.03225806451612903
3521	5501	47	2	0	0	49	2	0.04081632653061224
3522	5486	57	2	0	0	59	2	0.03389830508474576
3523	5534	61	2	0	0	63	2	0.031746031746031744
3524	5548	62	1	0	0	63	1	0.015873015873015872
3525	5501	60	2	0	0	62	2	0.03225806451612903
3526	5522	57	6	0	0	63	6	0.09523809523809523
3527	5534	48	1	0	0	49	1	0.02040816326530612
3528	5552	54	1	0	0	55	1	0.01818181818181818
3529	5515	60	2	0	0	62	2	0.03225806451612903
353	5550	51	0	0	0	51	0	0
3530	5570	52	1	0	0	53	1	0.018867924528301886
3531	5509	55	3	0	0	58	3	0.05172413793103448
3532	5574	44	2	0	0	46	2	0.043478260869565216
3533	5552	55	1	0	0	56	1	0.017857142857142856
3534	5520	58	2	0	0	60	2	0.03333333333333333
3535	5545	67	0	0	0	67	0	0
3536	5535	61	1	0	0	62	1	0.016129032258064516
3537	5511	63	1	0	0	64	1	0.015625
3538	5532	43	2	0	0	45	2	0.044444444444444446
3539	5567	52	0	0	0	52	0	0
354	5498	56	2	0	0	58	2	0.034482758620689655
3540	5544	52	3	0	0	55	3	0.05454545454545454
3541	5531	53	3	0	0	56	3	0.05357142857142857
3542	5533	51	0	0	0	51	0	0
3543	5531	53	0	0	0	53	0	0
3544	5571	55	2	0	0	57	2	0.03508771929824561
3545	5532	53	3	0	0	56	3	0.05357142857142857
3546	5539	65	3	0	0	68	3	0.04411764705882353
3547	5541	48	0	0	0	48	0	0
3548	5519	52	3	0	0	55	3	0.05454545454545454
3549	5585	49	3	0	0	52	3	0.057692307692307696
355	5536	49	3	0	0	52	3	0.057692307692307696
3550	5574	48	1	0	0	49	1	0.02040816326530612
3551	5520	42	2	0	0	44	2	0.045454545454545456
3552	5552	65	3	0	0	68	3	0.04411764705882353
3553	5540	41	0	0	0	41	0	0
3554	5517	48	3	0	0	51	3	0.058823529411764705
3555	5535	49	1	0	0	50	1	0.02
3556	5574	54	1	0	0	55	1	0.01818181818181818
3557	5575	46	1	0	0	47	1	0.02127659574468085
3558	5542	55	2	0	0	57	2	0.03508771929824561
3559	5507	57	2	0	0	59	2	0.03389830508474576
356	5513	70	5	0	0	75	5	0.06666666666666667
3560	5543	53	2	0	0	55	2	0.03636363636363636
3561	5533	51	0	0	0	51	0	0
3562	5516	56	1	0	0	57	1	0.017543859649122806
3563	5521	60	3	0	0	63	3	0.047619047619047616
3564	5562	57	2	0	0	59	2	0.03389830508474576
3565	5582	45	0	0	0	45	0	0
3566	5544	55	1	0	0	56	1	0.017857142857142856
3567	5517	56	2	0	0	58	2	0.034482758620689655
3568	5534	43	0	0	0	43	0	0
3569	5510	59	2	0	0	61	2	0.03278688524590164
357	5549	39	3	0	0	42	3	0.07142857142857142
3570	5572	61	1	0	0	62	1	0.016129032258064516
3571	5509	64	0	0	0	64	0	0
3572	5554	52	1	0	0	53	1	0.018867924528301886
3573	5574	50	1	0	0	51	1	0.0196078431372549
3574	5533	67	0	0	0	67	0	0
3575	5511	50	2	0	0	52	2	0.038461538461538464
3576	5530	50	0	0	0	50	0	0
3577	5541	45	2	0	0	47	2	0.0425531914893617
3578	5553	50	3	0	0	53	3	0.05660377358490566
3579	5533	53	3	0	0	56	3	0.05357142857142857
358	5556	51	2	0	0	53	2	0.03773584905660377
3580	5548	64	3	0	0	67	3	0.04477611940298507
3581	5521	35	0	0	0	35	0	0
3582	5564	56	2	0	0	58	2	0.034482758620689655
3583	5544	39	4	0	0	43	4	0.09302325581395349
3584	5511	62	1	0	0	63	1	0.015873015873015872
3585	5523	55	3	0	0	58	3	0.05172413793103448
3586	5561	64	2	0	0	66	2	0.030303030303030304
3587	5523	52	2	0	0	54	2	0.037037037037037035
3588	5503	52	1	0	0	53	1	0.018867924528301886
3589	5555	68	2	0	0	70	2	0.02857142857142857
359	5552	45	2	0	0	47	2	0.0425531914893617
3590	5526	52	2	1	0	55	3	0.05454545454545454
3591	5524	72	2	0	0	74	2	0.02702702702702703
3592	5532	63	4	0	0	67	4	0.05970149253731343
3593	5552	56	1	0	0	57	1	0.017543859649122806
3594	5537	62	2	0	0	64	2	0.03125
3595	5522	55	0	0	0	55	0	0
3596	5528	57	0	0	0	57	0	0
3597	5539	49	4	0	0	53	4	0.07547169811320754
3598	5538	54	2	0	0	56	2	0.03571428571428571
3599	5537	44	4	0	0	48	4	0.08333333333333333
36	5553	47	3	0	0	50	3	0.06
360	5511	46	0	1	0	47	1	0.02127659574468085
3600	5499	60	1	0	0	61	1	0.01639344262295082
3601	5513	58	2	0	0	60	2	0.03333333333333333
3602	5503	51	1	0	0	52	1	0.019230769230769232
3603	5545	55	1	0	0	56	1	0.017857142857142856
3604	5539	44	1	0	0	45	1	0.022222222222222223
3605	5549	63	0	0	0	63	0	0
3606	5549	55	1	0	0	56	1	0.017857142857142856
3607	5527	60	1	0	0	61	1	0.01639344262295082
3608	5536	50	1	0	0	51	1	0.0196078431372549
3609	5512	60	1	0	0	61	1	0.01639344262295082
361	5480	57	0	1	0	58	1	0.017241379310344827
3610	5541	54	4	0	0	58	4	0.06896551724137931
3611	5510	54	1	0	0	55	1	0.01818181818181818
3612	5513	62	2	0	0	64	2	0.03125
3613	5540	52	3	0	0	55	3	0.05454545454545454
3614	5509	49	2	0	0	51	2	0.0392156862745098
3615	5541	53	0	0	0	53	0	0
3616	5539	52	2	0	0	54	2	0.037037037037037035
3617	5545	57	1	0	0	58	1	0.017241379310344827
3618	5508	41	1	0	0	42	1	0.023809523809523808
3619	5533	43	0	0	0	43	0	0
362	5525	54	3	0	0	57	3	0.05263157894736842
3620	5513	65	1	0	0	66	1	0.015151515151515152
3621	5550	62	1	0	0	63	1	0.015873015873015872
3622	5534	55	1	0	0	56	1	0.017857142857142856
3623	5545	70	3	0	0	73	3	0.0410958904109589
3624	5535	67	3	0	0	70	3	0.04285714285714286
3625	5536	64	3	0	0	67	3	0.04477611940298507
3626	5535	53	6	0	0	59	6	0.1016949152542373
3627	5519	50	2	0	0	52	2	0.038461538461538464
3628	5525	52	2	0	0	54	2	0.037037037037037035
3629	5551	48	1	0	0	49	1	0.02040816326530612
363	5513	42	2	0	0	44	2	0.045454545454545456
3630	5540	50	1	0	0	51	1	0.0196078431372549
3631	5536	63	1	0	0	64	1	0.015625
3632	5525	55	1	0	0	56	1	0.017857142857142856
3633	5536	55	4	1	0	60	5	0.08333333333333333
3634	5545	46	3	0	0	49	3	0.061224489795918366
3635	5513	49	1	0	0	50	1	0.02
3636	5566	63	1	0	0	64	1	0.015625
3637	5569	54	4	0	0	58	4	0.06896551724137931
3638	5564	69	2	0	0	71	2	0.028169014084507043
3639	5534	45	2	0	0	47	2	0.0425531914893617
364	5526	41	2	0	0	43	2	0.046511627906976744
3640	5530	48	3	0	0	51	3	0.058823529411764705
3641	5513	60	3	0	0	63	3	0.047619047619047616
3642	5519	53	2	0	0	55	2	0.03636363636363636
3643	5531	49	2	0	0	51	2	0.0392156862745098
3644	5523	66	1	0	0	67	1	0.014925373134328358
3645	5531	50	1	0	0	51	1	0.0196078431372549
3646	5563	49	2	0	0	51	2	0.0392156862745098
3647	5532	58	0	0	0	58	0	0
3648	5526	55	1	0	0	56	1	0.017857142857142856
3649	5554	38	1	0	0	39	1	0.02564102564102564
365	5486	57	4	0	0	61	4	0.06557377049180328
3650	5529	38	2	0	0	40	2	0.05
3651	5489	59	1	0	0	60	1	0.016666666666666666
3652	5483	58	1	0	0	59	1	0.01694915254237288
3653	5505	63	1	0	0	64	1	0.015625
3654	5522	55	3	0	0	58	3	0.05172413793103448
3655	5546	57	0	0	0	57	0	0
3656	5583	52	2	0	0	54	2	0.037037037037037035
3657	5548	66	2	0	0	68	2	0.029411764705882353
3658	5518	57	1	0	0	58	1	0.017241379310344827
3659	5553	52	1	0	0	53	1	0.018867924528301886
366	5513	59	1	0	0	60	1	0.016666666666666666
3660	5551	52	1	0	0	53	1	0.018867924528301886
3661	5540	40	1	0	0	41	1	0.024390243902439025
3662	5554	58	2	0	0	60	2	0.03333333333333333
3663	5523	66	4	0	0	70	4	0.05714285714285714
3664	5507	44	3	0	0	47	3	0.06382978723404255
3665	5498	50	2	0	0	52	2	0.038461538461538464
3666	5533	56	4	0	0	60	4	0.06666666666666667
3667	5532	62	2	0	0	64	2	0.03125
3668	5565	63	0	0	0	63	0	0
3669	5495	58	0	0	0	58	0	0
367	5523	41	1	0	0	42	1	0.023809523809523808
3670	5524	49	2	0	0	51	2	0.0392156862745098
3671	5511	44	2	0	0	46	2	0.043478260869565216
3672	5509	46	2	0	0	48	2	0.041666666666666664
3673	5507	63	1	0	0	64	1	0.015625
3674	5529	52	1	0	0	53	1	0.018867924528301886
3675	5531	50	2	0	0	52	2	0.038461538461538464
3676	5526	45	1	1	0	47	2	0.0425531914893617
3677	5529	49	2	0	0	51	2	0.0392156862745098
3678	5549	52	3	0	0	55	3	0.05454545454545454
3679	5524	51	3	0	0	54	3	0.05555555555555555
368	5537	74	1	0	0	75	1	0.013333333333333334
3680	5546	61	3	0	0	64	3	0.046875
3681	5503	81	1	0	0	82	1	0.012195121951219513
3682	5512	47	1	0	0	48	1	0.020833333333333332
3683	5543	59	0	0	0	59	0	0
3684	5532	57	4	0	0	61	4	0.06557377049180328
3685	5521	49	1	0	0	50	1	0.02
3686	5572	47	1	0	0	48	1	0.020833333333333332
3687	5520	61	4	0	0	65	4	0.06153846153846154
3688	5557	45	3	0	0	48	3	0.0625
3689	5536	52	0	0	0	52	0	0
369	5559	59	0	0	0	59	0	0
3690	5529	45	2	0	0	47	2	0.0425531914893617
3691	5519	56	0	0	0	56	0	0
3692	5528	55	3	0	0	58	3	0.05172413793103448
3693	5542	67	3	0	0	70	3	0.04285714285714286
3694	5544	45	1	0	0	46	1	0.021739130434782608
3695	5537	69	1	0	0	70	1	0.014285714285714285
3696	5513	50	3	0	0	53	3	0.05660377358490566
3697	5571	52	3	0	0	55	3	0.05454545454545454
3698	5555	62	0	0	0	62	0	0
3699	5567	68	2	0	0	70	2	0.02857142857142857
37	5548	51	3	0	0	54	3	0.05555555555555555
370	5509	50	1	1	0	52	2	0.038461538461538464
3700	5521	57	3	0	0	60	3	0.05
3701	5564	48	1	0	0	49	1	0.02040816326530612
3702	5541	49	5	0	0	54	5	0.09259259259259259
3703	5561	48	2	1	0	51	3	0.058823529411764705
3704	5487	49	1	1	0	51	2	0.0392156862745098
3705	5552	51	0	0	0	51	0	0
3706	5517	56	0	0	0	56	0	0
3707	5525	54	1	0	0	55	1	0.01818181818181818
3708	5559	49	0	0	0	49	0	0
3709	5533	46	0	0	0	46	0	0
371	5541	62	2	0	0	64	2	0.03125
3710	5521	52	2	0	0	54	2	0.037037037037037035
3711	5503	61	1	0	0	62	1	0.016129032258064516
3712	5490	52	3	0	0	55	3	0.05454545454545454
3713	5529	46	3	0	0	49	3	0.061224489795918366
3714	5523	54	2	0	0	56	2	0.03571428571428571
3715	5528	56	0	0	0	56	0	0
3716	5542	59	3	0	0	62	3	0.04838709677419355
3717	5543	56	0	0	0	56	0	0
3718	5525	48	0	0	0	48	0	0
3719	5502	59	2	0	0	61	2	0.03278688524590164
372	5547	58	1	0	0	59	1	0.01694915254237288
3720	5545	52	0	0	0	52	0	0
3721	5526	59	0	0	0	59	0	0
3722	5543	50	3	0	0	53	3	0.05660377358490566
3723	5567	55	1	0	0	56	1	0.017857142857142856
3724	5570	54	0	0	0	54	0	0
3725	5508	46	4	0	0	50	4	0.08
3726	5523	46	0	0	0	46	0	0
3727	5563	68	0	0	0	68	0	0
3728	5544	42	0	0	0	42	0	0
3729	5545	47	1	0	0	48	1	0.020833333333333332
373	5571	52	1	0	0	53	1	0.018867924528301886
3730	5527	53	1	0	0	54	1	0.018518518518518517
3731	5585	62	1	0	0	63	1	0.015873015873015872
3732	5503	49	4	0	0	53	4	0.07547169811320754
3733	5498	66	2	0	0	68	2	0.029411764705882353
3734	5521	58	0	0	0	58	0	0
3735	5573	46	1	0	0	47	1	0.02127659574468085
3736	5540	53	3	0	0	56	3	0.05357142857142857
3737	5505	62	5	0	0	67	5	0.07462686567164178
3738	5501	48	6	1	0	55	7	0.12727272727272726
3739	5526	53	0	0	0	53	0	0
374	5540	71	1	0	0	72	1	0.013888888888888888
3740	5529	55	1	0	0	56	1	0.017857142857142856
3741	5514	42	2	0	0	44	2	0.045454545454545456
3742	5499	56	2	0	0	58	2	0.034482758620689655
3743	5515	51	1	0	0	52	1	0.019230769230769232
3744	5506	52	1	0	0	53	1	0.018867924528301886
3745	5532	49	1	0	0	50	1	0.02
3746	5545	43	0	0	0	43	0	0
3747	5519	52	0	0	0	52	0	0
3748	5518	48	2	0	0	50	2	0.04
3749	5559	54	4	0	0	58	4	0.06896551724137931
375	5491	52	1	0	0	53	1	0.018867924528301886
3750	5557	62	0	0	0	62	0	0
3751	5514	43	2	0	0	45	2	0.044444444444444446
3752	5511	63	1	0	0	64	1	0.015625
3753	5531	55	1	0	0	56	1	0.017857142857142856
3754	5522	66	1	0	0	67	1	0.014925373134328358
3755	5465	43	1	0	0	44	1	0.022727272727272728
3756	5499	58	1	0	0	59	1	0.01694915254237288
3757	5528	55	3	0	0	58	3	0.05172413793103448
3758	5539	67	3	0	0	70	3	0.04285714285714286
3759	5539	61	1	0	0	62	1	0.016129032258064516
376	5518	54	2	0	0	56	2	0.03571428571428571
3760	5552	54	3	0	0	57	3	0.05263157894736842
3761	5525	39	3	0	0	42	3	0.07142857142857142
3762	5535	53	1	0	0	54	1	0.018518518518518517
3763	5547	59	3	0	0	62	3	0.04838709677419355
3764	5528	56	1	0	0	57	1	0.017543859649122806
3765	5523	50	2	0	0	52	2	0.038461538461538464
3766	5504	60	3	0	0	63	3	0.047619047619047616
3767	5552	64	3	1	0	68	4	0.058823529411764705
3768	5526	49	3	0	0	52	3	0.057692307692307696
3769	5550	57	3	0	0	60	3	0.05
377	5522	57	0	0	0	57	0	0
3770	5558	57	2	0	0	59	2	0.03389830508474576
3771	5531	72	1	0	0	73	1	0.0136986301369863
3772	5579	46	1	0	0	47	1	0.02127659574468085
3773	5540	61	2	0	0	63	2	0.031746031746031744
3774	5536	45	2	0	0	47	2	0.0425531914893617
3775	5531	53	2	0	0	55	2	0.03636363636363636
3776	5540	60	2	0	0	62	2	0.03225806451612903
3777	5495	45	2	0	0	47	2	0.0425531914893617
3778	5497	50	0	0	0	50	0	0
3779	5571	64	2	0	0	66	2	0.030303030303030304
378	5537	53	0	0	0	53	0	0
3780	5515	56	2	1	0	59	3	0.05084745762711865
3781	5531	69	2	0	0	71	2	0.028169014084507043
3782	5534	62	3	0	0	65	3	0.046153846153846156
3783	5553	52	2	0	0	54	2	0.037037037037037035
3784	5550	47	1	0	0	48	1	0.020833333333333332
3785	5542	51	3	1	0	55	4	0.07272727272727272
3786	5536	55	0	0	0	55	0	0
3787	5576	50	1	0	0	51	1	0.0196078431372549
3788	5552	67	3	0	0	70	3	0.04285714285714286
3789	5548	45	4	0	0	49	4	0.08163265306122448
379	5547	60	2	0	0	62	2	0.03225806451612903
3790	5554	54	1	0	0	55	1	0.01818181818181818
3791	5543	46	1	0	0	47	1	0.02127659574468085
3792	5495	46	3	0	0	49	3	0.061224489795918366
3793	5529	53	1	0	0	54	1	0.018518518518518517
3794	5552	63	2	0	0	65	2	0.03076923076923077
3795	5492	64	2	0	0	66	2	0.030303030303030304
3796	5567	59	1	0	0	60	1	0.016666666666666666
3797	5546	36	1	0	0	37	1	0.02702702702702703
3798	5520	48	1	0	0	49	1	0.02040816326530612
3799	5521	58	3	0	0	61	3	0.04918032786885246
38	5547	43	1	0	0	44	1	0.022727272727272728
380	5501	47	1	0	0	48	1	0.020833333333333332
3800	5537	61	1	0	0	62	1	0.016129032258064516
3801	5545	47	1	0	0	48	1	0.020833333333333332
3802	5549	63	3	0	0	66	3	0.045454545454545456
3803	5535	51	4	0	0	55	4	0.07272727272727272
3804	5527	47	5	0	0	52	5	0.09615384615384616
3805	5514	57	2	0	0	59	2	0.03389830508474576
3806	5582	54	1	0	0	55	1	0.01818181818181818
3807	5512	52	2	0	0	54	2	0.037037037037037035
3808	5527	40	2	0	0	42	2	0.047619047619047616
3809	5542	56	3	0	0	59	3	0.05084745762711865
381	5505	47	1	0	0	48	1	0.020833333333333332
3810	5539	45	1	0	0	46	1	0.021739130434782608
3811	5535	44	3	0	0	47	3	0.06382978723404255
3812	5557	56	2	0	0	58	2	0.034482758620689655
3813	5524	71	1	0	0	72	1	0.013888888888888888
3814	5527	53	2	0	0	55	2	0.03636363636363636
3815	5555	59	0	0	0	59	0	0
3816	5515	47	4	0	0	51	4	0.0784313725490196
3817	5524	51	2	0	0	53	2	0.03773584905660377
3818	5522	58	1	1	0	60	2	0.03333333333333333
3819	5551	60	1	0	0	61	1	0.01639344262295082
382	5529	73	4	0	0	77	4	0.05194805194805195
3820	5545	49	1	0	0	50	1	0.02
3821	5529	51	1	0	0	52	1	0.019230769230769232
3822	5531	49	2	0	0	51	2	0.0392156862745098
3823	5563	44	1	0	0	45	1	0.022222222222222223
3824	5550	65	5	0	0	70	5	0.07142857142857142
3825	5538	59	1	0	0	60	1	0.016666666666666666
3826	5543	58	1	0	0	59	1	0.01694915254237288
3827	5522	51	2	0	0	53	2	0.03773584905660377
3828	5531	52	0	0	0	52	0	0
3829	5505	54	1	0	0	55	1	0.01818181818181818
383	5516	67	1	0	0	68	1	0.014705882352941176
3830	5540	57	2	0	0	59	2	0.03389830508474576
3831	5551	45	2	0	0	47	2	0.0425531914893617
3832	5504	52	0	0	0	52	0	0
3833	5533	62	1	0	0	63	1	0.015873015873015872
3834	5489	61	2	0	0	63	2	0.031746031746031744
3835	5546	65	2	0	0	67	2	0.029850746268656716
3836	5536	45	2	0	0	47	2	0.0425531914893617
3837	5538	45	1	0	0	46	1	0.021739130434782608
3838	5511	50	4	0	0	54	4	0.07407407407407407
3839	5583	61	0	0	0	61	0	0
384	5510	55	1	0	0	56	1	0.017857142857142856
3840	5568	44	3	0	0	47	3	0.06382978723404255
3841	5480	51	1	0	0	52	1	0.019230769230769232
3842	5552	43	2	0	0	45	2	0.044444444444444446
3843	5515	56	1	0	0	57	1	0.017543859649122806
3844	5534	55	3	0	0	58	3	0.05172413793103448
3845	5549	49	2	1	0	52	3	0.057692307692307696
3846	5548	51	3	0	0	54	3	0.05555555555555555
3847	5528	51	2	0	0	53	2	0.03773584905660377
3848	5528	61	1	0	0	62	1	0.016129032258064516
3849	5537	48	3	0	0	51	3	0.058823529411764705
385	5522	59	1	0	0	60	1	0.016666666666666666
3850	5536	62	5	0	0	67	5	0.07462686567164178
3851	5510	65	2	0	0	67	2	0.029850746268656716
3852	5565	50	0	0	0	50	0	0
3853	5536	64	1	0	0	65	1	0.015384615384615385
3854	5524	56	2	0	0	58	2	0.034482758620689655
3855	5545	50	1	0	0	51	1	0.0196078431372549
3856	5522	60	1	0	0	61	1	0.01639344262295082
3857	5522	63	3	0	0	66	3	0.045454545454545456
3858	5545	42	2	0	0	44	2	0.045454545454545456
3859	5557	48	3	0	0	51	3	0.058823529411764705
386	5544	58	3	0	0	61	3	0.04918032786885246
3860	5508	57	2	0	0	59	2	0.03389830508474576
3861	5513	65	3	0	0	68	3	0.04411764705882353
3862	5570	55	1	0	0	56	1	0.017857142857142856
3863	5503	43	3	0	0	46	3	0.06521739130434782
3864	5558	62	0	0	0	62	0	0
3865	5514	54	2	0	0	56	2	0.03571428571428571
3866	5548	46	1	0	0	47	1	0.02127659574468085
3867	5556	55	0	0	0	55	0	0
3868	5537	47	1	0	0	48	1	0.020833333333333332
3869	5513	39	4	0	0	43	4	0.09302325581395349
387	5534	56	1	0	0	57	1	0.017543859649122806
3870	5539	55	2	0	0	57	2	0.03508771929824561
3871	5526	54	2	0	0	56	2	0.03571428571428571
3872	5541	53	2	0	0	55	2	0.03636363636363636
3873	5534	55	0	0	0	55	0	0
3874	5519	54	3	0	0	57	3	0.05263157894736842
3875	5519	57	1	0	0	58	1	0.017241379310344827
3876	5523	53	1	0	0	54	1	0.018518518518518517
3877	5568	60	1	0	0	61	1	0.01639344262295082
3878	5529	51	2	0	0	53	2	0.03773584905660377
3879	5558	55	2	0	0	57	2	0.03508771929824561
388	5511	52	4	0	0	56	4	0.07142857142857142
3880	5537	84	0	0	0	84	0	0
3881	5536	61	3	0	0	64	3	0.046875
3882	5560	57	2	0	0	59	2	0.03389830508474576
3883	5552	59	2	1	0	62	3	0.04838709677419355
3884	5556	63	2	0	0	65	2	0.03076923076923077
3885	5545	52	2	0	0	54	2	0.037037037037037035
3886	5548	63	0	0	0	63	0	0
3887	5523	46	0	0	0	46	0	0
3888	5541	51	1	0	0	52	1	0.019230769230769232
3889	5567	42	1	0	0	43	1	0.023255813953488372
389	5535	44	4	0	0	48	4	0.08333333333333333
3890	5555	57	3	0	0	60	3	0.05
3891	5536	52	1	0	0	53	1	0.018867924528301886
3892	5549	40	4	0	0	44	4	0.09090909090909091
3893	5564	52	1	0	0	53	1	0.018867924528301886
3894	5552	58	1	0	0	59	1	0.01694915254237288
3895	5540	49	1	0	0	50	1	0.02
3896	5523	53	1	0	0	54	1	0.018518518518518517
3897	5536	57	4	0	0	61	4	0.06557377049180328
3898	5513	60	0	0	0	60	0	0
3899	5549	53	6	0	0	59	6	0.1016949152542373
39	5508	53	0	0	0	53	0	0
390	5525	48	1	0	0	49	1	0.02040816326530612
3900	5510	54	2	0	0	56	2	0.03571428571428571
3901	5546	41	0	0	0	41	0	0
3902	5530	46	2	0	0	48	2	0.041666666666666664
3903	5533	61	3	0	0	64	3	0.046875
3904	5499	65	2	0	0	67	2	0.029850746268656716
3905	5535	63	3	0	0	66	3	0.045454545454545456
3906	5497	43	1	0	0	44	1	0.022727272727272728
3907	5511	50	1	0	0	51	1	0.0196078431372549
3908	5546	53	1	0	0	54	1	0.018518518518518517
3909	5494	53	2	0	0	55	2	0.03636363636363636
391	5527	46	2	0	0	48	2	0.041666666666666664
3910	5510	59	2	0	0	61	2	0.03278688524590164
3911	5523	48	1	0	0	49	1	0.02040816326530612
3912	5547	49	3	0	0	52	3	0.057692307692307696
3913	5586	44	2	0	0	46	2	0.043478260869565216
3914	5547	60	6	0	0	66	6	0.09090909090909091
3915	5539	51	2	0	0	53	2	0.03773584905660377
3916	5563	51	1	0	0	52	1	0.019230769230769232
3917	5549	50	2	0	0	52	2	0.038461538461538464
3918	5514	73	1	0	0	74	1	0.013513513513513514
3919	5517	55	2	0	0	57	2	0.03508771929824561
392	5546	44	0	0	0	44	0	0
3920	5529	68	1	0	0	69	1	0.014492753623188406
3921	5531	55	1	0	0	56	1	0.017857142857142856
3922	5567	51	4	0	0	55	4	0.07272727272727272
3923	5507	55	3	0	0	58	3	0.05172413793103448
3924	5519	60	3	0	0	63	3	0.047619047619047616
3925	5520	56	4	0	0	60	4	0.06666666666666667
3926	5540	50	2	0	0	52	2	0.038461538461538464
3927	5541	60	2	0	0	62	2	0.03225806451612903
3928	5552	44	2	0	0	46	2	0.043478260869565216
3929	5525	52	2	0	0	54	2	0.037037037037037035
393	5543	37	2	0	0	39	2	0.05128205128205128
3930	5551	59	1	0	0	60	1	0.016666666666666666
3931	5489	51	3	0	0	54	3	0.05555555555555555
3932	5508	52	4	0	0	56	4	0.07142857142857142
3933	5513	53	1	0	0	54	1	0.018518518518518517
3934	5520	52	0	0	0	52	0	0
3935	5546	42	1	0	0	43	1	0.023255813953488372
3936	5524	47	1	0	0	48	1	0.020833333333333332
3937	5510	53	0	0	0	53	0	0
3938	5566	58	1	0	0	59	1	0.01694915254237288
3939	5495	59	3	0	0	62	3	0.04838709677419355
394	5535	56	4	0	0	60	4	0.06666666666666667
3940	5527	52	1	0	0	53	1	0.018867924528301886
3941	5566	47	2	0	0	49	2	0.04081632653061224
3942	5560	59	1	0	0	60	1	0.016666666666666666
3943	5561	53	2	0	0	55	2	0.03636363636363636
3944	5549	60	4	0	0	64	4	0.0625
3945	5544	54	1	0	0	55	1	0.01818181818181818
3946	5549	42	3	0	0	45	3	0.06666666666666667
3947	5509	56	0	0	0	56	0	0
3948	5505	40	3	0	0	43	3	0.06976744186046512
3949	5541	42	2	0	0	44	2	0.045454545454545456
395	5538	47	0	1	0	48	1	0.020833333333333332
3950	5539	60	0	0	0	60	0	0
3951	5593	54	5	0	0	59	5	0.0847457627118644
3952	5502	48	1	0	0	49	1	0.02040816326530612
3953	5529	58	3	0	0	61	3	0.04918032786885246
3954	5516	55	2	0	0	57	2	0.03508771929824561
3955	5602	46	1	0	0	47	1	0.02127659574468085
3956	5550	61	1	0	0	62	1	0.016129032258064516
3957	5523	61	1	0	0	62	1	0.016129032258064516
3958	5551	52	4	1	0	57	5	0.08771929824561403
3959	5543	56	3	0	0	59	3	0.05084745762711865
396	5538	47	3	0	0	50	3	0.06
3960	5553	57	2	0	0	59	2	0.03389830508474576
3961	5517	41	3	0	0	44	3	0.06818181818181818
3962	5562	50	3	0	0	53	3	0.05660377358490566
3963	5505	62	3	0	0	65	3	0.046153846153846156
3964	5554	54	3	0	0	57	3	0.05263157894736842
3965	5549	56	2	0	0	58	2	0.034482758620689655
3966	5502	52	3	0	0	55	3	0.05454545454545454
3967	5541	54	0	0	0	54	0	0
3968	5516	51	2	0	0	53	2	0.03773584905660377
3969	5511	52	1	0	0	53	1	0.018867924528301886
397	5529	60	1	0	0	61	1	0.01639344262295082
3970	5542	57	1	0	0	58	1	0.017241379310344827
3971	5552	47	2	0	0	49	2	0.04081632653061224
3972	5547	40	1	0	0	41	1	0.024390243902439025
3973	5554	53	2	0	0	55	2	0.03636363636363636
3974	5562	62	1	0	0	63	1	0.015873015873015872
3975	5579	50	1	0	0	51	1	0.0196078431372549
3976	5547	42	3	0	0	45	3	0.06666666666666667
3977	5583	42	2	0	0	44	2	0.045454545454545456
3978	5530	53	2	0	0	55	2	0.03636363636363636
3979	5566	54	1	0	0	55	1	0.01818181818181818
398	5504	58	3	0	0	61	3	0.04918032786885246
3980	5540	62	2	1	0	65	3	0.046153846153846156
3981	5498	60	2	0	0	62	2	0.03225806451612903
3982	5541	60	1	0	0	61	1	0.01639344262295082
3983	5555	60	4	0	0	64	4	0.0625
3984	5535	41	1	0	0	42	1	0.023809523809523808
3985	5571	46	5	0	0	51	5	0.09803921568627451
3986	5531	59	0	0	0	59	0	0
3987	5545	64	5	0	0	69	5	0.07246376811594203
3988	5507	56	2	0	0	58	2	0.034482758620689655
3989	5547	42	0	0	0	42	0	0
399	5567	44	2	0	0	46	2	0.043478260869565216
3990	5560	55	3	0	0	58	3	0.05172413793103448
3991	5544	49	0	0	0	49	0	0
3992	5508	51	0	0	0	51	0	0
3993	5521	43	0	0	0	43	0	0
3994	5524	51	2	0	0	53	2	0.03773584905660377
3995	5549	60	0	0	0	60	0	0
3996	5539	55	1	0	0	56	1	0.017857142857142856
3997	5501	55	2	0	0	57	2	0.03508771929824561
3998	5562	56	2	0	0	58	2	0.034482758620689655
3999	5516	48	0	0	0	48	0	0
4	5536	61	1	0	0	62	1	0.016129032258064516
40	5532	50	1	0	0	51	1	0.0196078431372549
400	5544	54	5	0	0	59	5	0.0847457627118644
4000	5538	47	1	0	0	48	1	0.020833333333333332
4001	5536	56	1	0	0	57	1	0.017543859649122806
4002	5536	53	0	0	0	53	0	0
4003	5577	59	0	0	0	59	0	0
4004	5463	55	4	0	0	59	4	0.06779661016949153
4005	5551	54	1	0	0	55	1	0.01818181818181818
4006	5565	51	2	0	0	53	2	0.03773584905660377
4007	5550	55	3	0	0	58	3	0.05172413793103448
4008	5536	57	3	0	0	60	3	0.05
4009	5511	49	1	0	0	50	1	0.02
401	5489	50	1	0	0	51	1	0.0196078431372549
4010	5582	68	1	0	0	69	1	0.014492753623188406
4011	5535	56	2	0	0	58	2	0.034482758620689655
4012	5543	60	2	0	0	62	2	0.03225806451612903
4013	5550	40	0	0	0	40	0	0
4014	5572	47	3	0	0	50	3	0.06
4015	5494	51	2	0	0	53	2	0.03773584905660377
4016	5568	45	1	0	0	46	1	0.021739130434782608
4017	5546	63	2	0	0	65	2	0.03076923076923077
4018	5535	50	1	0	0	51	1	0.0196078431372549
4019	5563	64	5	0	0	69	5	0.07246376811594203
402	5529	55	0	0	0	55	0	0
4020	5570	64	3	0	0	67	3	0.04477611940298507
4021	5564	49	5	0	0	54	5	0.09259259259259259
4022	5492	55	2	0	0	57	2	0.03508771929824561
4023	5576	60	1	0	0	61	1	0.01639344262295082
4024	5535	58	2	0	0	60	2	0.03333333333333333
4025	5522	46	4	0	0	50	4	0.08
4026	5534	52	0	0	0	52	0	0
4027	5517	56	1	0	0	57	1	0.017543859649122806
4028	5546	62	0	0	0	62	0	0
4029	5534	56	2	0	0	58	2	0.034482758620689655
403	5568	44	2	0	0	46	2	0.043478260869565216
4030	5515	50	3	0	0	53	3	0.05660377358490566
4031	5559	44	3	0	0	47	3	0.06382978723404255
4032	5520	43	1	0	0	44	1	0.022727272727272728
4033	5539	61	4	0	0	65	4	0.06153846153846154
4034	5541	60	4	0	0	64	4	0.0625
4035	5542	50	3	0	0	53	3	0.05660377358490566
4036	5526	60	3	0	0	63	3	0.047619047619047616
4037	5521	55	1	0	0	56	1	0.017857142857142856
4038	5541	58	2	0	0	60	2	0.03333333333333333
4039	5501	54	1	0	0	55	1	0.01818181818181818
404	5554	74	2	0	0	76	2	0.02631578947368421
4040	5558	50	1	0	0	51	1	0.0196078431372549
4041	5507	59	1	0	0	60	1	0.016666666666666666
4042	5571	63	1	0	0	64	1	0.015625
4043	5547	42	3	0	0	45	3	0.06666666666666667
4044	5529	52	3	0	0	55	3	0.05454545454545454
4045	5523	43	0	0	0	43	0	0
4046	5535	44	0	0	0	44	0	0
4047	5565	48	2	0	0	50	2	0.04
4048	5504	57	3	0	0	60	3	0.05
4049	5549	45	2	0	0	47	2	0.0425531914893617
405	5572	64	0	0	0	64	0	0
4050	5556	50	1	0	0	51	1	0.0196078431372549
4051	5525	63	2	0	0	65	2	0.03076923076923077
4052	5529	57	3	0	0	60	3	0.05
4053	5543	56	2	0	0	58	2	0.034482758620689655
4054	5556	57	2	0	0	59	2	0.03389830508474576
4055	5514	70	4	0	0	74	4	0.05405405405405406
4056	5527	59	1	0	0	60	1	0.016666666666666666
4057	5518	50	3	0	0	53	3	0.05660377358490566
4058	5564	54	1	0	0	55	1	0.01818181818181818
4059	5536	59	2	1	0	62	3	0.04838709677419355
406	5508	51	2	0	0	53	2	0.03773584905660377
4060	5528	51	1	0	0	52	1	0.019230769230769232
4061	5549	48	2	0	0	50	2	0.04
4062	5528	58	2	0	0	60	2	0.03333333333333333
4063	5551	41	1	0	0	42	1	0.023809523809523808
4064	5558	55	1	0	0	56	1	0.017857142857142856
4065	5507	53	1	0	0	54	1	0.018518518518518517
4066	5501	49	1	0	0	50	1	0.02
4067	5538	57	2	0	0	59	2	0.03389830508474576
4068	5543	54	3	0	0	57	3	0.05263157894736842
4069	5512	58	2	0	0	60	2	0.03333333333333333
407	5498	71	0	0	0	71	0	0
4070	5536	51	3	0	0	54	3	0.05555555555555555
4071	5541	47	0	0	0	47	0	0
4072	5517	42	1	0	0	43	1	0.023255813953488372
4073	5504	38	2	0	0	40	2	0.05
4074	5541	56	1	0	0	57	1	0.017543859649122806
4075	5526	63	2	0	0	65	2	0.03076923076923077
4076	5559	47	2	0	0	49	2	0.04081632653061224
4077	5520	55	1	0	0	56	1	0.017857142857142856
4078	5500	60	3	0	0	63	3	0.047619047619047616
4079	5547	64	1	0	0	65	1	0.015384615384615385
408	5519	56	2	0	0	58	2	0.034482758620689655
4080	5527	54	4	0	0	58	4	0.06896551724137931
4081	5535	59	2	0	0	61	2	0.03278688524590164
4082	5537	57	3	0	0	60	3	0.05
4083	5539	46	1	0	0	47	1	0.02127659574468085
4084	5498	63	2	0	0	65	2	0.03076923076923077
4085	5517	40	3	0	0	43	3	0.06976744186046512
4086	5521	55	5	0	0	60	5	0.08333333333333333
4087	5563	61	5	0	0	66	5	0.07575757575757576
4088	5548	49	2	0	0	51	2	0.0392156862745098
4089	5550	58	3	0	0	61	3	0.04918032786885246
409	5549	57	1	0	0	58	1	0.017241379310344827
4090	5552	58	2	0	0	60	2	0.03333333333333333
4091	5538	60	4	0	0	64	4	0.0625
4092	5527	38	2	0	0	40	2	0.05
4093	5494	69	1	0	0	70	1	0.014285714285714285
4094	5530	54	1	0	0	55	1	0.01818181818181818
4095	5538	49	1	0	0	50	1	0.02
4096	5536	68	0	0	0	68	0	0
4097	5557	43	3	1	0	47	4	0.0851063829787234
4098	5540	48	2	0	0	50	2	0.04
4099	5500	61	0	0	0	61	0	0
41	5547	65	0	0	0	65	0	0
410	5519	47	2	0	0	49	2	0.04081632653061224
4100	5526	49	0	0	0	49	0	0
4101	5525	60	0	0	0	60	0	0
4102	5516	69	3	0	0	72	3	0.041666666666666664
4103	5539	55	1	0	0	56	1	0.017857142857142856
4104	5536	59	0	0	0	59	0	0
4105	5533	57	1	1	0	59	2	0.03389830508474576
4106	5540	56	1	0	0	57	1	0.017543859649122806
4107	5543	43	4	0	0	47	4	0.0851063829787234
4108	5566	53	1	0	0	54	1	0.018518518518518517
4109	5553	44	1	0	0	45	1	0.022222222222222223
411	5580	57	5	0	0	62	5	0.08064516129032258
4110	5528	47	3	0	0	50	3	0.06
4111	5520	61	1	1	0	63	2	0.031746031746031744
4112	5570	55	0	0	0	55	0	0
4113	5546	50	0	0	0	50	0	0
4114	5516	56	2	0	0	58	2	0.034482758620689655
4115	5500	52	1	0	0	53	1	0.018867924528301886
4116	5545	57	1	0	0	58	1	0.017241379310344827
4117	5564	34	1	0	0	35	1	0.02857142857142857
4118	5531	50	3	0	0	53	3	0.05660377358490566
4119	5537	51	4	0	0	55	4	0.07272727272727272
412	5526	62	2	0	0	64	2	0.03125
4120	5530	68	2	0	0	70	2	0.02857142857142857
4121	5526	53	1	0	0	54	1	0.018518518518518517
4122	5520	51	1	0	0	52	1	0.019230769230769232
4123	5541	53	0	0	0	53	0	0
4124	5543	49	3	0	0	52	3	0.057692307692307696
4125	5531	59	4	0	0	63	4	0.06349206349206349
4126	5548	58	1	0	0	59	1	0.01694915254237288
4127	5534	61	1	0	0	62	1	0.016129032258064516
4128	5541	49	2	0	0	51	2	0.0392156862745098
4129	5535	49	1	0	0	50	1	0.02
413	5527	51	1	0	0	52	1	0.019230769230769232
4130	5516	54	3	0	0	57	3	0.05263157894736842
4131	5550	41	0	0	0	41	0	0
4132	5504	53	4	0	0	57	4	0.07017543859649122
4133	5482	62	3	0	0	65	3	0.046153846153846156
4134	5535	52	2	0	0	54	2	0.037037037037037035
4135	5530	67	0	0	0	67	0	0
4136	5512	54	3	0	0	57	3	0.05263157894736842
4137	5555	56	5	0	0	61	5	0.08196721311475409
4138	5586	47	2	0	0	49	2	0.04081632653061224
4139	5536	62	5	0	0	67	5	0.07462686567164178
414	5503	54	3	0	0	57	3	0.05263157894736842
4140	5517	65	1	0	0	66	1	0.015151515151515152
4141	5489	58	0	0	0	58	0	0
4142	5563	55	3	0	0	58	3	0.05172413793103448
4143	5542	47	1	0	0	48	1	0.020833333333333332
4144	5524	62	1	0	0	63	1	0.015873015873015872
4145	5549	50	2	0	0	52	2	0.038461538461538464
4146	5531	61	0	0	0	61	0	0
4147	5486	58	2	0	0	60	2	0.03333333333333333
4148	5550	58	0	0	0	58	0	0
4149	5543	67	2	0	0	69	2	0.028985507246376812
415	5524	43	1	0	0	44	1	0.022727272727272728
4150	5516	44	1	0	0	45	1	0.022222222222222223
4151	5530	49	2	0	0	51	2	0.0392156862745098
4152	5517	43	1	0	0	44	1	0.022727272727272728
4153	5495	56	3	0	0	59	3	0.05084745762711865
4154	5493	37	0	0	0	37	0	0
4155	5550	56	2	0	0	58	2	0.034482758620689655
4156	5550	40	5	0	0	45	5	0.1111111111111111
4157	5525	62	2	0	0	64	2	0.03125
4158	5515	51	1	0	0	52	1	0.019230769230769232
4159	5521	55	0	0	0	55	0	0
416	5535	50	3	0	0	53	3	0.05660377358490566
4160	5555	49	1	0	0	50	1	0.02
4161	5505	62	2	0	0	64	2	0.03125
4162	5502	60	2	0	0	62	2	0.03225806451612903
4163	5566	66	3	0	0	69	3	0.043478260869565216
4164	5587	47	5	0	0	52	5	0.09615384615384616
4165	5487	48	2	0	0	50	2	0.04
4166	5543	57	2	0	0	59	2	0.03389830508474576
4167	5532	47	1	0	0	48	1	0.020833333333333332
4168	5548	61	2	0	0	63	2	0.031746031746031744
4169	5512	55	2	0	0	57	2	0.03508771929824561
417	5501	33	2	0	0	35	2	0.05714285714285714
4170	5502	48	3	0	0	51	3	0.058823529411764705
4171	5516	49	2	0	0	51	2	0.0392156862745098
4172	5490	46	4	0	0	50	4	0.08
4173	5553	57	2	0	0	59	2	0.03389830508474576
4174	5511	50	2	0	0	52	2	0.038461538461538464
4175	5510	42	1	0	0	43	1	0.023255813953488372
4176	5479	48	0	1	0	49	1	0.02040816326530612
4177	5518	55	5	0	0	60	5	0.08333333333333333
4178	5550	57	1	0	0	58	1	0.017241379310344827
4179	5550	58	1	0	0	59	1	0.01694915254237288
418	5514	58	1	0	0	59	1	0.01694915254237288
4180	5523	48	1	0	0	49	1	0.02040816326530612
4181	5478	48	2	0	0	50	2	0.04
4182	5535	59	2	0	0	61	2	0.03278688524590164
4183	5544	51	4	0	0	55	4	0.07272727272727272
4184	5544	53	0	0	0	53	0	0
4185	5515	53	3	0	0	56	3	0.05357142857142857
4186	5547	58	1	0	0	59	1	0.01694915254237288
4187	5573	49	8	0	0	57	8	0.14035087719298245
4188	5533	43	2	0	0	45	2	0.044444444444444446
4189	5548	58	1	0	0	59	1	0.01694915254237288
419	5506	47	4	0	0	51	4	0.0784313725490196
4190	5539	56	2	1	0	59	3	0.05084745762711865
4191	5530	37	3	0	0	40	3	0.075
4192	5530	53	2	0	0	55	2	0.03636363636363636
4193	5531	60	1	1	0	62	2	0.03225806451612903
4194	5524	43	2	0	0	45	2	0.044444444444444446
4195	5495	57	2	0	0	59	2	0.03389830508474576
4196	5536	58	2	0	0	60	2	0.03333333333333333
4197	5548	53	3	0	0	56	3	0.05357142857142857
4198	5502	48	0	0	0	48	0	0
4199	5521	64	5	0	0	69	5	0.07246376811594203
42	5497	53	4	0	0	57	4	0.07017543859649122
420	5542	62	2	0	0	64	2	0.03125
4200	5499	50	1	0	0	51	1	0.0196078431372549
4201	5554	58	2	0	0	60	2	0.03333333333333333
4202	5559	39	3	0	0	42	3	0.07142857142857142
4203	5538	62	1	0	0	63	1	0.015873015873015872
4204	5539	44	1	0	0	45	1	0.022222222222222223
4205	5561	55	7	0	0	62	7	0.11290322580645161
4206	5481	78	1	0	0	79	1	0.012658227848101266
4207	5508	56	2	0	0	58	2	0.034482758620689655
4208	5521	60	2	0	0	62	2	0.03225806451612903
4209	5511	62	1	0	0	63	1	0.015873015873015872
421	5524	51	2	0	0	53	2	0.03773584905660377
4210	5533	70	1	0	0	71	1	0.014084507042253521
4211	5544	61	0	0	0	61	0	0
4212	5517	53	5	0	0	58	5	0.08620689655172414
4213	5513	56	0	0	0	56	0	0
4214	5547	43	0	0	0	43	0	0
4215	5515	49	2	0	0	51	2	0.0392156862745098
4216	5502	57	0	0	0	57	0	0
4217	5521	56	2	0	0	58	2	0.034482758620689655
4218	5568	63	0	0	0	63	0	0
4219	5546	37	3	0	0	40	3	0.075
422	5550	51	2	0	0	53	2	0.03773584905660377
4220	5549	55	3	0	0	58	3	0.05172413793103448
4221	5485	65	1	0	0	66	1	0.015151515151515152
4222	5526	46	0	0	0	46	0	0
4223	5534	64	1	1	0	66	2	0.030303030303030304
4224	5540	66	1	0	0	67	1	0.014925373134328358
4225	5505	64	1	0	0	65	1	0.015384615384615385
4226	5499	66	2	0	0	68	2	0.029411764705882353
4227	5548	57	3	0	0	60	3	0.05
4228	5503	57	0	0	0	57	0	0
4229	5523	64	0	0	0	64	0	0
423	5550	48	0	0	0	48	0	0
4230	5520	61	2	0	0	63	2	0.031746031746031744
4231	5552	53	2	0	0	55	2	0.03636363636363636
4232	5545	63	3	0	0	66	3	0.045454545454545456
4233	5546	50	2	0	0	52	2	0.038461538461538464
4234	5527	54	3	0	0	57	3	0.05263157894736842
4235	5553	48	2	0	0	50	2	0.04
4236	5533	55	0	0	0	55	0	0
4237	5538	49	2	0	0	51	2	0.0392156862745098
4238	5536	59	2	0	0	61	2	0.03278688524590164
4239	5511	48	1	0	0	49	1	0.02040816326530612
424	5521	59	1	1	0	61	2	0.03278688524590164
4240	5522	68	0	0	0	68	0	0
4241	5530	73	1	0	0	74	1	0.013513513513513514
4242	5505	52	2	0	0	54	2	0.037037037037037035
4243	5532	49	1	1	0	51	2	0.0392156862745098
4244	5545	63	2	0	0	65	2	0.03076923076923077
4245	5551	53	1	0	0	54	1	0.018518518518518517
4246	5529	52	1	0	0	53	1	0.018867924528301886
4247	5527	66	1	0	0	67	1	0.014925373134328358
4248	5516	63	1	0	0	64	1	0.015625
4249	5566	54	1	0	0	55	1	0.01818181818181818
425	5548	52	1	0	0	53	1	0.018867924528301886
4250	5561	44	2	0	0	46	2	0.043478260869565216
4251	5526	44	1	0	0	45	1	0.022222222222222223
4252	5538	78	3	0	0	81	3	0.037037037037037035
4253	5519	56	3	0	0	59	3	0.05084745762711865
4254	5506	53	3	0	0	56	3	0.05357142857142857
4255	5526	57	2	0	0	59	2	0.03389830508474576
4256	5514	53	2	0	0	55	2	0.03636363636363636
4257	5543	59	1	1	0	61	2	0.03278688524590164
4258	5531	63	2	0	0	65	2	0.03076923076923077
4259	5545	57	0	0	0	57	0	0
426	5495	53	2	0	0	55	2	0.03636363636363636
4260	5545	54	2	0	0	56	2	0.03571428571428571
4261	5531	64	0	0	0	64	0	0
4262	5507	70	1	0	0	71	1	0.014084507042253521
4263	5481	51	4	0	0	55	4	0.07272727272727272
4264	5533	58	1	0	0	59	1	0.01694915254237288
4265	5525	47	2	0	0	49	2	0.04081632653061224
4266	5518	57	1	0	0	58	1	0.017241379310344827
4267	5516	51	2	1	0	54	3	0.05555555555555555
4268	5544	57	1	0	0	58	1	0.017241379310344827
4269	5504	60	2	0	0	62	2	0.03225806451612903
427	5521	56	2	0	0	58	2	0.034482758620689655
4270	5523	55	1	0	0	56	1	0.017857142857142856
4271	5522	69	1	0	0	70	1	0.014285714285714285
4272	5574	47	1	0	0	48	1	0.020833333333333332
4273	5526	49	5	0	0	54	5	0.09259259259259259
4274	5506	48	3	0	0	51	3	0.058823529411764705
4275	5488	55	0	0	0	55	0	0
4276	5549	56	2	0	0	58	2	0.034482758620689655
4277	5551	60	1	0	0	61	1	0.01639344262295082
4278	5516	62	3	0	0	65	3	0.046153846153846156
4279	5548	57	0	0	0	57	0	0
428	5547	55	1	0	0	56	1	0.017857142857142856
4280	5516	49	2	0	0	51	2	0.0392156862745098
4281	5505	49	1	0	0	50	1	0.02
4282	5538	52	1	0	0	53	1	0.018867924528301886
4283	5545	61	1	0	0	62	1	0.016129032258064516
4284	5508	58	2	0	0	60	2	0.03333333333333333
4285	5570	56	1	0	0	57	1	0.017543859649122806
4286	5539	61	0	0	0	61	0	0
4287	5564	62	2	0	0	64	2	0.03125
4288	5537	48	1	0	0	49	1	0.02040816326530612
4289	5532	60	0	0	0	60	0	0
429	5559	60	5	0	0	65	5	0.07692307692307693
4290	5511	47	1	0	0	48	1	0.020833333333333332
4291	5558	47	1	0	0	48	1	0.020833333333333332
4292	5534	57	0	0	0	57	0	0
4293	5485	66	1	0	0	67	1	0.014925373134328358
4294	5578	47	5	0	0	52	5	0.09615384615384616
4295	5517	60	0	0	0	60	0	0
4296	5527	51	0	0	0	51	0	0
4297	5534	54	2	1	0	57	3	0.05263157894736842
4298	5498	44	4	0	0	48	4	0.08333333333333333
4299	5519	56	1	0	0	57	1	0.017543859649122806
43	5553	60	2	0	0	62	2	0.03225806451612903
430	5524	51	1	0	0	52	1	0.019230769230769232
4300	5549	45	1	0	0	46	1	0.021739130434782608
4301	5525	57	3	0	0	60	3	0.05
4302	5517	65	2	0	0	67	2	0.029850746268656716
4303	5533	45	1	0	0	46	1	0.021739130434782608
4304	5507	63	1	0	0	64	1	0.015625
4305	5525	53	2	0	0	55	2	0.03636363636363636
4306	5516	58	2	0	0	60	2	0.03333333333333333
4307	5538	49	3	0	0	52	3	0.057692307692307696
4308	5560	55	0	0	0	55	0	0
4309	5552	61	2	0	0	63	2	0.031746031746031744
431	5545	48	0	0	0	48	0	0
4310	5561	70	3	0	0	73	3	0.0410958904109589
4311	5573	54	1	0	0	55	1	0.01818181818181818
4312	5578	48	2	0	0	50	2	0.04
4313	5553	61	1	0	0	62	1	0.016129032258064516
4314	5548	48	1	0	0	49	1	0.02040816326530612
4315	5534	53	2	0	0	55	2	0.03636363636363636
4316	5538	49	1	1	0	51	2	0.0392156862745098
4317	5506	55	3	0	0	58	3	0.05172413793103448
4318	5557	52	1	0	0	53	1	0.018867924528301886
4319	5490	50	4	0	0	54	4	0.07407407407407407
432	5556	57	3	0	0	60	3	0.05
4320	5537	69	2	0	0	71	2	0.028169014084507043
4321	5530	70	2	0	0	72	2	0.027777777777777776
4322	5553	63	1	0	0	64	1	0.015625
4323	5536	50	2	0	0	52	2	0.038461538461538464
4324	5517	62	1	0	0	63	1	0.015873015873015872
4325	5529	55	2	0	0	57	2	0.03508771929824561
4326	5530	43	1	0	0	44	1	0.022727272727272728
4327	5532	67	1	0	0	68	1	0.014705882352941176
4328	5539	67	1	0	0	68	1	0.014705882352941176
4329	5504	45	2	0	0	47	2	0.0425531914893617
433	5546	50	2	0	0	52	2	0.038461538461538464
4330	5541	49	0	0	0	49	0	0
4331	5554	47	2	0	0	49	2	0.04081632653061224
4332	5540	49	1	0	0	50	1	0.02
4333	5540	60	0	0	0	60	0	0
4334	5550	66	3	0	0	69	3	0.043478260869565216
4335	5572	51	3	0	0	54	3	0.05555555555555555
4336	5544	46	1	0	0	47	1	0.02127659574468085
4337	5507	54	0	0	0	54	0	0
4338	5563	57	2	0	0	59	2	0.03389830508474576
4339	5533	55	1	0	0	56	1	0.017857142857142856
434	5511	51	1	0	0	52	1	0.019230769230769232
4340	5540	46	2	0	0	48	2	0.041666666666666664
4341	5539	46	2	0	0	48	2	0.041666666666666664
4342	5557	58	0	0	0	58	0	0
4343	5560	48	2	0	0	50	2	0.04
4344	5573	47	1	0	0	48	1	0.020833333333333332
4345	5508	53	1	0	0	54	1	0.018518518518518517
4346	5550	59	2	0	0	61	2	0.03278688524590164
4347	5526	63	3	0	0	66	3	0.045454545454545456
4348	5536	55	1	0	0	56	1	0.017857142857142856
4349	5531	46	1	0	0	47	1	0.02127659574468085
435	5531	49	4	1	0	54	5	0.09259259259259259
4350	5522	52	2	0	0	54	2	0.037037037037037035
4351	5547	46	3	1	0	50	4	0.08
4352	5525	69	7	0	0	76	7	0.09210526315789473
4353	5493	60	2	0	0	62	2	0.03225806451612903
4354	5514	57	3	0	0	60	3	0.05
4355	5559	58	2	0	0	60	2	0.03333333333333333
4356	5516	56	2	0	0	58	2	0.034482758620689655
4357	5527	53	1	0	0	54	1	0.018518518518518517
4358	5547	51	0	0	0	51	0	0
4359	5473	61	4	0	0	65	4	0.06153846153846154
436	5500	70	1	0	0	71	1	0.014084507042253521
4360	5556	53	3	0	0	56	3	0.05357142857142857
4361	5521	45	6	0	0	51	6	0.11764705882352941
4362	5529	58	0	0	0	58	0	0
4363	5554	43	3	0	0	46	3	0.06521739130434782
4364	5524	57	3	0	0	60	3	0.05
4365	5532	64	0	0	0	64	0	0
4366	5517	46	1	0	0	47	1	0.02127659574468085
4367	5534	50	0	0	0	50	0	0
4368	5525	43	2	0	0	45	2	0.044444444444444446
4369	5561	51	0	0	0	51	0	0
437	5470	48	1	0	0	49	1	0.02040816326530612
4370	5584	43	0	0	0	43	0	0
4371	5544	57	1	0	0	58	1	0.017241379310344827
4372	5547	54	1	0	0	55	1	0.01818181818181818
4373	5536	61	3	0	0	64	3	0.046875
4374	5571	63	1	0	0	64	1	0.015625
4375	5524	52	6	0	0	58	6	0.10344827586206896
4376	5541	52	0	1	0	53	1	0.018867924528301886
4377	5499	62	0	0	0	62	0	0
4378	5481	57	0	0	0	57	0	0
4379	5479	49	5	0	0	54	5	0.09259259259259259
438	5558	52	0	0	0	52	0	0
4380	5526	54	4	0	0	58	4	0.06896551724137931
4381	5566	60	2	0	0	62	2	0.03225806451612903
4382	5534	49	0	0	0	49	0	0
4383	5562	52	3	0	0	55	3	0.05454545454545454
4384	5555	59	2	0	0	61	2	0.03278688524590164
4385	5587	60	2	0	0	62	2	0.03225806451612903
4386	5529	58	1	0	0	59	1	0.01694915254237288
4387	5547	56	0	0	0	56	0	0
4388	5543	43	3	0	0	46	3	0.06521739130434782
4389	5554	46	1	0	0	47	1	0.02127659574468085
439	5489	61	1	0	0	62	1	0.016129032258064516
4390	5486	51	4	0	0	55	4	0.07272727272727272
4391	5516	63	5	0	0	68	5	0.07352941176470588
4392	5600	49	2	1	0	52	3	0.057692307692307696
4393	5515	56	2	0	0	58	2	0.034482758620689655
4394	5527	63	3	0	0	66	3	0.045454545454545456
4395	5530	57	2	0	0	59	2	0.03389830508474576
4396	5486	57	1	0	0	58	1	0.017241379310344827
4397	5566	51	2	0	0	53	2	0.03773584905660377
4398	5563	57	5	1	0	63	6	0.09523809523809523
4399	5548	49	0	0	0	49	0	0
44	5498	55	1	0	0	56	1	0.017857142857142856
440	5524	57	1	0	0	58	1	0.017241379310344827
4400	5486	46	4	0	0	50	4	0.08
4401	5538	54	2	0	0	56	2	0.03571428571428571
4402	5588	40	3	0	0	43	3	0.06976744186046512
4403	5534	59	2	1	0	62	3	0.04838709677419355
4404	5545	74	1	0	0	75	1	0.013333333333333334
4405	5565	61	1	1	0	63	2	0.031746031746031744
4406	5588	73	2	0	0	75	2	0.02666666666666667
4407	5541	55	2	0	0	57	2	0.03508771929824561
4408	5535	49	1	0	0	50	1	0.02
4409	5542	61	4	0	0	65	4	0.06153846153846154
441	5549	60	0	0	0	60	0	0
4410	5508	51	0	0	0	51	0	0
4411	5509	66	0	0	0	66	0	0
4412	5550	44	3	0	0	47	3	0.06382978723404255
4413	5500	51	2	0	0	53	2	0.03773584905660377
4414	5540	56	3	0	0	59	3	0.05084745762711865
4415	5499	60	1	0	0	61	1	0.01639344262295082
4416	5531	67	1	0	0	68	1	0.014705882352941176
4417	5521	45	2	0	0	47	2	0.0425531914893617
4418	5514	57	1	0	0	58	1	0.017241379310344827
4419	5498	50	2	0	0	52	2	0.038461538461538464
442	5564	55	1	0	0	56	1	0.017857142857142856
4420	5532	64	2	1	0	67	3	0.04477611940298507
4421	5530	53	1	0	0	54	1	0.018518518518518517
4422	5546	57	2	0	0	59	2	0.03389830508474576
4423	5519	57	3	0	0	60	3	0.05
4424	5550	57	0	0	0	57	0	0
4425	5567	63	2	0	0	65	2	0.03076923076923077
4426	5514	55	3	0	0	58	3	0.05172413793103448
4427	5539	60	4	0	0	64	4	0.0625
4428	5496	48	2	0	0	50	2	0.04
4429	5511	49	7	1	0	57	8	0.14035087719298245
443	5523	57	0	0	0	57	0	0
4430	5505	60	3	0	0	63	3	0.047619047619047616
4431	5545	47	1	0	0	48	1	0.020833333333333332
4432	5585	50	3	0	0	53	3	0.05660377358490566
4433	5558	45	3	0	0	48	3	0.0625
4434	5546	47	1	0	0	48	1	0.020833333333333332
4435	5532	48	2	0	0	50	2	0.04
4436	5584	56	2	0	0	58	2	0.034482758620689655
4437	5534	50	3	0	0	53	3	0.05660377358490566
4438	5504	56	0	0	0	56	0	0
4439	5515	61	4	0	0	65	4	0.06153846153846154
444	5541	60	2	0	0	62	2	0.03225806451612903
4440	5554	51	4	0	0	55	4	0.07272727272727272
4441	5555	36	1	0	0	37	1	0.02702702702702703
4442	5538	54	1	0	0	55	1	0.01818181818181818
4443	5484	57	1	0	0	58	1	0.017241379310344827
4444	5546	54	1	0	0	55	1	0.01818181818181818
4445	5581	50	3	0	0	53	3	0.05660377358490566
4446	5510	46	3	0	0	49	3	0.061224489795918366
4447	5497	43	4	0	0	47	4	0.0851063829787234
4448	5495	58	1	0	0	59	1	0.01694915254237288
4449	5512	43	2	0	0	45	2	0.044444444444444446
445	5506	39	3	0	0	42	3	0.07142857142857142
4450	5565	47	1	0	0	48	1	0.020833333333333332
4451	5516	52	3	0	0	55	3	0.05454545454545454
4452	5494	53	1	0	0	54	1	0.018518518518518517
4453	5557	44	1	0	0	45	1	0.022222222222222223
4454	5551	60	2	0	0	62	2	0.03225806451612903
4455	5533	52	3	0	0	55	3	0.05454545454545454
4456	5547	52	2	0	0	54	2	0.037037037037037035
4457	5523	48	3	0	0	51	3	0.058823529411764705
4458	5551	54	4	0	0	58	4	0.06896551724137931
4459	5526	57	0	0	0	57	0	0
446	5471	61	1	0	0	62	1	0.016129032258064516
4460	5543	48	3	0	0	51	3	0.058823529411764705
4461	5559	59	0	0	0	59	0	0
4462	5517	57	1	0	0	58	1	0.017241379310344827
4463	5530	59	1	0	0	60	1	0.016666666666666666
4464	5512	57	4	0	0	61	4	0.06557377049180328
4465	5538	48	4	0	0	52	4	0.07692307692307693
4466	5497	45	2	0	0	47	2	0.0425531914893617
4467	5513	52	0	0	0	52	0	0
4468	5526	68	5	0	0	73	5	0.0684931506849315
4469	5542	56	2	0	0	58	2	0.034482758620689655
447	5570	56	2	0	0	58	2	0.034482758620689655
4470	5547	46	2	0	0	48	2	0.041666666666666664
4471	5541	46	4	0	0	50	4	0.08
4472	5575	50	2	0	0	52	2	0.038461538461538464
4473	5514	47	3	0	0	50	3	0.06
4474	5554	53	2	0	0	55	2	0.03636363636363636
4475	5537	62	2	0	0	64	2	0.03125
4476	5561	44	2	0	0	46	2	0.043478260869565216
4477	5525	53	3	0	0	56	3	0.05357142857142857
4478	5546	51	1	0	0	52	1	0.019230769230769232
4479	5522	38	4	0	0	42	4	0.09523809523809523
448	5563	58	5	0	0	63	5	0.07936507936507936
4480	5545	48	2	0	0	50	2	0.04
4481	5564	56	1	0	0	57	1	0.017543859649122806
4482	5565	60	3	0	0	63	3	0.047619047619047616
4483	5550	53	1	0	0	54	1	0.018518518518518517
4484	5534	50	2	0	0	52	2	0.038461538461538464
4485	5533	43	3	0	0	46	3	0.06521739130434782
4486	5534	54	2	0	0	56	2	0.03571428571428571
4487	5507	61	1	0	0	62	1	0.016129032258064516
4488	5514	61	0	0	0	61	0	0
4489	5545	46	1	2	0	49	3	0.061224489795918366
449	5503	63	4	0	0	67	4	0.05970149253731343
4490	5549	47	2	0	0	49	2	0.04081632653061224
4491	5573	57	0	0	0	57	0	0
4492	5547	69	3	0	0	72	3	0.041666666666666664
4493	5535	42	3	1	0	46	4	0.08695652173913043
4494	5543	55	1	0	0	56	1	0.017857142857142856
4495	5524	73	1	0	0	74	1	0.013513513513513514
4496	5537	62	5	0	0	67	5	0.07462686567164178
4497	5519	55	4	0	0	59	4	0.06779661016949153
4498	5549	62	1	0	0	63	1	0.015873015873015872
4499	5546	47	1	1	0	49	2	0.04081632653061224
45	5530	41	0	0	0	41	0	0
450	5543	57	1	0	0	58	1	0.017241379310344827
4500	5534	49	2	0	0	51	2	0.0392156862745098
4501	5568	53	0	0	0	53	0	0
4502	5547	58	0	0	0	58	0	0
4503	5565	65	0	0	0	65	0	0
4504	5504	70	3	0	0	73	3	0.0410958904109589
4505	5551	57	3	0	0	60	3	0.05
4506	5522	53	2	0	0	55	2	0.03636363636363636
4507	5525	57	1	0	0	58	1	0.017241379310344827
4508	5522	45	1	0	0	46	1	0.021739130434782608
4509	5544	56	1	0	0	57	1	0.017543859649122806
451	5546	58	2	0	0	60	2	0.03333333333333333
4510	5541	49	1	0	0	50	1	0.02
4511	5554	50	1	0	0	51	1	0.0196078431372549
4512	5546	47	1	0	0	48	1	0.020833333333333332
4513	5506	51	0	0	0	51	0	0
4514	5532	51	1	0	0	52	1	0.019230769230769232
4515	5542	63	1	0	0	64	1	0.015625
4516	5501	61	1	0	0	62	1	0.016129032258064516
4517	5557	53	6	0	0	59	6	0.1016949152542373
4518	5541	65	4	0	0	69	4	0.057971014492753624
4519	5586	54	3	0	0	57	3	0.05263157894736842
452	5516	47	0	0	0	47	0	0
4520	5527	60	0	0	0	60	0	0
4521	5527	49	1	0	0	50	1	0.02
4522	5532	65	1	0	0	66	1	0.015151515151515152
4523	5546	46	2	0	0	48	2	0.041666666666666664
4524	5518	47	1	0	0	48	1	0.020833333333333332
4525	5550	63	2	0	0	65	2	0.03076923076923077
4526	5479	54	2	0	0	56	2	0.03571428571428571
4527	5524	53	2	0	0	55	2	0.03636363636363636
4528	5532	54	1	0	0	55	1	0.01818181818181818
4529	5544	34	1	1	0	36	2	0.05555555555555555
453	5537	59	0	0	0	59	0	0
4530	5533	53	1	0	0	54	1	0.018518518518518517
4531	5508	50	1	0	0	51	1	0.0196078431372549
4532	5529	51	2	2	0	55	4	0.07272727272727272
4533	5512	48	0	0	0	48	0	0
4534	5513	52	3	0	0	55	3	0.05454545454545454
4535	5539	48	1	0	0	49	1	0.02040816326530612
4536	5526	52	2	0	0	54	2	0.037037037037037035
4537	5515	51	0	0	0	51	0	0
4538	5562	43	3	0	0	46	3	0.06521739130434782
4539	5524	54	2	0	0	56	2	0.03571428571428571
454	5537	50	0	0	0	50	0	0
4540	5538	48	2	0	0	50	2	0.04
4541	5580	46	2	0	0	48	2	0.041666666666666664
4542	5548	56	2	0	0	58	2	0.034482758620689655
4543	5508	54	2	0	0	56	2	0.03571428571428571
4544	5576	57	3	0	0	60	3	0.05
4545	5518	43	2	0	0	45	2	0.044444444444444446
4546	5539	64	0	1	0	65	1	0.015384615384615385
4547	5571	42	1	0	0	43	1	0.023255813953488372
4548	5501	56	2	0	0	58	2	0.034482758620689655
4549	5504	49	2	0	0	51	2	0.0392156862745098
455	5558	48	2	0	0	50	2	0.04
4550	5514	59	0	0	0	59	0	0
4551	5517	55	2	0	0	57	2	0.03508771929824561
4552	5548	63	0	0	0	63	0	0
4553	5526	59	5	0	0	64	5	0.078125
4554	5541	58	0	0	0	58	0	0
4555	5502	54	0	0	0	54	0	0
4556	5529	70	5	0	0	75	5	0.06666666666666667
4557	5558	59	3	0	0	62	3	0.04838709677419355
4558	5518	42	2	0	0	44	2	0.045454545454545456
4559	5549	63	1	0	0	64	1	0.015625
456	5582	38	1	0	0	39	1	0.02564102564102564
4560	5557	49	2	0	0	51	2	0.0392156862745098
4561	5527	54	1	0	0	55	1	0.01818181818181818
4562	5580	47	3	0	0	50	3	0.06
4563	5521	42	3	1	0	46	4	0.08695652173913043
4564	5555	67	0	0	0	67	0	0
4565	5558	49	2	0	0	51	2	0.0392156862745098
4566	5549	42	4	0	0	46	4	0.08695652173913043
4567	5534	64	1	0	0	65	1	0.015384615384615385
4568	5481	47	3	0	0	50	3	0.06
4569	5515	52	0	0	0	52	0	0
457	5506	47	1	0	0	48	1	0.020833333333333332
4570	5514	48	1	0	0	49	1	0.02040816326530612
4571	5507	49	3	0	0	52	3	0.057692307692307696
4572	5567	61	1	0	0	62	1	0.016129032258064516
4573	5527	60	1	0	0	61	1	0.01639344262295082
4574	5555	51	0	0	0	51	0	0
4575	5538	58	0	0	0	58	0	0
4576	5531	67	0	0	0	67	0	0
4577	5536	64	0	1	0	65	1	0.015384615384615385
4578	5531	51	0	0	0	51	0	0
4579	5557	61	2	0	0	63	2	0.031746031746031744
458	5534	51	3	0	0	54	3	0.05555555555555555
4580	5529	63	0	0	0	63	0	0
4581	5533	43	0	0	0	43	0	0
4582	5516	60	3	0	0	63	3	0.047619047619047616
4583	5544	56	0	0	0	56	0	0
4584	5530	60	3	0	0	63	3	0.047619047619047616
4585	5565	48	3	0	0	51	3	0.058823529411764705
4586	5480	51	5	0	0	56	5	0.08928571428571429
4587	5541	52	1	0	0	53	1	0.018867924528301886
4588	5572	54	2	0	0	56	2	0.03571428571428571
4589	5530	59	3	0	0	62	3	0.04838709677419355
459	5566	62	0	0	0	62	0	0
4590	5540	52	3	0	0	55	3	0.05454545454545454
4591	5509	48	2	0	0	50	2	0.04
4592	5522	56	3	0	0	59	3	0.05084745762711865
4593	5517	50	1	0	0	51	1	0.0196078431372549
4594	5550	46	0	0	0	46	0	0
4595	5600	62	6	0	0	68	6	0.08823529411764706
4596	5555	48	0	0	0	48	0	0
4597	5497	62	1	0	0	63	1	0.015873015873015872
4598	5552	56	3	0	0	59	3	0.05084745762711865
4599	5526	68	3	0	0	71	3	0.04225352112676056
46	5533	51	1	0	0	52	1	0.019230769230769232
460	5572	49	3	0	0	52	3	0.057692307692307696
4600	5558	58	0	0	0	58	0	0
4601	5549	67	2	0	0	69	2	0.028985507246376812
4602	5546	49	4	0	0	53	4	0.07547169811320754
4603	5569	47	1	0	0	48	1	0.020833333333333332
4604	5522	49	4	0	0	53	4	0.07547169811320754
4605	5532	67	0	0	0	67	0	0
4606	5525	56	2	0	0	58	2	0.034482758620689655
4607	5544	44	1	0	0	45	1	0.022222222222222223
4608	5540	55	1	0	0	56	1	0.017857142857142856
4609	5505	52	0	1	0	53	1	0.018867924528301886
461	5542	54	1	0	0	55	1	0.01818181818181818
4610	5530	54	3	0	0	57	3	0.05263157894736842
4611	5560	48	6	0	0	54	6	0.1111111111111111
4612	5540	50	2	0	0	52	2	0.038461538461538464
4613	5533	60	1	0	0	61	1	0.01639344262295082
4614	5535	66	1	0	0	67	1	0.014925373134328358
4615	5500	59	0	0	0	59	0	0
4616	5540	68	2	0	0	70	2	0.02857142857142857
4617	5552	58	1	0	0	59	1	0.01694915254237288
4618	5540	53	0	0	0	53	0	0
4619	5527	52	2	0	0	54	2	0.037037037037037035
462	5541	55	1	0	0	56	1	0.017857142857142856
4620	5549	56	1	0	0	57	1	0.017543859649122806
4621	5561	47	4	0	0	51	4	0.0784313725490196
4622	5559	62	0	0	0	62	0	0
4623	5538	45	1	0	0	46	1	0.021739130434782608
4624	5568	48	1	0	0	49	1	0.02040816326530612
4625	5507	57	2	0	0	59	2	0.03389830508474576
4626	5569	42	1	0	0	43	1	0.023255813953488372
4627	5558	38	1	0	0	39	1	0.02564102564102564
4628	5544	66	6	0	0	72	6	0.08333333333333333
4629	5546	59	5	1	0	65	6	0.09230769230769231
463	5528	45	1	0	0	46	1	0.021739130434782608
4630	5537	54	4	0	0	58	4	0.06896551724137931
4631	5546	62	2	0	0	64	2	0.03125
4632	5525	54	2	0	0	56	2	0.03571428571428571
4633	5524	49	2	0	0	51	2	0.0392156862745098
4634	5536	43	2	0	0	45	2	0.044444444444444446
4635	5513	61	0	0	0	61	0	0
4636	5552	55	0	0	0	55	0	0
4637	5479	56	2	0	0	58	2	0.034482758620689655
4638	5539	40	3	0	0	43	3	0.06976744186046512
4639	5524	52	1	0	0	53	1	0.018867924528301886
464	5517	56	2	0	0	58	2	0.034482758620689655
4640	5549	47	0	0	0	47	0	0
4641	5561	55	2	0	0	57	2	0.03508771929824561
4642	5537	54	0	0	0	54	0	0
4643	5538	49	5	0	0	54	5	0.09259259259259259
4644	5542	60	2	0	0	62	2	0.03225806451612903
4645	5530	65	2	0	0	67	2	0.029850746268656716
4646	5517	55	3	0	0	58	3	0.05172413793103448
4647	5553	53	2	0	0	55	2	0.03636363636363636
4648	5498	57	3	0	0	60	3	0.05
4649	5546	52	2	0	0	54	2	0.037037037037037035
465	5526	60	0	0	0	60	0	0
4650	5528	45	0	0	0	45	0	0
4651	5487	54	1	0	0	55	1	0.01818181818181818
4652	5549	56	3	0	0	59	3	0.05084745762711865
4653	5507	54	1	0	0	55	1	0.01818181818181818
4654	5523	49	0	0	0	49	0	0
4655	5520	61	1	0	0	62	1	0.016129032258064516
4656	5534	48	3	0	0	51	3	0.058823529411764705
4657	5512	54	0	0	0	54	0	0
4658	5525	52	0	0	0	52	0	0
4659	5552	49	3	0	0	52	3	0.057692307692307696
466	5534	54	1	0	0	55	1	0.01818181818181818
4660	5560	49	1	0	0	50	1	0.02
4661	5530	61	2	0	0	63	2	0.031746031746031744
4662	5556	60	2	0	0	62	2	0.03225806451612903
4663	5529	50	2	1	0	53	3	0.05660377358490566
4664	5502	52	1	0	0	53	1	0.018867924528301886
4665	5531	59	5	0	0	64	5	0.078125
4666	5547	44	2	0	0	46	2	0.043478260869565216
4667	5536	56	3	0	0	59	3	0.05084745762711865
4668	5539	65	1	0	0	66	1	0.015151515151515152
4669	5555	51	3	0	0	54	3	0.05555555555555555
467	5533	58	4	0	0	62	4	0.06451612903225806
4670	5539	51	3	0	0	54	3	0.05555555555555555
4671	5529	73	2	0	0	75	2	0.02666666666666667
4672	5550	54	2	0	0	56	2	0.03571428571428571
4673	5530	56	0	0	0	56	0	0
4674	5521	34	0	0	0	34	0	0
4675	5535	58	0	0	0	58	0	0
4676	5524	51	1	0	0	52	1	0.019230769230769232
4677	5559	54	0	0	0	54	0	0
4678	5536	62	0	0	0	62	0	0
4679	5549	44	2	1	0	47	3	0.06382978723404255
468	5517	55	2	0	0	57	2	0.03508771929824561
4680	5534	54	1	0	0	55	1	0.01818181818181818
4681	5523	55	3	0	0	58	3	0.05172413793103448
4682	5551	55	0	1	0	56	1	0.017857142857142856
4683	5558	37	1	0	0	38	1	0.02631578947368421
4684	5542	51	2	0	0	53	2	0.03773584905660377
4685	5521	54	0	0	0	54	0	0
4686	5547	60	5	0	0	65	5	0.07692307692307693
4687	5554	61	3	0	0	64	3	0.046875
4688	5531	47	2	1	0	50	3	0.06
4689	5533	78	0	0	0	78	0	0
469	5536	55	3	0	0	58	3	0.05172413793103448
4690	5528	47	0	0	0	47	0	0
4691	5558	57	2	0	0	59	2	0.03389830508474576
4692	5518	51	5	0	0	56	5	0.08928571428571429
4693	5536	52	2	0	0	54	2	0.037037037037037035
4694	5526	64	3	0	0	67	3	0.04477611940298507
4695	5548	59	1	0	0	60	1	0.016666666666666666
4696	5544	57	0	0	0	57	0	0
4697	5560	46	1	1	0	48	2	0.041666666666666664
4698	5538	63	2	0	0	65	2	0.03076923076923077
4699	5502	48	4	0	0	52	4	0.07692307692307693
47	5544	38	3	0	0	41	3	0.07317073170731707
470	5529	61	6	0	0	67	6	0.08955223880597014
4700	5534	47	2	0	0	49	2	0.04081632653061224
4701	5527	54	3	0	0	57	3	0.05263157894736842
4702	5538	52	3	0	0	55	3	0.05454545454545454
4703	5555	49	2	0	0	51	2	0.0392156862745098
4704	5530	50	2	0	0	52	2	0.038461538461538464
4705	5541	43	1	0	0	44	1	0.022727272727272728
4706	5528	58	1	0	0	59	1	0.01694915254237288
4707	5503	55	2	0	0	57	2	0.03508771929824561
4708	5539	49	1	0	0	50	1	0.02
4709	5513	53	2	0	0	55	2	0.03636363636363636
471	5536	49	1	0	0	50	1	0.02
4710	5506	47	2	0	0	49	2	0.04081632653061224
4711	5534	49	1	0	0	50	1	0.02
4712	5548	70	2	0	0	72	2	0.027777777777777776
4713	5550	49	0	0	0	49	0	0
4714	5531	47	0	0	0	47	0	0
4715	5560	55	3	0	0	58	3	0.05172413793103448
4716	5515	64	0	0	0	64	0	0
4717	5543	62	4	0	0	66	4	0.06060606060606061
4718	5534	43	2	0	0	45	2	0.044444444444444446
4719	5537	54	1	0	0	55	1	0.01818181818181818
472	5533	39	0	0	0	39	0	0
4720	5578	52	3	0	0	55	3	0.05454545454545454
4721	5555	52	3	0	0	55	3	0.05454545454545454
4722	5526	59	3	0	0	62	3	0.04838709677419355
4723	5500	60	0	0	0	60	0	0
4724	5492	66	1	0	0	67	1	0.014925373134328358
4725	5538	44	0	0	0	44	0	0
4726	5601	62	2	0	0	64	2	0.03125
4727	5542	40	0	0	0	40	0	0
4728	5564	59	3	0	0	62	3	0.04838709677419355
4729	5548	76	2	0	0	78	2	0.02564102564102564
473	5542	61	2	0	0	63	2	0.031746031746031744
4730	5539	56	5	0	0	61	5	0.08196721311475409
4731	5534	56	1	0	0	57	1	0.017543859649122806
4732	5561	60	2	0	0	62	2	0.03225806451612903
4733	5547	53	1	0	0	54	1	0.018518518518518517
4734	5523	58	3	0	0	61	3	0.04918032786885246
4735	5522	41	3	0	0	44	3	0.06818181818181818
4736	5532	62	3	0	0	65	3	0.046153846153846156
4737	5472	49	3	0	0	52	3	0.057692307692307696
4738	5512	61	5	0	0	66	5	0.07575757575757576
4739	5576	47	4	0	0	51	4	0.0784313725490196
474	5509	59	1	0	0	60	1	0.016666666666666666
4740	5539	57	3	0	0	60	3	0.05
4741	5572	48	1	0	0	49	1	0.02040816326530612
4742	5521	59	0	0	0	59	0	0
4743	5534	57	2	0	0	59	2	0.03389830508474576
4744	5501	56	0	0	0	56	0	0
4745	5549	53	1	0	0	54	1	0.018518518518518517
4746	5536	50	0	0	0	50	0	0
4747	5542	57	2	0	0	59	2	0.03389830508474576
4748	5532	60	4	0	0	64	4	0.0625
4749	5496	43	0	0	0	43	0	0
475	5504	66	2	0	0	68	2	0.029411764705882353
4750	5541	52	3	0	0	55	3	0.05454545454545454
4751	5481	50	1	0	0	51	1	0.0196078431372549
4752	5494	53	0	0	0	53	0	0
4753	5550	45	4	0	0	49	4	0.08163265306122448
4754	5563	59	0	0	0	59	0	0
4755	5539	52	0	1	0	53	1	0.018867924528301886
4756	5566	55	3	0	0	58	3	0.05172413793103448
4757	5559	66	2	0	0	68	2	0.029411764705882353
4758	5518	56	3	0	0	59	3	0.05084745762711865
4759	5549	55	1	0	0	56	1	0.017857142857142856
476	5513	59	2	0	0	61	2	0.03278688524590164
4760	5543	44	0	0	0	44	0	0
4761	5555	47	3	0	0	50	3	0.06
4762	5530	46	3	0	0	49	3	0.061224489795918366
4763	5567	57	3	0	0	60	3	0.05
4764	5532	50	0	0	0	50	0	0
4765	5554	43	2	0	0	45	2	0.044444444444444446
4766	5496	50	1	0	0	51	1	0.0196078431372549
4767	5542	58	1	0	0	59	1	0.01694915254237288
4768	5567	41	2	0	0	43	2	0.046511627906976744
4769	5519	44	0	0	0	44	0	0
477	5575	49	3	0	0	52	3	0.057692307692307696
4770	5517	62	1	0	0	63	1	0.015873015873015872
4771	5526	61	0	0	0	61	0	0
4772	5544	44	2	0	0	46	2	0.043478260869565216
4773	5535	41	1	0	0	42	1	0.023809523809523808
4774	5555	52	2	0	0	54	2	0.037037037037037035
4775	5553	42	2	1	0	45	3	0.06666666666666667
4776	5492	57	2	0	0	59	2	0.03389830508474576
4777	5510	51	1	0	0	52	1	0.019230769230769232
4778	5547	57	0	0	0	57	0	0
4779	5555	61	1	0	0	62	1	0.016129032258064516
478	5522	61	2	0	0	63	2	0.031746031746031744
4780	5536	49	1	0	0	50	1	0.02
4781	5528	44	1	0	0	45	1	0.022222222222222223
4782	5557	63	4	0	0	67	4	0.05970149253731343
4783	5562	53	3	0	0	56	3	0.05357142857142857
4784	5536	46	2	1	0	49	3	0.061224489795918366
4785	5532	64	3	0	0	67	3	0.04477611940298507
4786	5555	50	3	0	0	53	3	0.05660377358490566
4787	5547	48	3	0	0	51	3	0.058823529411764705
4788	5500	50	1	1	0	52	2	0.038461538461538464
4789	5514	56	1	0	0	57	1	0.017543859649122806
479	5537	63	2	0	0	65	2	0.03076923076923077
4790	5502	58	4	0	0	62	4	0.06451612903225806
4791	5513	51	3	0	0	54	3	0.05555555555555555
4792	5540	49	3	0	0	52	3	0.057692307692307696
4793	5513	51	0	0	0	51	0	0
4794	5539	48	1	0	0	49	1	0.02040816326530612
4795	5541	53	2	0	0	55	2	0.03636363636363636
4796	5539	47	1	0	0	48	1	0.020833333333333332
4797	5540	39	1	0	0	40	1	0.025
4798	5538	59	2	0	0	61	2	0.03278688524590164
4799	5557	60	1	0	0	61	1	0.01639344262295082
48	5504	49	2	0	0	51	2	0.0392156862745098
480	5543	58	2	0	0	60	2	0.03333333333333333
4800	5523	60	3	0	0	63	3	0.047619047619047616
4801	5550	43	3	0	0	46	3	0.06521739130434782
4802	5542	62	1	0	0	63	1	0.015873015873015872
4803	5581	53	4	0	0	57	4	0.07017543859649122
4804	5502	67	1	0	0	68	1	0.014705882352941176
4805	5581	46	3	0	0	49	3	0.061224489795918366
4806	5555	63	2	0	0	65	2	0.03076923076923077
4807	5560	50	2	0	0	52	2	0.038461538461538464
4808	5522	47	3	0	0	50	3	0.06
4809	5529	52	4	0	0	56	4	0.07142857142857142
481	5563	50	2	1	0	53	3	0.05660377358490566
4810	5527	48	2	0	0	50	2	0.04
4811	5521	44	2	0	0	46	2	0.043478260869565216
4812	5556	60	2	0	0	62	2	0.03225806451612903
4813	5522	56	2	0	0	58	2	0.034482758620689655
4814	5495	54	1	0	0	55	1	0.01818181818181818
4815	5566	59	1	0	0	60	1	0.016666666666666666
4816	5552	52	0	0	0	52	0	0
4817	5511	47	1	0	0	48	1	0.020833333333333332
4818	5563	57	1	0	0	58	1	0.017241379310344827
4819	5535	56	3	0	0	59	3	0.05084745762711865
482	5498	48	2	0	0	50	2	0.04
4820	5536	79	2	0	0	81	2	0.024691358024691357
4821	5547	71	1	0	0	72	1	0.013888888888888888
4822	5498	57	1	0	0	58	1	0.017241379310344827
4823	5540	48	1	0	0	49	1	0.02040816326530612
4824	5530	61	1	0	0	62	1	0.016129032258064516
4825	5518	64	2	0	0	66	2	0.030303030303030304
4826	5538	60	1	0	0	61	1	0.01639344262295082
4827	5524	61	0	0	0	61	0	0
4828	5558	58	0	0	0	58	0	0
4829	5551	65	0	0	0	65	0	0
483	5532	62	0	0	0	62	0	0
4830	5488	54	1	0	0	55	1	0.01818181818181818
4831	5573	58	2	0	0	60	2	0.03333333333333333
4832	5525	42	2	0	0	44	2	0.045454545454545456
4833	5556	44	1	0	0	45	1	0.022222222222222223
4834	5488	43	2	0	0	45	2	0.044444444444444446
4835	5543	76	1	0	0	77	1	0.012987012987012988
4836	5529	48	0	0	0	48	0	0
4837	5548	71	0	0	0	71	0	0
4838	5545	50	1	0	0	51	1	0.0196078431372549
4839	5529	42	4	0	0	46	4	0.08695652173913043
484	5542	49	3	0	0	52	3	0.057692307692307696
4840	5545	43	1	0	0	44	1	0.022727272727272728
4841	5530	54	1	0	0	55	1	0.01818181818181818
4842	5512	61	1	0	0	62	1	0.016129032258064516
4843	5502	54	2	0	0	56	2	0.03571428571428571
4844	5551	37	1	0	0	38	1	0.02631578947368421
4845	5519	51	4	0	0	55	4	0.07272727272727272
4846	5538	47	1	0	0	48	1	0.020833333333333332
4847	5523	44	1	0	0	45	1	0.022222222222222223
4848	5551	62	0	0	0	62	0	0
4849	5478	60	1	0	0	61	1	0.01639344262295082
485	5542	70	2	0	0	72	2	0.027777777777777776
4850	5529	50	1	0	0	51	1	0.0196078431372549
4851	5537	58	0	0	0	58	0	0
4852	5511	63	3	0	0	66	3	0.045454545454545456
4853	5520	58	3	0	0	61	3	0.04918032786885246
4854	5518	50	3	0	0	53	3	0.05660377358490566
4855	5523	49	0	0	0	49	0	0
4856	5493	57	3	0	0	60	3	0.05
4857	5554	51	0	0	0	51	0	0
4858	5513	53	1	1	0	55	2	0.03636363636363636
4859	5524	42	1	0	0	43	1	0.023255813953488372
486	5566	46	1	0	0	47	1	0.02127659574468085
4860	5572	48	5	0	0	53	5	0.09433962264150944
4861	5548	48	3	0	0	51	3	0.058823529411764705
4862	5523	67	3	0	0	70	3	0.04285714285714286
4863	5534	52	4	0	0	56	4	0.07142857142857142
4864	5492	56	1	0	0	57	1	0.017543859649122806
4865	5559	63	5	0	0	68	5	0.07352941176470588
4866	5553	37	2	0	0	39	2	0.05128205128205128
4867	5558	51	1	0	0	52	1	0.019230769230769232
4868	5538	49	1	0	0	50	1	0.02
4869	5488	51	2	1	0	54	3	0.05555555555555555
487	5564	64	0	0	0	64	0	0
4870	5551	43	0	0	0	43	0	0
4871	5550	63	3	0	0	66	3	0.045454545454545456
4872	5521	44	3	0	0	47	3	0.06382978723404255
4873	5521	59	2	0	0	61	2	0.03278688524590164
4874	5531	59	1	0	0	60	1	0.016666666666666666
4875	5548	62	2	0	0	64	2	0.03125
4876	5533	56	0	0	0	56	0	0
4877	5542	64	1	0	0	65	1	0.015384615384615385
4878	5548	59	0	0	0	59	0	0
4879	5525	53	3	0	0	56	3	0.05357142857142857
488	5578	44	5	0	0	49	5	0.10204081632653061
4880	5521	42	2	0	0	44	2	0.045454545454545456
4881	5509	62	2	0	0	64	2	0.03125
4882	5537	52	0	0	0	52	0	0
4883	5583	55	0	0	0	55	0	0
4884	5545	54	1	0	0	55	1	0.01818181818181818
4885	5544	60	1	0	0	61	1	0.01639344262295082
4886	5490	55	1	0	0	56	1	0.017857142857142856
4887	5508	53	3	0	0	56	3	0.05357142857142857
4888	5518	56	2	0	0	58	2	0.034482758620689655
4889	5532	63	1	2	0	66	3	0.045454545454545456
489	5542	49	2	0	0	51	2	0.0392156862745098
4890	5542	56	1	0	0	57	1	0.017543859649122806
4891	5528	62	2	0	0	64	2	0.03125
4892	5560	68	3	0	0	71	3	0.04225352112676056
4893	5512	66	0	0	0	66	0	0
4894	5541	42	2	0	0	44	2	0.045454545454545456
4895	5551	58	3	0	0	61	3	0.04918032786885246
4896	5530	53	1	0	0	54	1	0.018518518518518517
4897	5529	50	0	0	0	50	0	0
4898	5547	50	4	0	0	54	4	0.07407407407407407
4899	5528	68	1	0	0	69	1	0.014492753623188406
49	5516	54	5	0	0	59	5	0.0847457627118644
490	5546	55	2	0	0	57	2	0.03508771929824561
4900	5504	63	3	0	0	66	3	0.045454545454545456
4901	5543	60	2	0	0	62	2	0.03225806451612903
4902	5574	54	2	0	0	56	2	0.03571428571428571
4903	5537	50	1	0	0	51	1	0.0196078431372549
4904	5557	54	2	0	0	56	2	0.03571428571428571
4905	5547	56	2	0	0	58	2	0.034482758620689655
4906	5551	50	0	0	0	50	0	0
4907	5586	57	0	0	0	57	0	0
4908	5541	54	3	0	0	57	3	0.05263157894736842
4909	5601	55	2	0	0	57	2	0.03508771929824561
491	5516	71	4	0	0	75	4	0.05333333333333334
4910	5562	36	0	0	0	36	0	0
4911	5527	63	4	0	0	67	4	0.05970149253731343
4912	5511	51	2	0	0	53	2	0.03773584905660377
4913	5505	60	2	0	0	62	2	0.03225806451612903
4914	5565	67	2	0	0	69	2	0.028985507246376812
4915	5544	53	3	0	0	56	3	0.05357142857142857
4916	5525	46	3	0	0	49	3	0.061224489795918366
4917	5537	55	1	0	0	56	1	0.017857142857142856
4918	5491	53	3	0	0	56	3	0.05357142857142857
4919	5544	49	2	0	0	51	2	0.0392156862745098
492	5550	60	1	1	0	62	2	0.03225806451612903
4920	5510	63	0	0	0	63	0	0
4921	5535	40	2	0	0	42	2	0.047619047619047616
4922	5522	62	0	0	0	62	0	0
4923	5508	55	1	0	0	56	1	0.017857142857142856
4924	5545	55	0	0	0	55	0	0
4925	5542	46	3	0	0	49	3	0.061224489795918366
4926	5506	52	2	0	0	54	2	0.037037037037037035
4927	5563	55	3	0	0	58	3	0.05172413793103448
4928	5529	56	0	0	0	56	0	0
4929	5566	53	2	0	0	55	2	0.03636363636363636
493	5578	62	2	0	0	64	2	0.03125
4930	5522	57	3	0	0	60	3	0.05
4931	5507	50	3	0	0	53	3	0.05660377358490566
4932	5562	54	3	0	0	57	3	0.05263157894736842
4933	5529	56	5	0	0	61	5	0.08196721311475409
4934	5543	62	3	0	0	65	3	0.046153846153846156
4935	5525	53	1	0	0	54	1	0.018518518518518517
4936	5550	58	2	0	0	60	2	0.03333333333333333
4937	5514	69	1	0	0	70	1	0.014285714285714285
4938	5572	54	1	0	0	55	1	0.01818181818181818
4939	5598	57	2	0	0	59	2	0.03389830508474576
494	5579	53	2	0	0	55	2	0.03636363636363636
4940	5541	52	0	0	0	52	0	0
4941	5535	66	3	0	0	69	3	0.043478260869565216
4942	5496	55	2	0	0	57	2	0.03508771929824561
4943	5572	63	1	0	0	64	1	0.015625
4944	5503	58	3	0	0	61	3	0.04918032786885246
4945	5590	40	4	0	0	44	4	0.09090909090909091
4946	5558	44	2	0	0	46	2	0.043478260869565216
4947	5556	64	5	0	0	69	5	0.07246376811594203
4948	5544	59	4	0	0	63	4	0.06349206349206349
4949	5507	47	2	0	0	49	2	0.04081632653061224
495	5522	49	4	0	0	53	4	0.07547169811320754
4950	5523	49	1	0	0	50	1	0.02
4951	5534	54	0	0	0	54	0	0
4952	5520	58	4	0	0	62	4	0.06451612903225806
4953	5523	56	2	0	0	58	2	0.034482758620689655
4954	5526	56	4	0	0	60	4	0.06666666666666667
4955	5552	50	0	0	0	50	0	0
4956	5540	50	1	0	0	51	1	0.0196078431372549
4957	5556	59	0	0	0	59	0	0
4958	5500	61	1	0	0	62	1	0.016129032258064516
4959	5531	48	0	0	0	48	0	0
496	5484	51	3	0	0	54	3	0.05555555555555555
4960	5548	42	1	0	0	43	1	0.023255813953488372
4961	5532	60	1	0	0	61	1	0.01639344262295082
4962	5566	53	3	0	0	56	3	0.05357142857142857
4963	5535	52	5	0	0	57	5	0.08771929824561403
4964	5572	53	3	0	0	56	3	0.05357142857142857
4965	5530	40	1	0	0	41	1	0.024390243902439025
4966	5571	49	1	0	0	50	1	0.02
4967	5493	55	3	0	0	58	3	0.05172413793103448
4968	5511	55	0	0	0	55	0	0
4969	5525	50	0	1	0	51	1	0.0196078431372549
497	5554	47	2	0	0	49	2	0.04081632653061224
4970	5546	55	0	0	0	55	0	0
4971	5528	53	1	0	0	54	1	0.018518518518518517
4972	5530	66	0	0	0	66	0	0
4973	5543	67	2	0	0	69	2	0.028985507246376812
4974	5481	47	2	0	0	49	2	0.04081632653061224
4975	5547	51	0	0	0	51	0	0
4976	5524	63	0	0	0	63	0	0
4977	5564	47	2	0	0	49	2	0.04081632653061224
4978	5539	48	2	0	0	50	2	0.04
4979	5534	53	3	0	0	56	3	0.05357142857142857
498	5514	63	1	0	0	64	1	0.015625
4980	5518	63	3	0	0	66	3	0.045454545454545456
4981	5530	56	1	0	0	57	1	0.017543859649122806
4982	5532	52	1	0	0	53	1	0.018867924528301886
4983	5558	62	3	0	0	65	3	0.046153846153846156
4984	5509	55	1	0	0	56	1	0.017857142857142856
4985	5534	63	4	0	0	67	4	0.05970149253731343
4986	5535	66	1	0	0	67	1	0.014925373134328358
4987	5547	32	5	0	0	37	5	0.13513513513513514
4988	5522	50	1	0	0	51	1	0.0196078431372549
4989	5554	47	1	0	0	48	1	0.020833333333333332
499	5532	63	2	0	0	65	2	0.03076923076923077
4990	5544	38	1	0	0	39	1	0.02564102564102564
4991	5529	46	2	0	0	48	2	0.041666666666666664
4992	5573	51	4	0	0	55	4	0.07272727272727272
4993	5538	53	1	0	0	54	1	0.018518518518518517
4994	5539	71	3	0	0	74	3	0.04054054054054054
4995	5592	42	2	0	0	44	2	0.045454545454545456
4996	5532	57	1	0	0	58	1	0.017241379310344827
4997	5527	48	4	0	0	52	4	0.07692307692307693
4998	5532	63	3	0	0	66	3	0.045454545454545456
4999	5513	53	0	1	0	54	1	0.018518518518518517
5	5584	57	2	0	0	59	2	0.03389830508474576
50	5516	57	5	0	0	62	5	0.08064516129032258
500	5552	52	6	0	0	58	6	0.10344827586206896
5000	5514	45	2	0	0	47	2	0.0425531914893617
5001	5531	55	1	0	0	56	1	0.017857142857142856
5002	5513	55	1	0	0	56	1	0.017857142857142856
5003	5525	57	1	0	0	58	1	0.017241379310344827
5004	5491	50	1	0	0	51	1	0.0196078431372549
5005	5560	52	3	0	0	55	3	0.05454545454545454
5006	5543	69	3	0	0	72	3	0.041666666666666664
5007	5524	44	2	0	0	46	2	0.043478260869565216
5008	5553	54	0	0	0	54	0	0
5009	5544	55	1	0	0	56	1	0.017857142857142856
501	5548	60	0	0	0	60	0	0
5010	5516	51	1	0	0	52	1	0.019230769230769232
5011	5570	50	1	0	0	51	1	0.0196078431372549
5012	5553	56	1	0	0	57	1	0.017543859649122806
5013	5519	53	2	0	0	55	2	0.03636363636363636
5014	5556	62	3	0	0	65	3	0.046153846153846156
5015	5542	58	3	0	0	61	3	0.04918032786885246
5016	5545	55	1	0	0	56	1	0.017857142857142856
5017	5575	66	3	0	0	69	3	0.043478260869565216
5018	5515	63	2	0	0	65	2	0.03076923076923077
5019	5535	54	1	1	0	56	2	0.03571428571428571
502	5553	54	4	0	0	58	4	0.06896551724137931
5020	5577	43	2	0	0	45	2	0.044444444444444446
5021	5543	51	1	0	0	52	1	0.019230769230769232
5022	5523	61	0	0	0	61	0	0
5023	5533	47	6	0	0	53	6	0.11320754716981132
5024	5502	46	0	0	0	46	0	0
5025	5510	52	3	0	0	55	3	0.05454545454545454
5026	5540	56	1	0	0	57	1	0.017543859649122806
5027	5541	57	2	0	0	59	2	0.03389830508474576
5028	5506	61	1	0	0	62	1	0.016129032258064516
5029	5575	51	1	0	0	52	1	0.019230769230769232
503	5533	61	0	0	0	61	0	0
5030	5521	64	5	0	0	69	5	0.07246376811594203
5031	5523	56	3	0	0	59	3	0.05084745762711865
5032	5542	53	1	0	0	54	1	0.018518518518518517
5033	5535	48	3	1	0	52	4	0.07692307692307693
5034	5538	43	3	0	0	46	3	0.06521739130434782
5035	5547	60	3	0	0	63	3	0.047619047619047616
5036	5544	68	1	0	0	69	1	0.014492753623188406
5037	5542	37	6	0	0	43	6	0.13953488372093023
5038	5545	45	1	0	0	46	1	0.021739130434782608
5039	5520	56	3	0	0	59	3	0.05084745762711865
504	5528	59	0	0	0	59	0	0
5040	5574	50	1	0	0	51	1	0.0196078431372549
5041	5539	42	1	0	0	43	1	0.023255813953488372
5042	5520	56	0	0	0	56	0	0
5043	5509	61	4	0	0	65	4	0.06153846153846154
5044	5544	41	2	0	0	43	2	0.046511627906976744
5045	5499	38	2	0	0	40	2	0.05
5046	5556	57	2	0	0	59	2	0.03389830508474576
5047	5583	43	2	0	0	45	2	0.044444444444444446
5048	5544	57	1	0	0	58	1	0.017241379310344827
5049	5536	53	3	0	0	56	3	0.05357142857142857
505	5521	55	0	0	0	55	0	0
5050	5533	46	3	0	0	49	3	0.061224489795918366
5051	5538	49	2	0	0	51	2	0.0392156862745098
5052	5566	45	3	0	0	48	3	0.0625
5053	5565	56	2	0	0	58	2	0.034482758620689655
5054	5548	44	2	0	0	46	2	0.043478260869565216
5055	5558	49	2	0	0	51	2	0.0392156862745098
5056	5541	59	1	0	0	60	1	0.016666666666666666
5057	5512	53	2	0	0	55	2	0.03636363636363636
5058	5507	61	1	0	0	62	1	0.016129032258064516
5059	5542	53	4	0	0	57	4	0.07017543859649122
506	5589	52	5	0	0	57	5	0.08771929824561403
5060	5530	59	1	0	0	60	1	0.016666666666666666
5061	5534	52	1	0	0	53	1	0.018867924528301886
5062	5538	45	1	0	0	46	1	0.021739130434782608
5063	5566	52	2	0	0	54	2	0.037037037037037035
5064	5507	58	0	0	0	58	0	0
5065	5581	60	2	0	0	62	2	0.03225806451612903
5066	5518	59	0	0	0	59	0	0
5067	5540	54	1	1	0	56	2	0.03571428571428571
5068	5563	44	2	0	0	46	2	0.043478260869565216
5069	5525	57	3	0	0	60	3	0.05
507	5551	52	3	0	0	55	3	0.05454545454545454
5070	5508	63	1	0	0	64	1	0.015625
5071	5525	39	1	0	0	40	1	0.025
5072	5532	56	0	0	0	56	0	0
5073	5520	63	3	0	0	66	3	0.045454545454545456
5074	5553	50	1	0	0	51	1	0.0196078431372549
5075	5488	52	0	0	0	52	0	0
5076	5524	60	1	0	0	61	1	0.01639344262295082
5077	5494	53	1	0	0	54	1	0.018518518518518517
5078	5494	61	3	0	0	64	3	0.046875
5079	5539	60	1	0	0	61	1	0.01639344262295082
508	5516	66	0	0	0	66	0	0
5080	5514	53	1	0	0	54	1	0.018518518518518517
5081	5529	41	0	0	0	41	0	0
5082	5538	52	0	0	0	52	0	0
5083	5529	58	4	0	0	62	4	0.06451612903225806
5084	5538	60	0	0	0	60	0	0
5085	5544	64	1	0	0	65	1	0.015384615384615385
5086	5556	51	3	0	0	54	3	0.05555555555555555
5087	5515	60	0	0	0	60	0	0
5088	5514	56	2	0	0	58	2	0.034482758620689655
5089	5552	62	4	0	0	66	4	0.06060606060606061
509	5539	62	0	0	0	62	0	0
5090	5547	60	0	0	0	60	0	0
5091	5517	51	1	0	0	52	1	0.019230769230769232
5092	5536	62	0	0	0	62	0	0
5093	5559	58	2	0	0	60	2	0.03333333333333333
5094	5525	59	1	0	0	60	1	0.016666666666666666
5095	5535	42	2	0	0	44	2	0.045454545454545456
5096	5535	56	2	0	0	58	2	0.034482758620689655
5097	5561	56	1	0	0	57	1	0.017543859649122806
5098	5499	58	5	0	0	63	5	0.07936507936507936
5099	5561	48	2	0	0	50	2	0.04
51	5496	49	2	0	0	51	2	0.0392156862745098
510	5538	78	2	0	0	80	2	0.025
5100	5508	55	6	0	0	61	6	0.09836065573770492
5101	5561	56	5	0	0	61	5	0.08196721311475409
5102	5544	51	2	0	0	53	2	0.03773584905660377
5103	5537	48	1	0	0	49	1	0.02040816326530612
5104	5547	57	2	0	0	59	2	0.03389830508474576
5105	5550	66	1	0	0	67	1	0.014925373134328358
5106	5511	34	3	0	0	37	3	0.08108108108108109
5107	5509	46	1	0	0	47	1	0.02127659574468085
5108	5556	64	0	0	0	64	0	0
5109	5573	50	1	0	0	51	1	0.0196078431372549
511	5521	57	2	0	0	59	2	0.03389830508474576
5110	5521	49	1	0	0	50	1	0.02
5111	5522	60	4	0	0	64	4	0.0625
5112	5506	60	1	0	0	61	1	0.01639344262295082
5113	5574	53	0	0	0	53	0	0
5114	5534	54	1	0	0	55	1	0.01818181818181818
5115	5529	44	3	1	0	48	4	0.08333333333333333
5116	5541	61	2	0	0	63	2	0.031746031746031744
5117	5493	54	0	0	0	54	0	0
5118	5529	60	1	0	0	61	1	0.01639344262295082
5119	5540	56	4	0	0	60	4	0.06666666666666667
512	5550	78	2	0	0	80	2	0.025
5120	5520	53	2	0	0	55	2	0.03636363636363636
5121	5539	57	5	0	0	62	5	0.08064516129032258
5122	5533	61	2	0	0	63	2	0.031746031746031744
5123	5559	59	2	0	0	61	2	0.03278688524590164
5124	5509	54	2	0	0	56	2	0.03571428571428571
5125	5554	57	3	0	0	60	3	0.05
5126	5525	51	1	0	0	52	1	0.019230769230769232
5127	5507	56	3	0	0	59	3	0.05084745762711865
5128	5552	55	3	0	0	58	3	0.05172413793103448
5129	5522	54	2	0	0	56	2	0.03571428571428571
513	5552	49	2	0	0	51	2	0.0392156862745098
5130	5521	65	4	0	0	69	4	0.057971014492753624
5131	5515	47	0	1	0	48	1	0.020833333333333332
5132	5528	51	2	0	0	53	2	0.03773584905660377
5133	5558	54	0	0	0	54	0	0
5134	5536	61	2	0	0	63	2	0.031746031746031744
5135	5537	48	2	0	0	50	2	0.04
5136	5511	74	0	0	0	74	0	0
5137	5524	59	1	0	0	60	1	0.016666666666666666
5138	5517	49	1	0	0	50	1	0.02
5139	5517	49	4	0	0	53	4	0.07547169811320754
514	5550	61	0	0	0	61	0	0
5140	5548	44	0	0	0	44	0	0
5141	5570	54	1	0	0	55	1	0.01818181818181818
5142	5549	55	2	0	0	57	2	0.03508771929824561
5143	5514	40	2	0	0	42	2	0.047619047619047616
5144	5542	68	4	0	0	72	4	0.05555555555555555
5145	5528	59	1	0	0	60	1	0.016666666666666666
5146	5544	48	1	0	0	49	1	0.02040816326530612
5147	5551	52	1	0	0	53	1	0.018867924528301886
5148	5538	50	3	0	0	53	3	0.05660377358490566
5149	5526	51	1	0	0	52	1	0.019230769230769232
515	5553	56	0	0	0	56	0	0
5150	5549	49	1	0	0	50	1	0.02
5151	5528	66	1	0	0	67	1	0.014925373134328358
5152	5517	61	3	0	0	64	3	0.046875
5153	5542	42	2	0	0	44	2	0.045454545454545456
5154	5487	49	0	0	0	49	0	0
5155	5573	63	3	0	0	66	3	0.045454545454545456
5156	5562	56	6	0	0	62	6	0.0967741935483871
5157	5552	55	2	0	0	57	2	0.03508771929824561
5158	5543	43	1	0	0	44	1	0.022727272727272728
5159	5563	58	2	0	0	60	2	0.03333333333333333
516	5547	52	2	0	0	54	2	0.037037037037037035
5160	5550	48	2	0	0	50	2	0.04
5161	5539	49	4	0	0	53	4	0.07547169811320754
5162	5507	58	0	0	0	58	0	0
5163	5487	44	0	0	0	44	0	0
5164	5555	62	1	0	0	63	1	0.015873015873015872
5165	5496	57	4	0	0	61	4	0.06557377049180328
5166	5509	54	3	1	0	58	4	0.06896551724137931
5167	5508	60	7	0	0	67	7	0.1044776119402985
5168	5518	66	3	0	0	69	3	0.043478260869565216
5169	5577	59	1	0	0	60	1	0.016666666666666666
517	5554	38	5	0	0	43	5	0.11627906976744186
5170	5540	58	3	0	0	61	3	0.04918032786885246
5171	5490	61	3	0	0	64	3	0.046875
5172	5535	57	3	0	0	60	3	0.05
5173	5559	40	2	0	0	42	2	0.047619047619047616
5174	5555	53	2	0	0	55	2	0.03636363636363636
5175	5573	51	2	0	0	53	2	0.03773584905660377
5176	5519	47	3	0	0	50	3	0.06
5177	5547	64	4	0	0	68	4	0.058823529411764705
5178	5522	51	1	0	0	52	1	0.019230769230769232
5179	5561	54	1	0	0	55	1	0.01818181818181818
518	5542	54	3	0	0	57	3	0.05263157894736842
5180	5495	64	2	0	0	66	2	0.030303030303030304
5181	5528	57	1	0	0	58	1	0.017241379310344827
5182	5523	59	3	0	0	62	3	0.04838709677419355
5183	5554	47	2	0	0	49	2	0.04081632653061224
5184	5528	58	2	0	0	60	2	0.03333333333333333
5185	5538	56	0	0	0	56	0	0
5186	5526	55	0	0	0	55	0	0
5187	5547	57	2	0	0	59	2	0.03389830508474576
5188	5495	48	2	0	0	50	2	0.04
5189	5524	60	5	0	0	65	5	0.07692307692307693
519	5534	47	4	0	0	51	4	0.0784313725490196
5190	5529	61	2	0	0	63	2	0.031746031746031744
5191	5499	50	2	0	0	52	2	0.038461538461538464
5192	5562	50	2	0	0	52	2	0.038461538461538464
5193	5550	69	2	0	0	71	2	0.028169014084507043
5194	5498	62	2	0	0	64	2	0.03125
5195	5550	56	2	0	0	58	2	0.034482758620689655
5196	5526	53	2	0	0	55	2	0.03636363636363636
5197	5531	45	3	0	0	48	3	0.0625
5198	5551	60	0	0	0	60	0	0
5199	5563	54	1	0	0	55	1	0.01818181818181818
52	5553	43	1	0	0	44	1	0.022727272727272728
520	5543	43	1	0	0	44	1	0.022727272727272728
5200	5534	51	3	0	0	54	3	0.05555555555555555
5201	5537	50	2	0	0	52	2	0.038461538461538464
5202	5537	45	0	0	0	45	0	0
5203	5543	49	2	0	0	51	2	0.0392156862745098
5204	5499	67	1	0	0	68	1	0.014705882352941176
5205	5553	45	1	0	0	46	1	0.021739130434782608
5206	5559	65	3	0	0	68	3	0.04411764705882353
5207	5553	57	2	0	0	59	2	0.03389830508474576
5208	5547	47	2	0	0	49	2	0.04081632653061224
5209	5531	57	2	0	0	59	2	0.03389830508474576
521	5540	61	2	0	0	63	2	0.031746031746031744
5210	5546	61	1	0	0	62	1	0.016129032258064516
5211	5548	44	2	0	0	46	2	0.043478260869565216
5212	5561	53	0	0	0	53	0	0
5213	5554	44	2	0	0	46	2	0.043478260869565216
5214	5524	61	1	0	0	62	1	0.016129032258064516
5215	5503	55	0	0	0	55	0	0
5216	5558	57	2	0	0	59	2	0.03389830508474576
5217	5541	47	4	0	0	51	4	0.0784313725490196
5218	5546	66	1	0	0	67	1	0.014925373134328358
5219	5523	48	3	0	0	51	3	0.058823529411764705
522	5535	44	5	0	0	49	5	0.10204081632653061
5220	5551	59	1	0	0	60	1	0.016666666666666666
5221	5500	64	3	0	0	67	3	0.04477611940298507
5222	5549	51	3	1	0	55	4	0.07272727272727272
5223	5541	60	0	0	0	60	0	0
5224	5530	39	0	0	0	39	0	0
5225	5536	59	4	0	0	63	4	0.06349206349206349
5226	5538	53	1	0	0	54	1	0.018518518518518517
5227	5563	59	1	0	0	60	1	0.016666666666666666
5228	5570	45	3	0	0	48	3	0.0625
5229	5513	54	4	0	0	58	4	0.06896551724137931
523	5540	51	2	0	0	53	2	0.03773584905660377
5230	5548	58	2	0	0	60	2	0.03333333333333333
5231	5555	50	0	0	0	50	0	0
5232	5537	65	4	0	0	69	4	0.057971014492753624
5233	5547	57	2	0	0	59	2	0.03389830508474576
5234	5583	53	1	0	0	54	1	0.018518518518518517
5235	5485	46	1	0	0	47	1	0.02127659574468085
5236	5525	53	0	0	0	53	0	0
5237	5525	57	1	0	0	58	1	0.017241379310344827
5238	5518	61	1	0	0	62	1	0.016129032258064516
5239	5554	46	2	0	0	48	2	0.041666666666666664
524	5517	63	2	0	0	65	2	0.03076923076923077
5240	5541	69	2	0	0	71	2	0.028169014084507043
5241	5557	55	4	0	0	59	4	0.06779661016949153
5242	5538	69	2	0	0	71	2	0.028169014084507043
5243	5525	71	1	0	0	72	1	0.013888888888888888
5244	5561	75	2	0	0	77	2	0.025974025974025976
5245	5528	48	4	0	0	52	4	0.07692307692307693
5246	5541	58	2	0	0	60	2	0.03333333333333333
5247	5530	55	2	0	0	57	2	0.03508771929824561
5248	5558	44	1	0	0	45	1	0.022222222222222223
5249	5558	58	1	0	0	59	1	0.01694915254237288
525	5540	47	3	0	0	50	3	0.06
5250	5562	52	0	0	0	52	0	0
5251	5534	62	2	0	0	64	2	0.03125
5252	5579	40	2	0	0	42	2	0.047619047619047616
5253	5558	36	3	0	0	39	3	0.07692307692307693
5254	5527	57	2	0	0	59	2	0.03389830508474576
5255	5526	58	1	0	0	59	1	0.01694915254237288
5256	5528	60	4	0	0	64	4	0.0625
5257	5522	61	4	0	0	65	4	0.06153846153846154
5258	5530	53	2	0	0	55	2	0.03636363636363636
5259	5534	57	1	0	0	58	1	0.017241379310344827
526	5565	39	0	0	0	39	0	0
5260	5570	54	2	0	0	56	2	0.03571428571428571
5261	5490	49	2	0	0	51	2	0.0392156862745098
5262	5525	54	2	0	0	56	2	0.03571428571428571
5263	5534	53	3	0	0	56	3	0.05357142857142857
5264	5527	59	2	0	0	61	2	0.03278688524590164
5265	5548	58	3	0	0	61	3	0.04918032786885246
5266	5567	49	0	0	0	49	0	0
5267	5566	61	0	0	0	61	0	0
5268	5538	53	1	0	0	54	1	0.018518518518518517
5269	5531	52	1	0	0	53	1	0.018867924528301886
527	5534	56	0	0	0	56	0	0
5270	5533	58	0	0	0	58	0	0
5271	5569	50	0	0	0	50	0	0
5272	5479	68	4	0	0	72	4	0.05555555555555555
5273	5525	63	4	0	0	67	4	0.05970149253731343
5274	5512	50	2	0	0	52	2	0.038461538461538464
5275	5518	40	0	0	0	40	0	0
5276	5519	53	0	0	0	53	0	0
5277	5554	45	2	0	0	47	2	0.0425531914893617
5278	5508	56	4	0	0	60	4	0.06666666666666667
5279	5524	63	1	0	0	64	1	0.015625
528	5497	54	1	0	0	55	1	0.01818181818181818
5280	5493	64	1	0	0	65	1	0.015384615384615385
5281	5542	55	4	0	0	59	4	0.06779661016949153
5282	5504	63	0	1	0	64	1	0.015625
5283	5513	64	3	1	0	68	4	0.058823529411764705
5284	5574	50	1	0	0	51	1	0.0196078431372549
5285	5535	47	2	0	0	49	2	0.04081632653061224
5286	5533	63	3	0	0	66	3	0.045454545454545456
5287	5560	62	3	0	0	65	3	0.046153846153846156
5288	5544	52	1	0	0	53	1	0.018867924528301886
5289	5526	43	1	0	0	44	1	0.022727272727272728
529	5572	52	3	0	0	55	3	0.05454545454545454
5290	5496	46	1	0	0	47	1	0.02127659574468085
5291	5548	60	2	0	0	62	2	0.03225806451612903
5292	5529	42	4	0	0	46	4	0.08695652173913043
5293	5557	56	1	0	0	57	1	0.017543859649122806
5294	5540	41	1	0	0	42	1	0.023809523809523808
5295	5523	50	2	0	0	52	2	0.038461538461538464
5296	5554	50	1	0	0	51	1	0.0196078431372549
5297	5518	50	1	0	0	51	1	0.0196078431372549
5298	5495	46	2	0	0	48	2	0.041666666666666664
5299	5523	52	5	0	0	57	5	0.08771929824561403
53	5525	47	0	0	0	47	0	0
530	5541	60	0	0	0	60	0	0
5300	5526	31	0	0	0	31	0	0
5301	5494	66	2	0	0	68	2	0.029411764705882353
5302	5579	44	3	0	0	47	3	0.06382978723404255
5303	5569	46	2	0	0	48	2	0.041666666666666664
5304	5549	47	3	0	0	50	3	0.06
5305	5472	57	2	0	0	59	2	0.03389830508474576
5306	5603	49	3	0	0	52	3	0.057692307692307696
5307	5552	56	3	0	0	59	3	0.05084745762711865
5308	5524	46	2	0	0	48	2	0.041666666666666664
5309	5527	69	4	0	0	73	4	0.0547945205479452
531	5585	48	2	0	0	50	2	0.04
5310	5546	47	1	0	0	48	1	0.020833333333333332
5311	5517	65	1	0	0	66	1	0.015151515151515152
5312	5538	59	3	0	0	62	3	0.04838709677419355
5313	5550	41	3	0	0	44	3	0.06818181818181818
5314	5569	36	1	0	0	37	1	0.02702702702702703
5315	5562	64	1	0	0	65	1	0.015384615384615385
5316	5538	61	2	0	0	63	2	0.031746031746031744
5317	5529	48	3	0	0	51	3	0.058823529411764705
5318	5536	51	1	0	0	52	1	0.019230769230769232
5319	5494	43	2	0	0	45	2	0.044444444444444446
532	5520	54	1	0	0	55	1	0.01818181818181818
5320	5534	52	1	0	0	53	1	0.018867924528301886
5321	5516	58	3	0	0	61	3	0.04918032786885246
5322	5552	59	1	0	0	60	1	0.016666666666666666
5323	5543	56	2	0	0	58	2	0.034482758620689655
5324	5560	58	1	0	0	59	1	0.01694915254237288
5325	5515	49	0	0	0	49	0	0
5326	5547	51	3	0	0	54	3	0.05555555555555555
5327	5517	62	1	0	0	63	1	0.015873015873015872
5328	5540	54	1	0	0	55	1	0.01818181818181818
5329	5558	43	0	0	0	43	0	0
533	5568	44	3	0	0	47	3	0.06382978723404255
5330	5543	59	5	0	0	64	5	0.078125
5331	5538	55	3	0	0	58	3	0.05172413793103448
5332	5524	60	2	0	0	62	2	0.03225806451612903
5333	5509	62	2	0	0	64	2	0.03125
5334	5538	51	1	0	0	52	1	0.019230769230769232
5335	5572	48	2	0	0	50	2	0.04
5336	5501	47	1	0	0	48	1	0.020833333333333332
5337	5508	73	3	0	0	76	3	0.039473684210526314
5338	5531	57	2	0	0	59	2	0.03389830508474576
5339	5576	41	3	0	0	44	3	0.06818181818181818
534	5511	65	1	0	0	66	1	0.015151515151515152
5340	5525	56	5	0	0	61	5	0.08196721311475409
5341	5552	50	3	0	0	53	3	0.05660377358490566
5342	5536	45	3	0	0	48	3	0.0625
5343	5523	53	2	0	0	55	2	0.03636363636363636
5344	5513	58	1	0	0	59	1	0.01694915254237288
5345	5503	59	4	0	0	63	4	0.06349206349206349
5346	5536	54	1	0	0	55	1	0.01818181818181818
5347	5533	45	3	0	0	48	3	0.0625
5348	5550	52	1	0	0	53	1	0.018867924528301886
5349	5506	48	1	0	0	49	1	0.02040816326530612
535	5519	64	1	0	0	65	1	0.015384615384615385
5350	5528	46	1	0	0	47	1	0.02127659574468085
5351	5519	66	4	0	0	70	4	0.05714285714285714
5352	5529	53	1	0	0	54	1	0.018518518518518517
5353	5553	39	1	0	0	40	1	0.025
5354	5551	39	2	0	0	41	2	0.04878048780487805
5355	5585	45	1	0	0	46	1	0.021739130434782608
5356	5528	57	4	0	0	61	4	0.06557377049180328
5357	5510	72	2	0	0	74	2	0.02702702702702703
5358	5529	48	1	1	0	50	2	0.04
5359	5582	40	5	0	0	45	5	0.1111111111111111
536	5503	41	1	0	0	42	1	0.023809523809523808
5360	5552	54	2	0	0	56	2	0.03571428571428571
5361	5525	58	1	0	0	59	1	0.01694915254237288
5362	5522	61	4	0	0	65	4	0.06153846153846154
5363	5495	45	0	0	0	45	0	0
5364	5521	49	2	0	0	51	2	0.0392156862745098
5365	5523	49	1	0	0	50	1	0.02
5366	5540	65	2	0	0	67	2	0.029850746268656716
5367	5523	53	1	0	0	54	1	0.018518518518518517
5368	5567	54	5	0	0	59	5	0.0847457627118644
5369	5509	45	4	0	0	49	4	0.08163265306122448
537	5512	42	0	0	0	42	0	0
5370	5508	54	3	0	0	57	3	0.05263157894736842
5371	5524	42	1	0	0	43	1	0.023255813953488372
5372	5524	55	1	1	0	57	2	0.03508771929824561
5373	5537	64	3	1	0	68	4	0.058823529411764705
5374	5525	54	2	0	0	56	2	0.03571428571428571
5375	5483	60	0	0	0	60	0	0
5376	5537	59	2	0	0	61	2	0.03278688524590164
5377	5527	64	2	0	0	66	2	0.030303030303030304
5378	5499	51	2	0	0	53	2	0.03773584905660377
5379	5503	55	0	0	0	55	0	0
538	5521	50	1	0	0	51	1	0.0196078431372549
5380	5545	48	3	0	0	51	3	0.058823529411764705
5381	5546	60	1	0	0	61	1	0.01639344262295082
5382	5500	50	1	0	0	51	1	0.0196078431372549
5383	5533	38	1	0	0	39	1	0.02564102564102564
5384	5514	60	3	0	0	63	3	0.047619047619047616
5385	5542	53	1	0	0	54	1	0.018518518518518517
5386	5552	54	3	0	0	57	3	0.05263157894736842
5387	5516	60	3	0	0	63	3	0.047619047619047616
5388	5589	50	0	0	0	50	0	0
5389	5570	57	4	0	0	61	4	0.06557377049180328
539	5515	64	1	0	0	65	1	0.015384615384615385
5390	5525	49	4	0	0	53	4	0.07547169811320754
5391	5545	55	2	0	0	57	2	0.03508771929824561
5392	5533	45	2	0	0	47	2	0.0425531914893617
5393	5572	48	1	0	0	49	1	0.02040816326530612
5394	5544	42	0	0	0	42	0	0
5395	5506	59	3	0	0	62	3	0.04838709677419355
5396	5505	58	0	0	0	58	0	0
5397	5542	65	3	0	0	68	3	0.04411764705882353
5398	5547	54	1	0	0	55	1	0.01818181818181818
5399	5526	63	1	0	0	64	1	0.015625
54	5513	52	0	0	0	52	0	0
540	5533	57	5	0	0	62	5	0.08064516129032258
5400	5543	49	2	0	0	51	2	0.0392156862745098
5401	5539	68	3	0	0	71	3	0.04225352112676056
5402	5604	50	0	0	0	50	0	0
5403	5544	62	0	0	0	62	0	0
5404	5514	57	1	0	0	58	1	0.017241379310344827
5405	5572	57	0	0	0	57	0	0
5406	5515	56	0	0	0	56	0	0
5407	5490	44	1	0	0	45	1	0.022222222222222223
5408	5542	50	2	0	0	52	2	0.038461538461538464
5409	5558	59	3	0	0	62	3	0.04838709677419355
541	5482	58	2	0	0	60	2	0.03333333333333333
5410	5533	58	2	0	0	60	2	0.03333333333333333
5411	5517	50	1	0	0	51	1	0.0196078431372549
5412	5543	55	1	0	0	56	1	0.017857142857142856
5413	5563	54	3	0	0	57	3	0.05263157894736842
5414	5525	62	2	0	0	64	2	0.03125
5415	5537	44	1	0	0	45	1	0.022222222222222223
5416	5546	58	1	0	0	59	1	0.01694915254237288
5417	5539	46	2	0	0	48	2	0.041666666666666664
5418	5556	62	2	0	0	64	2	0.03125
5419	5558	39	1	0	0	40	1	0.025
542	5507	58	1	0	0	59	1	0.01694915254237288
5420	5574	59	2	0	0	61	2	0.03278688524590164
5421	5505	58	1	0	0	59	1	0.01694915254237288
5422	5525	66	1	0	0	67	1	0.014925373134328358
5423	5504	59	3	0	0	62	3	0.04838709677419355
5424	5510	64	1	0	0	65	1	0.015384615384615385
5425	5543	56	0	0	0	56	0	0
5426	5541	60	5	0	0	65	5	0.07692307692307693
5427	5546	45	1	0	0	46	1	0.021739130434782608
5428	5554	57	3	0	0	60	3	0.05
5429	5521	56	3	0	0	59	3	0.05084745762711865
543	5576	47	1	0	0	48	1	0.020833333333333332
5430	5529	56	1	0	0	57	1	0.017543859649122806
5431	5552	54	0	0	0	54	0	0
5432	5524	62	1	0	0	63	1	0.015873015873015872
5433	5507	59	3	0	0	62	3	0.04838709677419355
5434	5552	45	2	0	0	47	2	0.0425531914893617
5435	5502	62	1	0	0	63	1	0.015873015873015872
5436	5512	56	3	0	0	59	3	0.05084745762711865
5437	5537	33	1	0	0	34	1	0.029411764705882353
5438	5518	66	2	0	0	68	2	0.029411764705882353
5439	5537	48	2	0	0	50	2	0.04
544	5521	61	3	0	0	64	3	0.046875
5440	5516	53	1	0	0	54	1	0.018518518518518517
5441	5541	50	3	0	0	53	3	0.05660377358490566
5442	5524	58	1	0	0	59	1	0.01694915254237288
5443	5546	48	2	0	0	50	2	0.04
5444	5513	52	3	0	0	55	3	0.05454545454545454
5445	5502	50	1	0	0	51	1	0.0196078431372549
5446	5541	66	2	0	1	69	3	0.043478260869565216
5447	5552	55	1	0	0	56	1	0.017857142857142856
5448	5518	66	2	0	0	68	2	0.029411764705882353
5449	5523	59	2	0	0	61	2	0.03278688524590164
545	5485	66	3	0	0	69	3	0.043478260869565216
5450	5531	58	1	0	0	59	1	0.01694915254237288
5451	5536	58	6	0	0	64	6	0.09375
5452	5521	58	2	0	0	60	2	0.03333333333333333
5453	5545	66	0	0	0	66	0	0
5454	5500	52	1	0	0	53	1	0.018867924528301886
5455	5510	57	0	0	0	57	0	0
5456	5573	50	1	0	0	51	1	0.0196078431372549
5457	5487	50	2	0	0	52	2	0.038461538461538464
5458	5582	45	2	0	0	47	2	0.0425531914893617
5459	5518	58	1	0	0	59	1	0.01694915254237288
546	5521	47	1	0	0	48	1	0.020833333333333332
5460	5530	50	2	0	0	52	2	0.038461538461538464
5461	5525	55	1	0	0	56	1	0.017857142857142856
5462	5551	57	2	0	0	59	2	0.03389830508474576
5463	5513	56	1	0	0	57	1	0.017543859649122806
5464	5517	54	1	1	0	56	2	0.03571428571428571
5465	5525	51	4	0	0	55	4	0.07272727272727272
5466	5531	59	2	0	0	61	2	0.03278688524590164
5467	5588	55	4	0	0	59	4	0.06779661016949153
5468	5520	54	3	0	0	57	3	0.05263157894736842
5469	5579	56	1	0	0	57	1	0.017543859649122806
547	5519	55	4	0	0	59	4	0.06779661016949153
5470	5536	54	2	0	0	56	2	0.03571428571428571
5471	5552	60	3	0	0	63	3	0.047619047619047616
5472	5504	48	4	1	0	53	5	0.09433962264150944
5473	5574	50	0	0	0	50	0	0
5474	5497	49	1	0	0	50	1	0.02
5475	5551	57	2	0	0	59	2	0.03389830508474576
5476	5555	60	1	0	0	61	1	0.01639344262295082
5477	5504	63	2	0	0	65	2	0.03076923076923077
5478	5526	46	1	0	0	47	1	0.02127659574468085
5479	5540	54	0	1	0	55	1	0.01818181818181818
548	5526	56	2	0	0	58	2	0.034482758620689655
5480	5530	54	3	0	0	57	3	0.05263157894736842
5481	5516	54	1	0	0	55	1	0.01818181818181818
5482	5561	49	1	0	0	50	1	0.02
5483	5566	56	3	0	0	59	3	0.05084745762711865
5484	5524	62	1	0	0	63	1	0.015873015873015872
5485	5570	57	3	0	0	60	3	0.05
5486	5526	54	2	0	0	56	2	0.03571428571428571
5487	5519	67	3	0	0	70	3	0.04285714285714286
5488	5536	60	0	0	0	60	0	0
5489	5579	64	2	0	0	66	2	0.030303030303030304
549	5526	55	1	0	0	56	1	0.017857142857142856
5490	5519	55	3	0	0	58	3	0.05172413793103448
5491	5513	42	1	0	0	43	1	0.023255813953488372
5492	5462	54	0	0	0	54	0	0
5493	5566	55	2	0	0	57	2	0.03508771929824561
5494	5530	52	4	0	0	56	4	0.07142857142857142
5495	5523	51	0	0	0	51	0	0
5496	5545	64	2	0	0	66	2	0.030303030303030304
5497	5526	61	1	0	0	62	1	0.016129032258064516
5498	5545	56	1	0	0	57	1	0.017543859649122806
5499	5564	51	1	0	0	52	1	0.019230769230769232
55	5520	50	2	0	0	52	2	0.038461538461538464
550	5533	53	1	0	0	54	1	0.018518518518518517
5500	5514	62	0	0	0	62	0	0
5501	5507	48	1	0	0	49	1	0.02040816326530612
5502	5569	61	1	0	0	62	1	0.016129032258064516
5503	5576	54	1	0	0	55	1	0.01818181818181818
5504	5542	57	3	0	0	60	3	0.05
5505	5532	60	1	0	0	61	1	0.01639344262295082
5506	5535	65	2	0	0	67	2	0.029850746268656716
5507	5519	41	0	0	0	41	0	0
5508	5540	48	3	0	0	51	3	0.058823529411764705
5509	5577	49	2	0	0	51	2	0.0392156862745098
551	5476	55	3	0	0	58	3	0.05172413793103448
5510	5528	48	1	0	0	49	1	0.02040816326530612
5511	5511	42	1	0	0	43	1	0.023255813953488372
5512	5553	57	0	0	0	57	0	0
5513	5560	45	2	1	0	48	3	0.0625
5514	5537	41	3	0	0	44	3	0.06818181818181818
5515	5556	48	3	0	0	51	3	0.058823529411764705
5516	5536	57	4	0	0	61	4	0.06557377049180328
5517	5555	48	2	0	0	50	2	0.04
5518	5520	52	1	0	0	53	1	0.018867924528301886
5519	5530	65	1	0	0	66	1	0.015151515151515152
552	5538	65	3	0	0	68	3	0.04411764705882353
5520	5537	51	0	0	0	51	0	0
5521	5533	56	1	0	0	57	1	0.017543859649122806
5522	5535	47	1	0	0	48	1	0.020833333333333332
5523	5513	56	1	0	0	57	1	0.017543859649122806
5524	5518	57	1	0	0	58	1	0.017241379310344827
5525	5521	41	1	0	0	42	1	0.023809523809523808
5526	5506	46	2	0	0	48	2	0.041666666666666664
5527	5508	59	1	0	0	60	1	0.016666666666666666
5528	5526	50	2	0	0	52	2	0.038461538461538464
5529	5532	56	1	0	0	57	1	0.017543859649122806
553	5547	51	1	0	0	52	1	0.019230769230769232
5530	5548	49	2	0	0	51	2	0.0392156862745098
5531	5501	52	1	0	0	53	1	0.018867924528301886
5532	5516	43	1	0	0	44	1	0.022727272727272728
5533	5508	39	1	0	0	40	1	0.025
5534	5549	52	2	0	0	54	2	0.037037037037037035
5535	5553	52	0	0	0	52	0	0
5536	5522	56	0	0	0	56	0	0
5537	5528	47	3	1	0	51	4	0.0784313725490196
5538	5556	50	0	0	0	50	0	0
5539	5554	45	1	0	0	46	1	0.021739130434782608
554	5539	40	1	0	0	41	1	0.024390243902439025
5540	5539	43	2	0	0	45	2	0.044444444444444446
5541	5558	55	1	0	0	56	1	0.017857142857142856
5542	5558	52	1	0	0	53	1	0.018867924528301886
5543	5540	58	1	0	0	59	1	0.01694915254237288
5544	5527	44	2	0	0	46	2	0.043478260869565216
5545	5555	56	4	0	0	60	4	0.06666666666666667
5546	5533	53	2	0	0	55	2	0.03636363636363636
5547	5540	53	0	0	0	53	0	0
5548	5536	63	2	0	0	65	2	0.03076923076923077
5549	5559	61	2	0	0	63	2	0.031746031746031744
555	5557	57	3	0	0	60	3	0.05
5550	5545	55	1	0	0	56	1	0.017857142857142856
5551	5525	57	1	0	0	58	1	0.017241379310344827
5552	5564	65	3	0	0	68	3	0.04411764705882353
5553	5531	48	2	0	0	50	2	0.04
5554	5518	57	0	0	0	57	0	0
5555	5581	59	2	0	0	61	2	0.03278688524590164
5556	5548	47	4	0	0	51	4	0.0784313725490196
5557	5528	54	1	0	0	55	1	0.01818181818181818
5558	5509	63	3	0	0	66	3	0.045454545454545456
5559	5522	55	1	0	0	56	1	0.017857142857142856
556	5546	55	1	0	0	56	1	0.017857142857142856
5560	5531	54	0	0	0	54	0	0
5561	5524	47	2	0	0	49	2	0.04081632653061224
5562	5522	50	2	0	0	52	2	0.038461538461538464
5563	5532	64	0	0	0	64	0	0
5564	5549	55	3	0	0	58	3	0.05172413793103448
5565	5508	53	1	1	0	55	2	0.03636363636363636
5566	5515	51	1	0	0	52	1	0.019230769230769232
5567	5537	53	1	0	0	54	1	0.018518518518518517
5568	5594	44	2	0	0	46	2	0.043478260869565216
5569	5520	53	1	0	0	54	1	0.018518518518518517
557	5519	47	2	0	0	49	2	0.04081632653061224
5570	5544	57	2	0	0	59	2	0.03389830508474576
5571	5579	49	0	0	0	49	0	0
5572	5531	58	1	0	0	59	1	0.01694915254237288
5573	5535	57	4	0	0	61	4	0.06557377049180328
5574	5529	60	1	0	0	61	1	0.01639344262295082
5575	5533	45	1	0	0	46	1	0.021739130434782608
5576	5496	59	0	0	0	59	0	0
5577	5544	51	1	0	0	52	1	0.019230769230769232
5578	5549	45	1	0	0	46	1	0.021739130434782608
5579	5553	69	1	0	0	70	1	0.014285714285714285
558	5553	55	3	0	0	58	3	0.05172413793103448
5580	5512	48	2	0	0	50	2	0.04
5581	5516	59	6	0	0	65	6	0.09230769230769231
5582	5558	51	4	0	0	55	4	0.07272727272727272
5583	5554	51	3	0	0	54	3	0.05555555555555555
5584	5530	49	2	0	0	51	2	0.0392156862745098
5585	5555	46	3	0	0	49	3	0.061224489795918366
5586	5532	47	0	0	0	47	0	0
5587	5529	49	1	0	0	50	1	0.02
5588	5525	58	0	0	0	58	0	0
5589	5560	52	2	0	0	54	2	0.037037037037037035
559	5546	57	1	0	0	58	1	0.017241379310344827
5590	5513	53	2	0	0	55	2	0.03636363636363636
5591	5528	57	2	0	0	59	2	0.03389830508474576
5592	5522	52	4	0	0	56	4	0.07142857142857142
5593	5502	64	1	0	0	65	1	0.015384615384615385
5594	5549	48	1	0	0	49	1	0.02040816326530612
5595	5502	60	0	0	0	60	0	0
5596	5547	66	3	0	0	69	3	0.043478260869565216
5597	5508	52	1	0	0	53	1	0.018867924528301886
5598	5542	66	2	0	0	68	2	0.029411764705882353
5599	5523	56	0	1	0	57	1	0.017543859649122806
56	5539	51	2	0	0	53	2	0.03773584905660377
560	5536	54	3	0	0	57	3	0.05263157894736842
5600	5529	48	2	0	0	50	2	0.04
5601	5566	53	2	0	0	55	2	0.03636363636363636
5602	5516	57	0	0	0	57	0	0
5603	5523	52	1	0	0	53	1	0.018867924528301886
5604	5571	70	3	0	0	73	3	0.0410958904109589
5605	5538	45	0	0	0	45	0	0
5606	5545	54	3	0	0	57	3	0.05263157894736842
5607	5538	47	3	0	0	50	3	0.06
5608	5532	50	1	0	0	51	1	0.0196078431372549
5609	5525	67	0	0	0	67	0	0
561	5540	52	0	0	0	52	0	0
5610	5506	59	3	0	0	62	3	0.04838709677419355
5611	5528	43	2	0	0	45	2	0.044444444444444446
5612	5564	59	3	0	0	62	3	0.04838709677419355
5613	5519	62	1	0	0	63	1	0.015873015873015872
5614	5519	56	3	0	0	59	3	0.05084745762711865
5615	5498	55	1	0	0	56	1	0.017857142857142856
5616	5543	46	4	0	0	50	4	0.08
5617	5535	51	1	0	0	52	1	0.019230769230769232
5618	5525	42	2	0	0	44	2	0.045454545454545456
5619	5573	39	0	0	0	39	0	0
562	5554	46	1	0	0	47	1	0.02127659574468085
5620	5516	51	1	0	0	52	1	0.019230769230769232
5621	5540	58	2	0	0	60	2	0.03333333333333333
5622	5525	48	5	0	0	53	5	0.09433962264150944
5623	5534	67	2	0	0	69	2	0.028985507246376812
5624	5538	65	1	0	0	66	1	0.015151515151515152
5625	5544	44	4	0	0	48	4	0.08333333333333333
5626	5509	60	1	0	0	61	1	0.01639344262295082
5627	5524	49	5	0	0	54	5	0.09259259259259259
5628	5560	46	2	0	0	48	2	0.041666666666666664
5629	5497	53	2	0	0	55	2	0.03636363636363636
563	5567	48	3	0	0	51	3	0.058823529411764705
5630	5539	45	2	0	0	47	2	0.0425531914893617
5631	5557	65	2	0	0	67	2	0.029850746268656716
5632	5526	42	2	0	0	44	2	0.045454545454545456
5633	5544	52	2	0	0	54	2	0.037037037037037035
5634	5486	53	0	0	0	53	0	0
5635	5527	39	1	0	0	40	1	0.025
5636	5526	68	1	0	0	69	1	0.014492753623188406
5637	5547	60	1	0	0	61	1	0.01639344262295082
5638	5566	64	1	0	0	65	1	0.015384615384615385
5639	5551	53	1	0	0	54	1	0.018518518518518517
564	5556	54	4	0	0	58	4	0.06896551724137931
5640	5528	63	0	0	0	63	0	0
5641	5517	65	3	0	0	68	3	0.04411764705882353
5642	5526	56	3	0	0	59	3	0.05084745762711865
5643	5517	60	0	0	0	60	0	0
5644	5560	41	1	0	0	42	1	0.023809523809523808
5645	5507	49	1	0	0	50	1	0.02
5646	5551	55	5	0	0	60	5	0.08333333333333333
5647	5507	69	0	0	0	69	0	0
5648	5531	53	1	0	0	54	1	0.018518518518518517
5649	5543	50	0	0	0	50	0	0
565	5534	44	2	0	0	46	2	0.043478260869565216
5650	5508	70	2	0	0	72	2	0.027777777777777776
5651	5534	49	3	0	0	52	3	0.057692307692307696
5652	5503	62	2	0	0	64	2	0.03125
5653	5515	48	2	0	0	50	2	0.04
5654	5544	55	5	0	0	60	5	0.08333333333333333
5655	5513	58	1	0	0	59	1	0.01694915254237288
5656	5535	54	1	0	0	55	1	0.01818181818181818
5657	5512	47	2	0	0	49	2	0.04081632653061224
5658	5600	60	1	0	0	61	1	0.01639344262295082
5659	5512	50	1	0	0	51	1	0.0196078431372549
566	5479	63	0	0	0	63	0	0
5660	5521	55	1	0	0	56	1	0.017857142857142856
5661	5521	45	1	0	0	46	1	0.021739130434782608
5662	5536	50	1	0	0	51	1	0.0196078431372549
5663	5546	48	1	0	0	49	1	0.02040816326530612
5664	5546	54	2	0	0	56	2	0.03571428571428571
5665	5510	61	5	0	0	66	5	0.07575757575757576
5666	5516	54	2	0	0	56	2	0.03571428571428571
5667	5539	79	3	0	0	82	3	0.036585365853658534
5668	5521	53	0	0	0	53	0	0
5669	5560	38	1	0	0	39	1	0.02564102564102564
567	5548	61	5	0	0	66	5	0.07575757575757576
5670	5494	62	3	0	0	65	3	0.046153846153846156
5671	5485	65	0	0	0	65	0	0
5672	5515	50	2	0	0	52	2	0.038461538461538464
5673	5566	45	1	0	0	46	1	0.021739130434782608
5674	5541	64	2	0	0	66	2	0.030303030303030304
5675	5528	50	2	0	0	52	2	0.038461538461538464
5676	5547	34	2	0	0	36	2	0.05555555555555555
5677	5510	60	4	0	0	64	4	0.0625
5678	5541	47	1	0	0	48	1	0.020833333333333332
5679	5519	68	2	0	1	71	3	0.04225352112676056
568	5540	52	3	0	0	55	3	0.05454545454545454
5680	5523	57	0	0	0	57	0	0
5681	5487	59	1	0	0	60	1	0.016666666666666666
5682	5567	59	2	0	0	61	2	0.03278688524590164
5683	5557	52	0	0	0	52	0	0
5684	5523	66	0	0	0	66	0	0
5685	5522	48	2	0	0	50	2	0.04
5686	5501	70	2	0	0	72	2	0.027777777777777776
5687	5526	55	1	0	0	56	1	0.017857142857142856
5688	5528	62	3	0	0	65	3	0.046153846153846156
5689	5550	53	1	0	0	54	1	0.018518518518518517
569	5522	44	1	0	0	45	1	0.022222222222222223
5690	5536	36	5	0	0	41	5	0.12195121951219512
5691	5506	52	0	0	0	52	0	0
5692	5501	56	5	0	0	61	5	0.08196721311475409
5693	5522	49	0	0	0	49	0	0
5694	5555	46	1	0	0	47	1	0.02127659574468085
5695	5530	51	0	0	0	51	0	0
5696	5565	58	4	0	0	62	4	0.06451612903225806
5697	5518	56	1	0	0	57	1	0.017543859649122806
5698	5473	49	2	0	0	51	2	0.0392156862745098
5699	5526	52	2	0	0	54	2	0.037037037037037035
57	5546	58	3	0	0	61	3	0.04918032786885246
570	5518	62	1	0	0	63	1	0.015873015873015872
5700	5517	60	3	0	0	63	3	0.047619047619047616
5701	5577	48	0	0	0	48	0	0
5702	5545	52	2	0	0	54	2	0.037037037037037035
5703	5504	58	1	0	0	59	1	0.01694915254237288
5704	5549	53	1	0	0	54	1	0.018518518518518517
5705	5527	62	3	0	0	65	3	0.046153846153846156
5706	5516	56	4	0	0	60	4	0.06666666666666667
5707	5496	58	4	0	0	62	4	0.06451612903225806
5708	5536	53	0	0	0	53	0	0
5709	5574	59	2	0	0	61	2	0.03278688524590164
571	5551	62	3	0	0	65	3	0.046153846153846156
5710	5557	58	5	0	0	63	5	0.07936507936507936
5711	5534	47	0	1	0	48	1	0.020833333333333332
5712	5480	59	0	0	0	59	0	0
5713	5516	54	1	0	0	55	1	0.01818181818181818
5714	5518	61	3	0	0	64	3	0.046875
5715	5596	54	2	0	0	56	2	0.03571428571428571
5716	5549	44	1	0	0	45	1	0.022222222222222223
5717	5521	60	1	0	0	61	1	0.01639344262295082
5718	5550	42	2	0	0	44	2	0.045454545454545456
5719	5538	55	3	0	0	58	3	0.05172413793103448
572	5590	44	3	0	0	47	3	0.06382978723404255
5720	5532	48	2	0	0	50	2	0.04
5721	5514	63	2	0	0	65	2	0.03076923076923077
5722	5557	53	1	0	0	54	1	0.018518518518518517
5723	5526	65	3	0	0	68	3	0.04411764705882353
5724	5552	52	1	0	0	53	1	0.018867924528301886
5725	5537	43	2	0	0	45	2	0.044444444444444446
5726	5511	57	4	0	0	61	4	0.06557377049180328
5727	5568	45	2	0	0	47	2	0.0425531914893617
5728	5500	55	2	0	0	57	2	0.03508771929824561
5729	5525	49	2	0	0	51	2	0.0392156862745098
573	5545	69	5	0	0	74	5	0.06756756756756757
5730	5526	62	1	0	0	63	1	0.015873015873015872
5731	5539	58	1	0	0	59	1	0.01694915254237288
5732	5546	68	2	0	0	70	2	0.02857142857142857
5733	5548	55	1	0	0	56	1	0.017857142857142856
5734	5543	47	2	0	0	49	2	0.04081632653061224
5735	5545	43	2	0	0	45	2	0.044444444444444446
5736	5557	57	1	0	0	58	1	0.017241379310344827
5737	5562	59	0	0	0	59	0	0
5738	5524	58	0	0	0	58	0	0
5739	5537	47	3	0	0	50	3	0.06
574	5534	51	1	0	0	52	1	0.019230769230769232
5740	5527	51	5	0	0	56	5	0.08928571428571429
5741	5503	57	2	0	0	59	2	0.03389830508474576
5742	5536	59	1	0	0	60	1	0.016666666666666666
5743	5549	53	2	0	0	55	2	0.03636363636363636
5744	5562	66	1	0	0	67	1	0.014925373134328358
5745	5536	53	1	0	0	54	1	0.018518518518518517
5746	5499	56	0	0	0	56	0	0
5747	5537	51	3	0	0	54	3	0.05555555555555555
5748	5552	54	0	0	0	54	0	0
5749	5517	50	2	0	0	52	2	0.038461538461538464
575	5557	52	2	0	0	54	2	0.037037037037037035
5750	5569	52	2	0	0	54	2	0.037037037037037035
5751	5513	52	1	0	0	53	1	0.018867924528301886
5752	5525	52	2	0	0	54	2	0.037037037037037035
5753	5541	51	1	0	0	52	1	0.019230769230769232
5754	5557	56	0	0	0	56	0	0
5755	5572	59	2	0	0	61	2	0.03278688524590164
5756	5524	54	1	0	0	55	1	0.01818181818181818
5757	5514	61	1	0	0	62	1	0.016129032258064516
5758	5568	49	4	0	0	53	4	0.07547169811320754
5759	5491	39	0	0	0	39	0	0
576	5540	58	3	0	0	61	3	0.04918032786885246
5760	5535	51	3	0	0	54	3	0.05555555555555555
5761	5533	62	2	0	0	64	2	0.03125
5762	5551	51	1	0	0	52	1	0.019230769230769232
5763	5545	44	1	0	0	45	1	0.022222222222222223
5764	5536	59	1	0	0	60	1	0.016666666666666666
5765	5567	57	3	0	0	60	3	0.05
5766	5516	55	4	0	0	59	4	0.06779661016949153
5767	5526	41	2	0	0	43	2	0.046511627906976744
5768	5541	53	0	0	0	53	0	0
5769	5535	68	3	0	0	71	3	0.04225352112676056
577	5526	70	2	0	0	72	2	0.027777777777777776
5770	5581	41	3	0	0	44	3	0.06818181818181818
5771	5569	48	2	0	0	50	2	0.04
5772	5577	53	1	0	0	54	1	0.018518518518518517
5773	5511	60	2	0	0	62	2	0.03225806451612903
5774	5571	46	5	0	0	51	5	0.09803921568627451
5775	5528	55	3	0	0	58	3	0.05172413793103448
5776	5545	68	0	0	0	68	0	0
5777	5553	58	0	0	0	58	0	0
5778	5531	60	3	0	0	63	3	0.047619047619047616
5779	5535	60	1	1	0	62	2	0.03225806451612903
578	5552	57	2	0	0	59	2	0.03389830508474576
5780	5562	48	0	0	0	48	0	0
5781	5545	57	1	0	0	58	1	0.017241379310344827
5782	5565	69	1	0	0	70	1	0.014285714285714285
5783	5508	47	3	0	0	50	3	0.06
5784	5567	66	0	1	0	67	1	0.014925373134328358
5785	5543	53	2	0	0	55	2	0.03636363636363636
5786	5531	53	4	0	0	57	4	0.07017543859649122
5787	5543	60	1	0	0	61	1	0.01639344262295082
5788	5543	49	2	0	0	51	2	0.0392156862745098
5789	5552	67	2	0	0	69	2	0.028985507246376812
579	5521	61	0	0	0	61	0	0
5790	5578	51	2	0	0	53	2	0.03773584905660377
5791	5560	59	0	0	0	59	0	0
5792	5530	52	3	0	0	55	3	0.05454545454545454
5793	5583	48	1	0	0	49	1	0.02040816326530612
5794	5550	48	2	0	0	50	2	0.04
5795	5537	59	5	0	0	64	5	0.078125
5796	5533	55	1	0	0	56	1	0.017857142857142856
5797	5503	51	4	0	0	55	4	0.07272727272727272
5798	5564	52	0	0	0	52	0	0
5799	5568	65	0	0	0	65	0	0
58	5537	63	4	0	0	67	4	0.05970149253731343
580	5521	46	1	0	0	47	1	0.02127659574468085
5800	5524	46	8	0	0	54	8	0.14814814814814814
5801	5588	58	1	0	0	59	1	0.01694915254237288
5802	5537	54	1	0	0	55	1	0.01818181818181818
5803	5521	50	2	0	0	52	2	0.038461538461538464
5804	5527	72	1	0	0	73	1	0.0136986301369863
5805	5568	47	0	0	0	47	0	0
5806	5507	51	1	0	0	52	1	0.019230769230769232
5807	5501	56	1	0	0	57	1	0.017543859649122806
5808	5535	63	1	0	0	64	1	0.015625
5809	5548	49	3	0	0	52	3	0.057692307692307696
581	5558	49	6	1	0	56	7	0.125
5810	5525	57	2	0	0	59	2	0.03389830508474576
5811	5548	46	2	0	0	48	2	0.041666666666666664
5812	5544	59	4	1	0	64	5	0.078125
5813	5539	52	0	0	0	52	0	0
5814	5517	61	2	0	0	63	2	0.031746031746031744
5815	5577	48	1	0	0	49	1	0.02040816326530612
5816	5541	53	0	0	0	53	0	0
5817	5554	34	0	0	0	34	0	0
5818	5549	45	2	0	0	47	2	0.0425531914893617
5819	5541	55	4	0	0	59	4	0.06779661016949153
582	5538	64	2	0	0	66	2	0.030303030303030304
5820	5550	53	2	0	0	55	2	0.03636363636363636
5821	5518	60	1	0	0	61	1	0.01639344262295082
5822	5530	54	0	0	0	54	0	0
5823	5524	51	0	0	0	51	0	0
5824	5509	54	0	0	0	54	0	0
5825	5493	54	4	0	0	58	4	0.06896551724137931
5826	5556	55	5	0	0	60	5	0.08333333333333333
5827	5528	53	1	0	0	54	1	0.018518518518518517
5828	5554	47	6	0	0	53	6	0.11320754716981132
5829	5523	43	1	0	0	44	1	0.022727272727272728
583	5532	58	0	0	0	58	0	0
5830	5513	55	1	0	0	56	1	0.017857142857142856
5831	5553	56	2	0	0	58	2	0.034482758620689655
5832	5519	61	1	0	0	62	1	0.016129032258064516
5833	5513	53	4	0	0	57	4	0.07017543859649122
5834	5549	57	2	1	0	60	3	0.05
5835	5564	50	0	0	0	50	0	0
5836	5532	48	0	1	0	49	1	0.02040816326530612
5837	5591	57	3	0	0	60	3	0.05
5838	5548	45	4	0	0	49	4	0.08163265306122448
5839	5521	55	2	0	0	57	2	0.03508771929824561
584	5570	66	3	0	0	69	3	0.043478260869565216
5840	5548	54	1	0	0	55	1	0.01818181818181818
5841	5568	59	0	0	0	59	0	0
5842	5576	39	0	1	0	40	1	0.025
5843	5548	54	0	0	0	54	0	0
5844	5500	53	5	0	0	58	5	0.08620689655172414
5845	5597	58	3	0	0	61	3	0.04918032786885246
5846	5526	62	1	0	0	63	1	0.015873015873015872
5847	5516	43	0	0	0	43	0	0
5848	5523	51	1	0	0	52	1	0.019230769230769232
5849	5547	59	0	0	0	59	0	0
585	5548	54	1	0	0	55	1	0.01818181818181818
5850	5534	64	2	0	0	66	2	0.030303030303030304
5851	5538	46	0	0	0	46	0	0
5852	5532	40	0	0	0	40	0	0
5853	5536	50	1	0	0	51	1	0.0196078431372549
5854	5549	42	4	0	0	46	4	0.08695652173913043
5855	5528	56	3	0	0	59	3	0.05084745762711865
5856	5542	50	4	0	0	54	4	0.07407407407407407
5857	5524	53	1	0	0	54	1	0.018518518518518517
5858	5530	55	4	0	0	59	4	0.06779661016949153
5859	5538	60	0	0	0	60	0	0
586	5542	62	1	0	0	63	1	0.015873015873015872
5860	5556	63	2	0	0	65	2	0.03076923076923077
5861	5572	56	0	0	0	56	0	0
5862	5512	62	1	0	0	63	1	0.015873015873015872
5863	5508	61	1	0	0	62	1	0.016129032258064516
5864	5549	40	1	0	0	41	1	0.024390243902439025
5865	5543	53	1	0	0	54	1	0.018518518518518517
5866	5482	60	0	0	0	60	0	0
5867	5558	61	0	0	0	61	0	0
5868	5518	53	2	0	0	55	2	0.03636363636363636
5869	5549	46	3	0	0	49	3	0.061224489795918366
587	5523	55	3	0	0	58	3	0.05172413793103448
5870	5522	61	0	0	0	61	0	0
5871	5581	50	3	0	0	53	3	0.05660377358490566
5872	5534	62	3	0	0	65	3	0.046153846153846156
5873	5538	52	0	0	0	52	0	0
5874	5528	52	4	0	0	56	4	0.07142857142857142
5875	5584	55	1	0	0	56	1	0.017857142857142856
5876	5501	59	4	0	0	63	4	0.06349206349206349
5877	5529	55	2	0	0	57	2	0.03508771929824561
5878	5520	71	2	0	0	73	2	0.0273972602739726
5879	5538	49	0	0	0	49	0	0
588	5561	45	3	0	0	48	3	0.0625
5880	5531	47	1	0	0	48	1	0.020833333333333332
5881	5517	48	0	0	0	48	0	0
5882	5544	49	1	0	0	50	1	0.02
5883	5567	43	1	0	0	44	1	0.022727272727272728
5884	5520	61	1	0	0	62	1	0.016129032258064516
5885	5520	60	3	0	0	63	3	0.047619047619047616
5886	5518	50	2	0	0	52	2	0.038461538461538464
5887	5522	53	5	0	0	58	5	0.08620689655172414
5888	5543	48	1	0	0	49	1	0.02040816326530612
5889	5557	56	2	0	0	58	2	0.034482758620689655
589	5527	50	5	0	0	55	5	0.09090909090909091
5890	5569	47	0	0	0	47	0	0
5891	5517	55	0	0	0	55	0	0
5892	5517	45	2	0	0	47	2	0.0425531914893617
5893	5526	57	2	0	0	59	2	0.03389830508474576
5894	5493	64	0	0	0	64	0	0
5895	5553	62	3	0	0	65	3	0.046153846153846156
5896	5527	53	1	0	0	54	1	0.018518518518518517
5897	5500	59	2	0	0	61	2	0.03278688524590164
5898	5490	41	4	0	0	45	4	0.08888888888888889
5899	5520	69	1	0	0	70	1	0.014285714285714285
59	5545	59	3	0	0	62	3	0.04838709677419355
590	5553	45	0	0	0	45	0	0
5900	5557	69	2	0	0	71	2	0.028169014084507043
5901	5519	40	3	0	0	43	3	0.06976744186046512
5902	5555	58	3	1	0	62	4	0.06451612903225806
5903	5560	51	0	0	0	51	0	0
5904	5540	48	2	0	0	50	2	0.04
5905	5577	50	1	0	0	51	1	0.0196078431372549
5906	5565	44	3	0	0	47	3	0.06382978723404255
5907	5547	46	1	0	0	47	1	0.02127659574468085
5908	5543	57	1	0	0	58	1	0.017241379310344827
5909	5507	48	4	0	0	52	4	0.07692307692307693
591	5546	56	1	1	0	58	2	0.034482758620689655
5910	5547	50	1	0	0	51	1	0.0196078431372549
5911	5531	60	1	0	0	61	1	0.01639344262295082
5912	5512	56	1	0	0	57	1	0.017543859649122806
5913	5560	47	3	0	0	50	3	0.06
5914	5571	57	2	0	0	59	2	0.03389830508474576
5915	5549	59	2	0	0	61	2	0.03278688524590164
5916	5531	69	2	0	0	71	2	0.028169014084507043
5917	5523	59	2	0	0	61	2	0.03278688524590164
5918	5553	60	1	0	0	61	1	0.01639344262295082
5919	5534	59	0	1	0	60	1	0.016666666666666666
592	5492	43	3	0	0	46	3	0.06521739130434782
5920	5506	71	0	0	0	71	0	0
5921	5539	58	2	0	0	60	2	0.03333333333333333
5922	5514	45	1	0	0	46	1	0.021739130434782608
5923	5566	68	2	0	0	70	2	0.02857142857142857
5924	5517	51	0	0	0	51	0	0
5925	5521	56	1	0	0	57	1	0.017543859649122806
5926	5540	54	0	0	0	54	0	0
5927	5535	61	2	0	0	63	2	0.031746031746031744
5928	5546	53	3	0	0	56	3	0.05357142857142857
5929	5499	58	2	0	0	60	2	0.03333333333333333
593	5556	55	1	1	0	57	2	0.03508771929824561
5930	5536	51	0	0	0	51	0	0
5931	5529	45	0	0	0	45	0	0
5932	5514	61	1	0	0	62	1	0.016129032258064516
5933	5593	63	0	0	0	63	0	0
5934	5509	46	1	0	0	47	1	0.02127659574468085
5935	5543	58	1	0	0	59	1	0.01694915254237288
5936	5569	51	2	0	0	53	2	0.03773584905660377
5937	5538	45	0	0	0	45	0	0
5938	5553	47	2	0	0	49	2	0.04081632653061224
5939	5514	48	1	0	0	49	1	0.02040816326530612
594	5491	58	3	0	0	61	3	0.04918032786885246
5940	5540	43	2	0	0	45	2	0.044444444444444446
5941	5535	66	1	0	0	67	1	0.014925373134328358
5942	5556	52	6	0	0	58	6	0.10344827586206896
5943	5570	46	1	0	0	47	1	0.02127659574468085
5944	5540	60	2	0	0	62	2	0.03225806451612903
5945	5539	52	3	0	0	55	3	0.05454545454545454
5946	5547	71	2	0	0	73	2	0.0273972602739726
5947	5565	66	0	0	0	66	0	0
5948	5513	57	2	0	0	59	2	0.03389830508474576
5949	5533	48	2	0	0	50	2	0.04
595	5563	39	4	0	0	43	4	0.09302325581395349
5950	5478	56	1	0	0	57	1	0.017543859649122806
5951	5538	56	0	0	0	56	0	0
5952	5537	50	0	0	0	50	0	0
5953	5516	62	5	0	0	67	5	0.07462686567164178
5954	5508	56	2	0	0	58	2	0.034482758620689655
5955	5560	56	1	0	0	57	1	0.017543859649122806
5956	5543	59	1	0	0	60	1	0.016666666666666666
5957	5512	55	1	0	0	56	1	0.017857142857142856
5958	5512	69	0	0	0	69	0	0
5959	5552	52	3	1	0	56	4	0.07142857142857142
596	5548	53	2	0	0	55	2	0.03636363636363636
5960	5506	54	1	0	0	55	1	0.01818181818181818
5961	5503	61	2	0	0	63	2	0.031746031746031744
5962	5547	53	2	0	0	55	2	0.03636363636363636
5963	5517	44	0	0	0	44	0	0
5964	5543	67	3	0	0	70	3	0.04285714285714286
5965	5526	37	1	0	0	38	1	0.02631578947368421
5966	5548	55	3	0	0	58	3	0.05172413793103448
5967	5552	59	3	0	0	62	3	0.04838709677419355
5968	5538	68	0	0	0	68	0	0
5969	5518	72	2	0	0	74	2	0.02702702702702703
597	5530	51	1	0	0	52	1	0.019230769230769232
5970	5550	59	2	0	0	61	2	0.03278688524590164
5971	5511	46	1	0	0	47	1	0.02127659574468085
5972	5473	56	2	0	0	58	2	0.034482758620689655
5973	5542	46	2	0	0	48	2	0.041666666666666664
5974	5511	68	2	0	0	70	2	0.02857142857142857
5975	5563	55	1	0	0	56	1	0.017857142857142856
5976	5565	52	2	0	0	54	2	0.037037037037037035
5977	5532	60	3	0	0	63	3	0.047619047619047616
5978	5509	59	2	0	0	61	2	0.03278688524590164
5979	5562	63	4	0	0	67	4	0.05970149253731343
598	5499	58	2	0	0	60	2	0.03333333333333333
5980	5566	46	4	0	0	50	4	0.08
5981	5555	63	2	0	0	65	2	0.03076923076923077
5982	5529	55	1	0	0	56	1	0.017857142857142856
5983	5570	44	1	0	0	45	1	0.022222222222222223
5984	5536	43	0	0	0	43	0	0
5985	5555	55	1	0	0	56	1	0.017857142857142856
5986	5563	41	3	0	0	44	3	0.06818181818181818
5987	5521	50	1	0	0	51	1	0.0196078431372549
5988	5542	47	1	0	0	48	1	0.020833333333333332
5989	5568	44	4	0	0	48	4	0.08333333333333333
599	5549	41	2	0	0	43	2	0.046511627906976744
5990	5519	58	2	0	0	60	2	0.03333333333333333
5991	5515	52	2	1	0	55	3	0.05454545454545454
5992	5517	51	2	0	0	53	2	0.03773584905660377
5993	5565	50	1	0	0	51	1	0.0196078431372549
5994	5522	66	0	0	0	66	0	0
5995	5560	65	2	0	0	67	2	0.029850746268656716
5996	5504	49	4	0	0	53	4	0.07547169811320754
5997	5548	43	2	0	0	45	2	0.044444444444444446
5998	5571	47	3	0	0	50	3	0.06
5999	5558	60	4	0	0	64	4	0.0625
6	5532	51	3	0	0	54	3	0.05555555555555555
60	5537	57	2	0	0	59	2	0.03389830508474576
600	5580	47	2	0	0	49	2	0.04081632653061224
6000	5531	61	0	0	0	61	0	0
6001	5579	60	0	0	0	60	0	0
6002	5560	54	1	0	0	55	1	0.01818181818181818
6003	5533	54	0	0	0	54	0	0
6004	5516	59	2	0	0	61	2	0.03278688524590164
6005	5520	47	1	0	0	48	1	0.020833333333333332
6006	5525	62	2	0	0	64	2	0.03125
6007	5523	48	0	0	0	48	0	0
6008	5520	54	2	0	0	56	2	0.03571428571428571
6009	5556	51	0	0	0	51	0	0
601	5495	69	0	0	0	69	0	0
6010	5558	58	2	1	0	61	3	0.04918032786885246
6011	5553	51	2	0	0	53	2	0.03773584905660377
6012	5564	62	2	1	0	65	3	0.046153846153846156
6013	5536	61	0	0	0	61	0	0
6014	5572	57	2	0	0	59	2	0.03389830508474576
6015	5532	55	0	0	0	55	0	0
6016	5543	68	1	0	0	69	1	0.014492753623188406
6017	5557	46	3	0	0	49	3	0.061224489795918366
6018	5550	68	1	0	0	69	1	0.014492753623188406
6019	5523	62	2	0	0	64	2	0.03125
602	5512	50	4	0	0	54	4	0.07407407407407407
6020	5525	58	1	0	0	59	1	0.01694915254237288
6021	5562	51	2	0	0	53	2	0.03773584905660377
6022	5484	61	0	0	0	61	0	0
6023	5480	57	0	0	0	57	0	0
6024	5553	55	0	0	0	55	0	0
6025	5534	50	2	0	0	52	2	0.038461538461538464
6026	5507	56	1	0	0	57	1	0.017543859649122806
6027	5518	55	1	0	0	56	1	0.017857142857142856
6028	5544	46	1	1	0	48	2	0.041666666666666664
6029	5543	62	1	0	0	63	1	0.015873015873015872
603	5573	51	0	0	0	51	0	0
6030	5535	63	4	0	0	67	4	0.05970149253731343
6031	5534	61	0	0	0	61	0	0
6032	5514	57	4	0	0	61	4	0.06557377049180328
6033	5489	59	0	0	0	59	0	0
6034	5500	56	2	0	0	58	2	0.034482758620689655
6035	5523	47	1	0	0	48	1	0.020833333333333332
6036	5515	62	1	0	0	63	1	0.015873015873015872
6037	5527	48	1	0	0	49	1	0.02040816326530612
6038	5556	51	2	0	0	53	2	0.03773584905660377
6039	5546	62	2	0	0	64	2	0.03125
604	5547	63	1	0	0	64	1	0.015625
6040	5539	53	1	0	0	54	1	0.018518518518518517
6041	5555	40	2	0	0	42	2	0.047619047619047616
6042	5515	56	0	0	0	56	0	0
6043	5545	46	2	0	0	48	2	0.041666666666666664
6044	5560	52	4	0	0	56	4	0.07142857142857142
6045	5547	54	2	0	0	56	2	0.03571428571428571
6046	5542	60	0	0	0	60	0	0
6047	5537	56	1	0	0	57	1	0.017543859649122806
6048	5553	58	0	0	0	58	0	0
6049	5543	39	2	0	0	41	2	0.04878048780487805
605	5510	50	0	0	0	50	0	0
6050	5512	64	1	0	0	65	1	0.015384615384615385
6051	5532	66	3	0	0	69	3	0.043478260869565216
6052	5534	55	1	0	0	56	1	0.017857142857142856
6053	5562	52	1	0	0	53	1	0.018867924528301886
6054	5564	48	3	0	0	51	3	0.058823529411764705
6055	5513	61	2	0	0	63	2	0.031746031746031744
6056	5510	58	0	0	0	58	0	0
6057	5572	61	3	0	0	64	3	0.046875
6058	5522	54	0	0	0	54	0	0
6059	5505	46	1	0	0	47	1	0.02127659574468085
606	5550	62	1	0	0	63	1	0.015873015873015872
6060	5514	60	2	0	0	62	2	0.03225806451612903
6061	5511	53	0	0	0	53	0	0
6062	5522	43	4	0	0	47	4	0.0851063829787234
6063	5564	61	0	0	0	61	0	0
6064	5568	64	3	0	0	67	3	0.04477611940298507
6065	5556	54	1	0	0	55	1	0.01818181818181818
6066	5547	60	2	0	0	62	2	0.03225806451612903
6067	5604	61	1	0	0	62	1	0.016129032258064516
6068	5539	62	5	0	0	67	5	0.07462686567164178
6069	5536	51	1	0	0	52	1	0.019230769230769232
607	5541	50	2	0	0	52	2	0.038461538461538464
6070	5521	52	0	0	0	52	0	0
6071	5579	56	2	0	0	58	2	0.034482758620689655
6072	5548	49	3	0	0	52	3	0.057692307692307696
6073	5570	57	4	0	0	61	4	0.06557377049180328
6074	5496	65	2	0	0	67	2	0.029850746268656716
6075	5518	53	2	0	0	55	2	0.03636363636363636
6076	5530	51	3	0	0	54	3	0.05555555555555555
6077	5539	52	4	0	0	56	4	0.07142857142857142
6078	5514	57	2	0	0	59	2	0.03389830508474576
6079	5546	47	1	0	0	48	1	0.020833333333333332
608	5502	59	3	0	0	62	3	0.04838709677419355
6080	5483	58	1	0	0	59	1	0.01694915254237288
6081	5530	60	0	0	0	60	0	0
6082	5545	66	1	0	0	67	1	0.014925373134328358
6083	5538	54	1	0	0	55	1	0.01818181818181818
6084	5534	51	1	0	0	52	1	0.019230769230769232
6085	5535	66	2	0	0	68	2	0.029411764705882353
6086	5522	69	0	0	0	69	0	0
6087	5523	54	2	0	0	56	2	0.03571428571428571
6088	5523	55	2	0	0	57	2	0.03508771929824561
6089	5515	64	2	0	0	66	2	0.030303030303030304
609	5540	42	0	0	0	42	0	0
6090	5552	57	3	0	0	60	3	0.05
6091	5520	61	5	0	0	66	5	0.07575757575757576
6092	5537	55	1	0	0	56	1	0.017857142857142856
6093	5485	51	1	0	0	52	1	0.019230769230769232
6094	5554	42	2	0	0	44	2	0.045454545454545456
6095	5539	59	1	0	0	60	1	0.016666666666666666
6096	5536	47	0	0	0	47	0	0
6097	5507	58	0	0	0	58	0	0
6098	5534	61	1	0	0	62	1	0.016129032258064516
6099	5570	50	2	0	0	52	2	0.038461538461538464
61	5543	55	5	1	0	61	6	0.09836065573770492
610	5505	46	1	0	0	47	1	0.02127659574468085
6100	5552	44	0	0	0	44	0	0
6101	5564	50	0	0	0	50	0	0
6102	5513	53	5	0	0	58	5	0.08620689655172414
6103	5545	59	2	0	0	61	2	0.03278688524590164
6104	5563	54	0	0	0	54	0	0
6105	5535	43	1	0	0	44	1	0.022727272727272728
6106	5501	69	1	1	0	71	2	0.028169014084507043
6107	5549	50	1	0	0	51	1	0.0196078431372549
6108	5498	51	1	0	0	52	1	0.019230769230769232
6109	5572	65	2	0	0	67	2	0.029850746268656716
611	5528	52	4	0	0	56	4	0.07142857142857142
6110	5546	54	4	0	0	58	4	0.06896551724137931
6111	5545	61	0	0	0	61	0	0
6112	5537	51	3	0	0	54	3	0.05555555555555555
6113	5529	45	1	0	0	46	1	0.021739130434782608
6114	5495	50	2	0	0	52	2	0.038461538461538464
6115	5546	63	1	0	0	64	1	0.015625
6116	5539	54	0	0	0	54	0	0
6117	5542	46	3	0	0	49	3	0.061224489795918366
6118	5510	55	2	0	0	57	2	0.03508771929824561
6119	5511	50	0	0	0	50	0	0
612	5521	69	1	0	0	70	1	0.014285714285714285
6120	5524	59	5	0	0	64	5	0.078125
6121	5528	40	3	0	0	43	3	0.06976744186046512
6122	5524	58	1	0	0	59	1	0.01694915254237288
6123	5540	46	2	0	0	48	2	0.041666666666666664
6124	5509	59	3	0	0	62	3	0.04838709677419355
6125	5484	48	0	0	0	48	0	0
6126	5563	61	3	0	0	64	3	0.046875
6127	5534	60	2	0	0	62	2	0.03225806451612903
6128	5549	58	1	0	0	59	1	0.01694915254237288
6129	5534	50	0	0	0	50	0	0
613	5587	56	2	0	0	58	2	0.034482758620689655
6130	5537	45	2	0	0	47	2	0.0425531914893617
6131	5513	53	1	0	0	54	1	0.018518518518518517
6132	5508	61	3	0	0	64	3	0.046875
6133	5534	52	0	0	0	52	0	0
6134	5537	54	1	0	0	55	1	0.01818181818181818
6135	5531	54	0	0	0	54	0	0
6136	5535	48	0	0	0	48	0	0
6137	5507	51	3	0	0	54	3	0.05555555555555555
6138	5570	46	1	0	0	47	1	0.02127659574468085
6139	5515	60	4	0	0	64	4	0.0625
614	5557	64	2	0	0	66	2	0.030303030303030304
6140	5524	59	5	0	0	64	5	0.078125
6141	5538	65	6	0	0	71	6	0.08450704225352113
6142	5549	64	2	0	0	66	2	0.030303030303030304
6143	5532	54	3	0	0	57	3	0.05263157894736842
6144	5525	58	1	0	0	59	1	0.01694915254237288
6145	5527	51	1	0	0	52	1	0.019230769230769232
6146	5521	56	2	0	0	58	2	0.034482758620689655
6147	5545	53	1	0	0	54	1	0.018518518518518517
6148	5571	52	1	0	0	53	1	0.018867924528301886
6149	5516	45	3	0	0	48	3	0.0625
615	5536	53	1	0	0	54	1	0.018518518518518517
6150	5497	62	2	0	0	64	2	0.03125
6151	5532	57	3	0	0	60	3	0.05
6152	5585	57	1	0	0	58	1	0.017241379310344827
6153	5569	53	1	0	0	54	1	0.018518518518518517
6154	5547	45	3	0	0	48	3	0.0625
6155	5537	68	3	0	0	71	3	0.04225352112676056
6156	5524	50	3	0	0	53	3	0.05660377358490566
6157	5557	60	1	0	0	61	1	0.01639344262295082
6158	5520	52	2	0	0	54	2	0.037037037037037035
6159	5507	57	3	0	0	60	3	0.05
616	5551	60	2	0	0	62	2	0.03225806451612903
6160	5572	40	3	0	0	43	3	0.06976744186046512
6161	5532	56	1	0	0	57	1	0.017543859649122806
6162	5508	58	2	0	0	60	2	0.03333333333333333
6163	5524	69	4	0	0	73	4	0.0547945205479452
6164	5545	55	1	0	0	56	1	0.017857142857142856
6165	5528	47	3	0	0	50	3	0.06
6166	5522	56	2	0	0	58	2	0.034482758620689655
6167	5538	54	2	0	0	56	2	0.03571428571428571
6168	5551	67	3	0	0	70	3	0.04285714285714286
6169	5481	69	3	0	0	72	3	0.041666666666666664
617	5562	57	0	0	0	57	0	0
6170	5590	63	0	0	0	63	0	0
6171	5595	48	2	0	0	50	2	0.04
6172	5575	55	2	0	0	57	2	0.03508771929824561
6173	5529	70	2	0	0	72	2	0.027777777777777776
6174	5585	58	0	0	0	58	0	0
6175	5504	60	0	0	0	60	0	0
6176	5571	56	2	0	0	58	2	0.034482758620689655
6177	5531	61	6	0	0	67	6	0.08955223880597014
6178	5578	40	0	0	0	40	0	0
6179	5503	59	1	0	0	60	1	0.016666666666666666
618	5541	47	2	0	0	49	2	0.04081632653061224
6180	5536	46	0	0	0	46	0	0
6181	5544	64	2	0	0	66	2	0.030303030303030304
6182	5531	49	0	0	0	49	0	0
6183	5487	56	1	0	0	57	1	0.017543859649122806
6184	5557	58	1	0	0	59	1	0.01694915254237288
6185	5564	50	3	0	0	53	3	0.05660377358490566
6186	5549	49	2	0	0	51	2	0.0392156862745098
6187	5533	52	6	0	0	58	6	0.10344827586206896
6188	5532	64	2	0	0	66	2	0.030303030303030304
6189	5549	63	0	0	0	63	0	0
619	5514	59	3	0	0	62	3	0.04838709677419355
6190	5485	58	1	0	0	59	1	0.01694915254237288
6191	5568	51	3	0	0	54	3	0.05555555555555555
6192	5534	60	4	0	0	64	4	0.0625
6193	5544	62	2	0	0	64	2	0.03125
6194	5508	53	1	0	0	54	1	0.018518518518518517
6195	5515	51	4	0	0	55	4	0.07272727272727272
6196	5547	53	2	0	0	55	2	0.03636363636363636
6197	5557	58	0	0	0	58	0	0
6198	5559	51	1	0	0	52	1	0.019230769230769232
6199	5543	48	2	0	0	50	2	0.04
62	5501	51	0	0	0	51	0	0
620	5549	64	2	0	0	66	2	0.030303030303030304
6200	5517	59	2	0	0	61	2	0.03278688524590164
6201	5519	49	2	0	0	51	2	0.0392156862745098
6202	5531	44	2	0	0	46	2	0.043478260869565216
6203	5539	58	0	0	0	58	0	0
6204	5529	44	2	0	0	46	2	0.043478260869565216
6205	5547	57	2	0	0	59	2	0.03389830508474576
6206	5530	52	1	0	0	53	1	0.018867924528301886
6207	5534	55	1	0	0	56	1	0.017857142857142856
6208	5550	48	1	0	0	49	1	0.02040816326530612
6209	5553	53	0	0	0	53	0	0
621	5552	57	0	0	0	57	0	0
6210	5515	45	1	0	0	46	1	0.021739130434782608
6211	5570	64	1	0	0	65	1	0.015384615384615385
6212	5528	45	0	0	0	45	0	0
6213	5522	61	1	0	0	62	1	0.016129032258064516
6214	5523	65	1	0	0	66	1	0.015151515151515152
6215	5548	59	0	0	0	59	0	0
6216	5497	54	2	0	0	56	2	0.03571428571428571
6217	5534	58	3	0	0	61	3	0.04918032786885246
6218	5538	51	2	0	0	53	2	0.03773584905660377
6219	5557	62	3	0	0	65	3	0.046153846153846156
622	5543	74	2	0	0	76	2	0.02631578947368421
6220	5528	55	3	0	0	58	3	0.05172413793103448
6221	5542	55	2	0	0	57	2	0.03508771929824561
6222	5532	46	3	0	0	49	3	0.061224489795918366
6223	5512	46	2	0	0	48	2	0.041666666666666664
6224	5497	47	3	0	0	50	3	0.06
6225	5504	58	1	0	0	59	1	0.01694915254237288
6226	5503	61	2	0	0	63	2	0.031746031746031744
6227	5517	59	1	0	0	60	1	0.016666666666666666
6228	5544	62	3	0	0	65	3	0.046153846153846156
6229	5529	71	5	0	0	76	5	0.06578947368421052
623	5533	67	1	0	0	68	1	0.014705882352941176
6230	5529	50	3	0	0	53	3	0.05660377358490566
6231	5525	58	0	0	0	58	0	0
6232	5497	55	2	0	0	57	2	0.03508771929824561
6233	5561	56	4	0	0	60	4	0.06666666666666667
6234	5548	48	1	0	0	49	1	0.02040816326530612
6235	5520	52	1	0	0	53	1	0.018867924528301886
6236	5563	45	0	0	0	45	0	0
6237	5530	61	3	0	0	64	3	0.046875
6238	5514	47	2	0	0	49	2	0.04081632653061224
6239	5544	49	0	0	0	49	0	0
624	5549	54	2	0	0	56	2	0.03571428571428571
6240	5533	51	1	0	0	52	1	0.019230769230769232
6241	5578	56	1	0	0	57	1	0.017543859649122806
6242	5537	52	2	0	0	54	2	0.037037037037037035
6243	5514	56	4	0	0	60	4	0.06666666666666667
6244	5549	52	1	0	0	53	1	0.018867924528301886
6245	5503	59	2	0	0	61	2	0.03278688524590164
6246	5516	45	3	0	0	48	3	0.0625
6247	5509	64	5	0	0	69	5	0.07246376811594203
6248	5517	47	1	0	0	48	1	0.020833333333333332
6249	5485	42	0	0	0	42	0	0
625	5542	53	3	0	0	56	3	0.05357142857142857
6250	5511	42	0	0	0	42	0	0
6251	5519	56	2	0	0	58	2	0.034482758620689655
6252	5534	54	1	0	0	55	1	0.01818181818181818
6253	5548	62	1	0	0	63	1	0.015873015873015872
6254	5572	47	0	0	0	47	0	0
6255	5526	51	1	0	0	52	1	0.019230769230769232
6256	5526	55	0	0	0	55	0	0
6257	5544	48	2	0	0	50	2	0.04
6258	5535	56	1	0	0	57	1	0.017543859649122806
6259	5534	56	1	0	0	57	1	0.017543859649122806
626	5556	57	3	0	0	60	3	0.05
6260	5549	49	3	0	0	52	3	0.057692307692307696
6261	5522	58	0	0	0	58	0	0
6262	5558	53	0	0	0	53	0	0
6263	5528	61	3	1	0	65	4	0.06153846153846154
6264	5529	61	2	0	0	63	2	0.031746031746031744
6265	5534	61	1	0	0	62	1	0.016129032258064516
6266	5566	46	1	0	0	47	1	0.02127659574468085
6267	5561	33	3	0	0	36	3	0.08333333333333333
6268	5526	50	2	0	0	52	2	0.038461538461538464
6269	5529	58	3	0	0	61	3	0.04918032786885246
627	5519	55	1	0	0	56	1	0.017857142857142856
6270	5532	48	2	0	0	50	2	0.04
6271	5532	53	1	0	0	54	1	0.018518518518518517
6272	5556	67	5	0	0	72	5	0.06944444444444445
6273	5521	52	2	0	0	54	2	0.037037037037037035
6274	5544	63	2	0	0	65	2	0.03076923076923077
6275	5499	49	4	0	0	53	4	0.07547169811320754
6276	5528	58	1	0	0	59	1	0.01694915254237288
6277	5527	62	3	0	0	65	3	0.046153846153846156
6278	5526	54	1	0	0	55	1	0.01818181818181818
6279	5526	64	3	0	0	67	3	0.04477611940298507
628	5496	57	2	0	0	59	2	0.03389830508474576
6280	5519	50	1	0	0	51	1	0.0196078431372549
6281	5567	59	4	0	0	63	4	0.06349206349206349
6282	5508	51	2	0	0	53	2	0.03773584905660377
6283	5504	67	0	0	0	67	0	0
6284	5515	59	3	0	0	62	3	0.04838709677419355
6285	5527	50	5	0	0	55	5	0.09090909090909091
6286	5509	57	2	0	0	59	2	0.03389830508474576
6287	5515	55	6	0	0	61	6	0.09836065573770492
6288	5521	52	3	0	0	55	3	0.05454545454545454
6289	5564	54	2	0	0	56	2	0.03571428571428571
629	5541	56	1	0	0	57	1	0.017543859649122806
6290	5564	48	2	0	0	50	2	0.04
6291	5511	52	3	1	0	56	4	0.07142857142857142
6292	5568	47	2	0	0	49	2	0.04081632653061224
6293	5508	51	4	0	0	55	4	0.07272727272727272
6294	5554	58	3	0	0	61	3	0.04918032786885246
6295	5511	56	1	0	0	57	1	0.017543859649122806
6296	5539	53	2	0	0	55	2	0.03636363636363636
6297	5532	50	1	0	0	51	1	0.0196078431372549
6298	5546	56	2	0	0	58	2	0.034482758620689655
6299	5537	53	0	0	0	53	0	0
63	5534	61	0	0	0	61	0	0
630	5526	48	3	0	0	51	3	0.058823529411764705
6300	5561	58	3	0	0	61	3	0.04918032786885246
6301	5496	65	1	0	0	66	1	0.015151515151515152
6302	5522	50	0	0	0	50	0	0
6303	5519	45	0	0	0	45	0	0
6304	5566	57	2	0	0	59	2	0.03389830508474576
6305	5564	63	1	0	0	64	1	0.015625
6306	5522	57	2	0	0	59	2	0.03389830508474576
6307	5490	52	1	0	0	53	1	0.018867924528301886
6308	5495	52	3	0	0	55	3	0.05454545454545454
6309	5583	56	3	0	0	59	3	0.05084745762711865
631	5492	74	1	0	0	75	1	0.013333333333333334
6310	5565	56	3	0	0	59	3	0.05084745762711865
6311	5513	59	1	0	0	60	1	0.016666666666666666
6312	5527	58	1	0	0	59	1	0.01694915254237288
6313	5552	51	2	0	0	53	2	0.03773584905660377
6314	5543	52	2	0	0	54	2	0.037037037037037035
6315	5540	50	3	0	0	53	3	0.05660377358490566
6316	5515	59	2	0	0	61	2	0.03278688524590164
6317	5550	53	4	0	0	57	4	0.07017543859649122
6318	5569	48	2	0	0	50	2	0.04
6319	5558	46	0	0	0	46	0	0
632	5561	54	1	0	0	55	1	0.01818181818181818
6320	5553	48	1	0	0	49	1	0.02040816326530612
6321	5523	69	4	0	0	73	4	0.0547945205479452
6322	5480	51	3	0	0	54	3	0.05555555555555555
6323	5562	55	3	0	0	58	3	0.05172413793103448
6324	5514	40	0	0	0	40	0	0
6325	5554	52	2	0	0	54	2	0.037037037037037035
6326	5502	57	0	0	0	57	0	0
6327	5535	51	2	0	0	53	2	0.03773584905660377
6328	5574	52	0	0	0	52	0	0
6329	5539	47	0	0	0	47	0	0
633	5541	56	0	0	0	56	0	0
6330	5515	51	3	0	0	54	3	0.05555555555555555
6331	5530	55	2	0	0	57	2	0.03508771929824561
6332	5572	53	1	0	0	54	1	0.018518518518518517
6333	5562	63	3	0	0	66	3	0.045454545454545456
6334	5577	45	2	0	0	47	2	0.0425531914893617
6335	5480	51	4	0	0	55	4	0.07272727272727272
6336	5533	49	2	0	0	51	2	0.0392156862745098
6337	5543	42	3	0	0	45	3	0.06666666666666667
6338	5542	58	3	0	0	61	3	0.04918032786885246
6339	5518	60	1	0	0	61	1	0.01639344262295082
634	5535	45	4	0	0	49	4	0.08163265306122448
6340	5521	42	1	0	0	43	1	0.023255813953488372
6341	5527	57	3	0	0	60	3	0.05
6342	5510	56	2	0	0	58	2	0.034482758620689655
6343	5536	58	0	0	0	58	0	0
6344	5519	66	1	0	0	67	1	0.014925373134328358
6345	5517	69	1	1	0	71	2	0.028169014084507043
6346	5566	66	1	1	0	68	2	0.029411764705882353
6347	5536	55	1	0	0	56	1	0.017857142857142856
6348	5553	49	3	0	0	52	3	0.057692307692307696
6349	5506	53	0	0	0	53	0	0
635	5569	51	1	0	0	52	1	0.019230769230769232
6350	5571	64	6	0	0	70	6	0.08571428571428572
6351	5519	56	2	0	0	58	2	0.034482758620689655
6352	5498	52	0	0	0	52	0	0
6353	5509	58	1	0	0	59	1	0.01694915254237288
6354	5558	51	2	1	0	54	3	0.05555555555555555
6355	5497	60	3	0	0	63	3	0.047619047619047616
6356	5536	35	2	0	0	37	2	0.05405405405405406
6357	5558	47	1	0	0	48	1	0.020833333333333332
6358	5528	40	3	0	0	43	3	0.06976744186046512
6359	5527	47	3	0	0	50	3	0.06
636	5575	54	3	0	0	57	3	0.05263157894736842
6360	5514	45	1	0	0	46	1	0.021739130434782608
6361	5533	53	5	0	0	58	5	0.08620689655172414
6362	5531	59	2	0	0	61	2	0.03278688524590164
6363	5495	53	0	0	0	53	0	0
6364	5541	63	2	0	0	65	2	0.03076923076923077
6365	5558	48	0	0	0	48	0	0
6366	5549	58	4	0	0	62	4	0.06451612903225806
6367	5510	57	0	0	0	57	0	0
6368	5513	57	0	0	0	57	0	0
6369	5545	41	2	0	0	43	2	0.046511627906976744
637	5559	61	2	0	0	63	2	0.031746031746031744
6370	5568	47	2	0	0	49	2	0.04081632653061224
6371	5531	53	2	0	0	55	2	0.03636363636363636
6372	5518	55	1	0	0	56	1	0.017857142857142856
6373	5520	41	3	0	0	44	3	0.06818181818181818
6374	5466	60	1	0	0	61	1	0.01639344262295082
6375	5569	54	3	0	0	57	3	0.05263157894736842
6376	5504	51	0	0	0	51	0	0
6377	5572	51	0	0	0	51	0	0
6378	5521	61	3	0	0	64	3	0.046875
6379	5556	46	1	0	0	47	1	0.02127659574468085
638	5561	58	0	0	0	58	0	0
6380	5536	57	0	0	0	57	0	0
6381	5519	62	2	0	0	64	2	0.03125
6382	5514	64	2	0	0	66	2	0.030303030303030304
6383	5573	56	1	0	0	57	1	0.017543859649122806
6384	5558	41	2	0	0	43	2	0.046511627906976744
6385	5544	69	2	0	0	71	2	0.028169014084507043
6386	5537	57	1	0	0	58	1	0.017241379310344827
6387	5541	44	1	0	0	45	1	0.022222222222222223
6388	5511	45	0	1	0	46	1	0.021739130434782608
6389	5565	52	2	0	0	54	2	0.037037037037037035
639	5527	53	4	0	0	57	4	0.07017543859649122
6390	5537	51	3	0	0	54	3	0.05555555555555555
6391	5533	61	3	0	0	64	3	0.046875
6392	5566	56	4	0	0	60	4	0.06666666666666667
6393	5543	45	1	0	0	46	1	0.021739130434782608
6394	5510	60	1	0	0	61	1	0.01639344262295082
6395	5530	58	3	0	0	61	3	0.04918032786885246
6396	5534	54	2	0	0	56	2	0.03571428571428571
6397	5558	70	1	0	0	71	1	0.014084507042253521
6398	5565	60	1	0	0	61	1	0.01639344262295082
6399	5503	51	3	0	0	54	3	0.05555555555555555
64	5473	44	2	0	0	46	2	0.043478260869565216
640	5508	54	3	0	0	57	3	0.05263157894736842
6400	5563	56	0	0	0	56	0	0
6401	5540	43	1	0	0	44	1	0.022727272727272728
6402	5505	60	0	0	0	60	0	0
6403	5496	58	4	0	0	62	4	0.06451612903225806
6404	5521	54	2	1	0	57	3	0.05263157894736842
6405	5597	60	2	0	0	62	2	0.03225806451612903
6406	5544	54	2	0	0	56	2	0.03571428571428571
6407	5540	59	0	0	0	59	0	0
6408	5523	61	2	0	0	63	2	0.031746031746031744
6409	5510	54	1	0	0	55	1	0.01818181818181818
641	5500	53	1	0	0	54	1	0.018518518518518517
6410	5521	51	3	0	0	54	3	0.05555555555555555
6411	5532	57	1	0	0	58	1	0.017241379310344827
6412	5562	42	5	0	0	47	5	0.10638297872340426
6413	5517	49	1	0	0	50	1	0.02
6414	5531	58	1	1	0	60	2	0.03333333333333333
6415	5511	64	1	0	0	65	1	0.015384615384615385
6416	5525	40	2	0	0	42	2	0.047619047619047616
6417	5532	53	0	0	0	53	0	0
6418	5563	59	4	0	0	63	4	0.06349206349206349
6419	5538	53	1	0	0	54	1	0.018518518518518517
642	5549	46	3	0	0	49	3	0.061224489795918366
6420	5527	62	2	0	0	64	2	0.03125
6421	5551	46	0	0	0	46	0	0
6422	5542	44	1	0	0	45	1	0.022222222222222223
6423	5542	55	3	0	0	58	3	0.05172413793103448
6424	5514	55	2	0	0	57	2	0.03508771929824561
6425	5539	46	2	0	0	48	2	0.041666666666666664
6426	5524	48	0	0	0	48	0	0
6427	5527	50	1	0	0	51	1	0.0196078431372549
6428	5511	48	1	0	0	49	1	0.02040816326530612
6429	5556	52	1	0	0	53	1	0.018867924528301886
643	5532	54	2	0	0	56	2	0.03571428571428571
6430	5503	50	3	0	0	53	3	0.05660377358490566
6431	5501	61	2	0	0	63	2	0.031746031746031744
6432	5518	54	3	0	0	57	3	0.05263157894736842
6433	5558	46	3	0	0	49	3	0.061224489795918366
6434	5563	46	3	0	0	49	3	0.061224489795918366
6435	5543	53	2	0	0	55	2	0.03636363636363636
6436	5537	53	2	0	0	55	2	0.03636363636363636
6437	5574	62	3	0	0	65	3	0.046153846153846156
6438	5539	64	1	0	0	65	1	0.015384615384615385
6439	5537	71	2	0	0	73	2	0.0273972602739726
644	5507	49	1	0	0	50	1	0.02
6440	5550	54	1	0	0	55	1	0.01818181818181818
6441	5525	64	3	0	0	67	3	0.04477611940298507
6442	5531	46	3	0	0	49	3	0.061224489795918366
6443	5567	49	2	0	0	51	2	0.0392156862745098
6444	5604	43	1	0	0	44	1	0.022727272727272728
6445	5516	50	1	0	0	51	1	0.0196078431372549
6446	5540	54	1	0	0	55	1	0.01818181818181818
6447	5513	53	2	0	0	55	2	0.03636363636363636
6448	5546	45	2	0	0	47	2	0.0425531914893617
6449	5545	71	1	0	0	72	1	0.013888888888888888
645	5580	53	2	0	0	55	2	0.03636363636363636
6450	5558	59	1	0	0	60	1	0.016666666666666666
6451	5500	51	3	0	0	54	3	0.05555555555555555
6452	5511	50	1	0	0	51	1	0.0196078431372549
6453	5516	43	0	0	0	43	0	0
6454	5540	51	3	0	0	54	3	0.05555555555555555
6455	5524	48	3	0	0	51	3	0.058823529411764705
6456	5526	41	0	0	0	41	0	0
6457	5542	61	1	0	0	62	1	0.016129032258064516
6458	5461	51	3	0	0	54	3	0.05555555555555555
6459	5579	47	2	0	0	49	2	0.04081632653061224
646	5501	60	3	0	0	63	3	0.047619047619047616
6460	5494	43	2	0	0	45	2	0.044444444444444446
6461	5525	65	2	0	0	67	2	0.029850746268656716
6462	5515	52	1	0	0	53	1	0.018867924528301886
6463	5569	51	1	0	0	52	1	0.019230769230769232
6464	5527	54	1	0	0	55	1	0.01818181818181818
6465	5534	49	4	0	0	53	4	0.07547169811320754
6466	5536	48	2	0	0	50	2	0.04
6467	5548	62	2	0	0	64	2	0.03125
6468	5535	58	1	0	0	59	1	0.01694915254237288
6469	5545	56	2	0	0	58	2	0.034482758620689655
647	5527	69	1	0	0	70	1	0.014285714285714285
6470	5545	66	2	0	0	68	2	0.029411764705882353
6471	5540	40	1	0	0	41	1	0.024390243902439025
6472	5517	67	3	0	0	70	3	0.04285714285714286
6473	5504	50	4	0	0	54	4	0.07407407407407407
6474	5549	43	1	0	0	44	1	0.022727272727272728
6475	5521	69	1	0	0	70	1	0.014285714285714285
6476	5512	69	1	0	0	70	1	0.014285714285714285
6477	5542	51	1	0	0	52	1	0.019230769230769232
6478	5538	54	2	0	0	56	2	0.03571428571428571
6479	5546	55	2	0	0	57	2	0.03508771929824561
648	5494	60	1	0	0	61	1	0.01639344262295082
6480	5517	58	3	0	0	61	3	0.04918032786885246
6481	5531	61	2	0	0	63	2	0.031746031746031744
6482	5502	63	1	0	0	64	1	0.015625
6483	5498	60	1	0	0	61	1	0.01639344262295082
6484	5515	67	1	0	0	68	1	0.014705882352941176
6485	5525	51	1	0	0	52	1	0.019230769230769232
6486	5548	59	1	0	0	60	1	0.016666666666666666
6487	5541	64	1	0	0	65	1	0.015384615384615385
6488	5571	58	3	0	0	61	3	0.04918032786885246
6489	5559	70	3	0	0	73	3	0.0410958904109589
649	5539	51	0	0	0	51	0	0
6490	5530	56	4	0	0	60	4	0.06666666666666667
6491	5540	58	1	0	0	59	1	0.01694915254237288
6492	5559	54	4	1	0	59	5	0.0847457627118644
6493	5552	56	2	0	0	58	2	0.034482758620689655
6494	5528	55	2	0	0	57	2	0.03508771929824561
6495	5510	54	2	0	0	56	2	0.03571428571428571
6496	5509	66	2	0	0	68	2	0.029411764705882353
6497	5524	58	0	0	0	58	0	0
6498	5552	56	1	0	0	57	1	0.017543859649122806
6499	5505	50	1	0	0	51	1	0.0196078431372549
65	5523	59	0	0	0	59	0	0
650	5522	38	1	0	0	39	1	0.02564102564102564
6500	5565	49	4	0	0	53	4	0.07547169811320754
6501	5569	60	3	0	0	63	3	0.047619047619047616
6502	5521	61	2	0	0	63	2	0.031746031746031744
6503	5488	56	4	0	0	60	4	0.06666666666666667
6504	5561	57	1	0	0	58	1	0.017241379310344827
6505	5559	46	3	0	0	49	3	0.061224489795918366
6506	5556	49	0	0	0	49	0	0
6507	5579	59	3	0	0	62	3	0.04838709677419355
6508	5563	47	1	0	0	48	1	0.020833333333333332
6509	5561	51	1	0	0	52	1	0.019230769230769232
651	5511	51	1	0	0	52	1	0.019230769230769232
6510	5501	59	7	0	0	66	7	0.10606060606060606
6511	5497	66	1	0	0	67	1	0.014925373134328358
6512	5499	59	3	0	0	62	3	0.04838709677419355
6513	5557	61	3	0	0	64	3	0.046875
6514	5537	62	3	0	0	65	3	0.046153846153846156
6515	5512	45	3	0	0	48	3	0.0625
6516	5520	66	2	0	0	68	2	0.029411764705882353
6517	5524	47	4	0	0	51	4	0.0784313725490196
6518	5518	53	1	0	0	54	1	0.018518518518518517
6519	5558	62	0	0	0	62	0	0
652	5550	59	1	0	0	60	1	0.016666666666666666
6520	5527	73	2	0	0	75	2	0.02666666666666667
6521	5576	41	0	0	0	41	0	0
6522	5538	51	0	0	0	51	0	0
6523	5527	55	1	0	0	56	1	0.017857142857142856
6524	5528	66	2	0	0	68	2	0.029411764705882353
6525	5561	43	2	0	0	45	2	0.044444444444444446
6526	5554	43	1	0	0	44	1	0.022727272727272728
6527	5494	52	4	0	0	56	4	0.07142857142857142
6528	5489	50	4	0	0	54	4	0.07407407407407407
6529	5530	51	3	1	0	55	4	0.07272727272727272
653	5509	45	2	0	0	47	2	0.0425531914893617
6530	5572	48	1	1	0	50	2	0.04
6531	5532	54	2	0	0	56	2	0.03571428571428571
6532	5583	64	0	0	0	64	0	0
6533	5537	60	3	0	0	63	3	0.047619047619047616
6534	5545	56	1	0	0	57	1	0.017543859649122806
6535	5526	52	0	0	0	52	0	0
6536	5459	63	4	0	0	67	4	0.05970149253731343
6537	5520	64	1	0	0	65	1	0.015384615384615385
6538	5547	61	3	0	0	64	3	0.046875
6539	5549	63	2	0	0	65	2	0.03076923076923077
654	5518	52	0	2	0	54	2	0.037037037037037035
6540	5546	46	1	0	0	47	1	0.02127659574468085
6541	5532	67	1	0	0	68	1	0.014705882352941176
6542	5553	66	2	0	0	68	2	0.029411764705882353
6543	5568	49	1	0	0	50	1	0.02
6544	5535	55	0	0	0	55	0	0
6545	5570	40	1	0	0	41	1	0.024390243902439025
6546	5528	46	1	0	0	47	1	0.02127659574468085
6547	5580	59	7	0	0	66	7	0.10606060606060606
6548	5530	47	3	1	0	51	4	0.0784313725490196
6549	5534	60	3	0	0	63	3	0.047619047619047616
655	5526	60	1	0	0	61	1	0.01639344262295082
6550	5564	47	1	0	0	48	1	0.020833333333333332
6551	5552	43	2	0	0	45	2	0.044444444444444446
6552	5565	53	2	0	0	55	2	0.03636363636363636
6553	5567	51	1	0	0	52	1	0.019230769230769232
6554	5545	64	2	0	0	66	2	0.030303030303030304
6555	5566	53	1	0	0	54	1	0.018518518518518517
6556	5535	75	3	0	0	78	3	0.038461538461538464
6557	5557	49	2	0	0	51	2	0.0392156862745098
6558	5537	55	1	0	0	56	1	0.017857142857142856
6559	5520	56	5	0	0	61	5	0.08196721311475409
656	5510	50	3	0	0	53	3	0.05660377358490566
6560	5541	58	1	0	0	59	1	0.01694915254237288
6561	5546	49	1	0	0	50	1	0.02
6562	5486	59	1	0	0	60	1	0.016666666666666666
6563	5543	54	1	0	0	55	1	0.01818181818181818
6564	5513	71	1	0	0	72	1	0.013888888888888888
6565	5522	35	2	0	0	37	2	0.05405405405405406
6566	5516	46	0	0	0	46	0	0
6567	5524	60	2	0	0	62	2	0.03225806451612903
6568	5574	59	7	0	0	66	7	0.10606060606060606
6569	5527	60	1	0	0	61	1	0.01639344262295082
657	5536	54	0	0	0	54	0	0
6570	5516	49	1	0	0	50	1	0.02
6571	5520	55	2	0	0	57	2	0.03508771929824561
6572	5519	56	2	0	0	58	2	0.034482758620689655
6573	5550	57	4	1	0	62	5	0.08064516129032258
6574	5486	37	6	0	0	43	6	0.13953488372093023
6575	5543	47	1	0	0	48	1	0.020833333333333332
6576	5542	66	4	0	0	70	4	0.05714285714285714
6577	5524	46	2	0	0	48	2	0.041666666666666664
6578	5520	56	5	0	0	61	5	0.08196721311475409
6579	5516	47	2	0	0	49	2	0.04081632653061224
658	5526	51	4	0	0	55	4	0.07272727272727272
6580	5555	66	1	0	0	67	1	0.014925373134328358
6581	5513	61	3	0	0	64	3	0.046875
6582	5519	52	0	0	0	52	0	0
6583	5564	53	1	0	0	54	1	0.018518518518518517
6584	5518	54	2	0	0	56	2	0.03571428571428571
6585	5516	53	2	0	0	55	2	0.03636363636363636
6586	5570	53	2	0	0	55	2	0.03636363636363636
6587	5522	50	1	0	0	51	1	0.0196078431372549
6588	5505	50	1	0	0	51	1	0.0196078431372549
6589	5530	40	2	0	0	42	2	0.047619047619047616
659	5545	46	2	0	0	48	2	0.041666666666666664
6590	5554	60	0	0	0	60	0	0
6591	5535	61	4	0	0	65	4	0.06153846153846154
6592	5545	46	2	0	0	48	2	0.041666666666666664
6593	5563	50	0	0	0	50	0	0
6594	5563	55	1	0	0	56	1	0.017857142857142856
6595	5504	49	2	0	0	51	2	0.0392156862745098
6596	5519	63	3	0	0	66	3	0.045454545454545456
6597	5536	62	3	0	0	65	3	0.046153846153846156
6598	5578	56	0	0	0	56	0	0
6599	5502	56	1	0	0	57	1	0.017543859649122806
66	5535	47	3	0	0	50	3	0.06
660	5522	52	0	0	0	52	0	0
6600	5562	48	1	0	0	49	1	0.02040816326530612
6601	5548	49	2	0	0	51	2	0.0392156862745098
6602	5543	49	1	0	0	50	1	0.02
6603	5463	57	2	0	0	59	2	0.03389830508474576
6604	5507	39	0	0	0	39	0	0
6605	5543	59	2	0	0	61	2	0.03278688524590164
6606	5552	51	1	0	0	52	1	0.019230769230769232
6607	5545	55	1	0	0	56	1	0.017857142857142856
6608	5519	51	1	0	0	52	1	0.019230769230769232
6609	5519	61	1	0	0	62	1	0.016129032258064516
661	5536	49	0	2	0	51	2	0.0392156862745098
6610	5568	45	0	0	0	45	0	0
6611	5516	52	0	0	0	52	0	0
6612	5525	55	1	0	0	56	1	0.017857142857142856
6613	5546	45	2	0	0	47	2	0.0425531914893617
6614	5524	55	2	0	0	57	2	0.03508771929824561
6615	5547	53	1	0	0	54	1	0.018518518518518517
6616	5531	59	3	0	0	62	3	0.04838709677419355
6617	5515	74	3	0	0	77	3	0.03896103896103896
6618	5523	54	0	0	0	54	0	0
6619	5497	56	2	0	0	58	2	0.034482758620689655
662	5534	56	3	0	0	59	3	0.05084745762711865
6620	5542	62	2	0	0	64	2	0.03125
6621	5508	49	1	0	0	50	1	0.02
6622	5467	53	2	0	0	55	2	0.03636363636363636
6623	5594	44	2	0	0	46	2	0.043478260869565216
6624	5567	56	2	0	0	58	2	0.034482758620689655
6625	5501	44	4	0	0	48	4	0.08333333333333333
6626	5518	46	1	0	0	47	1	0.02127659574468085
6627	5494	60	2	0	0	62	2	0.03225806451612903
6628	5547	36	0	1	0	37	1	0.02702702702702703
6629	5531	50	4	0	0	54	4	0.07407407407407407
663	5555	57	2	0	0	59	2	0.03389830508474576
6630	5572	47	3	0	0	50	3	0.06
6631	5527	63	2	0	0	65	2	0.03076923076923077
6632	5568	60	1	0	0	61	1	0.01639344262295082
6633	5520	46	0	0	0	46	0	0
6634	5553	44	2	0	0	46	2	0.043478260869565216
6635	5532	52	0	0	0	52	0	0
6636	5525	57	2	0	0	59	2	0.03389830508474576
6637	5535	69	1	0	0	70	1	0.014285714285714285
6638	5497	50	1	0	0	51	1	0.0196078431372549
6639	5529	65	2	0	0	67	2	0.029850746268656716
664	5530	52	1	0	0	53	1	0.018867924528301886
6640	5510	64	6	0	0	70	6	0.08571428571428572
6641	5501	57	5	0	0	62	5	0.08064516129032258
6642	5529	57	0	0	0	57	0	0
6643	5540	56	1	1	0	58	2	0.034482758620689655
6644	5519	47	0	0	0	47	0	0
6645	5490	41	2	0	0	43	2	0.046511627906976744
6646	5531	44	1	0	0	45	1	0.022222222222222223
6647	5527	63	2	0	0	65	2	0.03076923076923077
6648	5506	69	2	0	0	71	2	0.028169014084507043
6649	5536	58	4	0	0	62	4	0.06451612903225806
665	5507	58	1	0	0	59	1	0.01694915254237288
6650	5533	70	1	0	0	71	1	0.014084507042253521
6651	5533	59	3	0	0	62	3	0.04838709677419355
6652	5504	67	3	0	0	70	3	0.04285714285714286
6653	5537	59	2	0	0	61	2	0.03278688524590164
6654	5538	45	3	0	0	48	3	0.0625
6655	5542	57	2	0	0	59	2	0.03389830508474576
6656	5532	60	5	0	0	65	5	0.07692307692307693
6657	5552	71	4	0	0	75	4	0.05333333333333334
6658	5536	49	3	0	0	52	3	0.057692307692307696
6659	5556	63	2	0	0	65	2	0.03076923076923077
666	5509	52	0	0	0	52	0	0
6660	5523	62	3	0	0	65	3	0.046153846153846156
6661	5580	48	1	0	0	49	1	0.02040816326530612
6662	5539	47	0	0	0	47	0	0
6663	5569	41	7	0	0	48	7	0.14583333333333334
6664	5489	62	3	0	0	65	3	0.046153846153846156
6665	5525	57	2	0	0	59	2	0.03389830508474576
6666	5497	57	0	0	0	57	0	0
6667	5494	42	3	0	0	45	3	0.06666666666666667
6668	5514	57	2	0	0	59	2	0.03389830508474576
6669	5526	54	0	0	0	54	0	0
667	5511	38	2	0	0	40	2	0.05
6670	5548	49	3	0	0	52	3	0.057692307692307696
6671	5535	56	2	0	0	58	2	0.034482758620689655
6672	5549	44	1	0	0	45	1	0.022222222222222223
6673	5524	48	2	0	0	50	2	0.04
6674	5546	51	1	0	0	52	1	0.019230769230769232
6675	5519	48	4	0	0	52	4	0.07692307692307693
6676	5500	53	2	0	0	55	2	0.03636363636363636
6677	5518	62	1	0	0	63	1	0.015873015873015872
6678	5520	61	1	0	0	62	1	0.016129032258064516
6679	5542	48	3	0	0	51	3	0.058823529411764705
668	5587	59	4	0	0	63	4	0.06349206349206349
6680	5521	55	2	0	0	57	2	0.03508771929824561
6681	5508	58	3	0	0	61	3	0.04918032786885246
6682	5514	51	1	0	0	52	1	0.019230769230769232
6683	5534	49	0	0	0	49	0	0
6684	5535	64	1	0	0	65	1	0.015384615384615385
6685	5500	59	1	0	0	60	1	0.016666666666666666
6686	5547	57	0	0	0	57	0	0
6687	5564	57	2	0	0	59	2	0.03389830508474576
6688	5562	67	2	0	0	69	2	0.028985507246376812
6689	5498	49	2	0	0	51	2	0.0392156862745098
669	5516	54	1	0	0	55	1	0.01818181818181818
6690	5529	43	3	0	0	46	3	0.06521739130434782
6691	5527	47	2	0	0	49	2	0.04081632653061224
6692	5526	51	1	0	0	52	1	0.019230769230769232
6693	5569	48	3	0	0	51	3	0.058823529411764705
6694	5561	46	2	0	0	48	2	0.041666666666666664
6695	5551	64	2	1	0	67	3	0.04477611940298507
6696	5536	55	0	0	0	55	0	0
6697	5545	45	0	0	0	45	0	0
6698	5519	51	1	0	0	52	1	0.019230769230769232
6699	5506	55	4	0	0	59	4	0.06779661016949153
67	5559	61	2	0	0	63	2	0.031746031746031744
670	5525	49	2	0	0	51	2	0.0392156862745098
6700	5547	46	2	0	0	48	2	0.041666666666666664
6701	5529	56	3	0	0	59	3	0.05084745762711865
6702	5534	51	4	1	0	56	5	0.08928571428571429
6703	5525	53	1	0	0	54	1	0.018518518518518517
6704	5504	56	1	0	0	57	1	0.017543859649122806
6705	5566	52	2	0	0	54	2	0.037037037037037035
6706	5550	61	0	0	0	61	0	0
6707	5520	56	1	0	0	57	1	0.017543859649122806
6708	5583	50	2	0	0	52	2	0.038461538461538464
6709	5526	57	2	0	0	59	2	0.03389830508474576
671	5512	62	1	0	0	63	1	0.015873015873015872
6710	5513	48	3	0	0	51	3	0.058823529411764705
6711	5541	63	0	0	0	63	0	0
6712	5512	71	2	0	0	73	2	0.0273972602739726
6713	5533	57	1	0	0	58	1	0.017241379310344827
6714	5502	46	1	0	0	47	1	0.02127659574468085
6715	5553	51	0	0	0	51	0	0
6716	5548	67	3	0	0	70	3	0.04285714285714286
6717	5563	49	0	0	0	49	0	0
6718	5525	58	3	0	0	61	3	0.04918032786885246
6719	5527	59	1	0	0	60	1	0.016666666666666666
672	5537	54	2	0	0	56	2	0.03571428571428571
6720	5506	52	2	0	0	54	2	0.037037037037037035
6721	5548	61	0	0	0	61	0	0
6722	5495	66	3	0	0	69	3	0.043478260869565216
6723	5523	52	3	0	0	55	3	0.05454545454545454
6724	5534	44	1	0	0	45	1	0.022222222222222223
6725	5551	50	2	0	0	52	2	0.038461538461538464
6726	5533	47	3	0	0	50	3	0.06
6727	5581	57	3	0	0	60	3	0.05
6728	5510	50	3	0	0	53	3	0.05660377358490566
6729	5557	54	3	0	0	57	3	0.05263157894736842
673	5523	53	4	0	0	57	4	0.07017543859649122
6730	5531	56	1	0	0	57	1	0.017543859649122806
6731	5534	45	2	0	0	47	2	0.0425531914893617
6732	5542	47	2	0	0	49	2	0.04081632653061224
6733	5560	34	1	0	0	35	1	0.02857142857142857
6734	5570	45	1	0	0	46	1	0.021739130434782608
6735	5520	65	0	0	0	65	0	0
6736	5521	50	2	0	0	52	2	0.038461538461538464
6737	5507	58	1	0	0	59	1	0.01694915254237288
6738	5536	52	3	0	0	55	3	0.05454545454545454
6739	5532	47	1	0	0	48	1	0.020833333333333332
674	5554	51	0	0	0	51	0	0
6740	5534	55	2	0	0	57	2	0.03508771929824561
6741	5530	55	2	0	0	57	2	0.03508771929824561
6742	5537	62	0	0	0	62	0	0
6743	5521	54	2	0	0	56	2	0.03571428571428571
6744	5529	53	2	0	0	55	2	0.03636363636363636
6745	5482	62	2	0	0	64	2	0.03125
6746	5512	41	2	0	0	43	2	0.046511627906976744
6747	5506	57	2	0	0	59	2	0.03389830508474576
6748	5563	48	1	0	0	49	1	0.02040816326530612
6749	5539	48	2	0	0	50	2	0.04
675	5508	47	2	0	0	49	2	0.04081632653061224
6750	5522	53	3	1	0	57	4	0.07017543859649122
6751	5490	51	2	0	0	53	2	0.03773584905660377
6752	5562	35	4	0	0	39	4	0.10256410256410256
6753	5513	62	0	0	0	62	0	0
6754	5528	57	3	0	0	60	3	0.05
6755	5515	52	0	0	0	52	0	0
6756	5494	64	0	0	0	64	0	0
6757	5540	60	1	0	0	61	1	0.01639344262295082
6758	5526	37	2	0	0	39	2	0.05128205128205128
6759	5517	44	0	0	0	44	0	0
676	5470	59	1	0	0	60	1	0.016666666666666666
6760	5520	58	1	0	0	59	1	0.01694915254237288
6761	5546	46	1	0	0	47	1	0.02127659574468085
6762	5516	46	1	0	0	47	1	0.02127659574468085
6763	5544	46	1	0	0	47	1	0.02127659574468085
6764	5570	36	2	0	0	38	2	0.05263157894736842
6765	5580	66	0	0	0	66	0	0
6766	5531	61	2	0	0	63	2	0.031746031746031744
6767	5515	60	2	1	0	63	3	0.047619047619047616
6768	5541	38	5	1	0	44	6	0.13636363636363635
6769	5528	55	1	0	0	56	1	0.017857142857142856
677	5552	56	3	0	0	59	3	0.05084745762711865
6770	5509	55	4	0	0	59	4	0.06779661016949153
6771	5513	58	3	0	0	61	3	0.04918032786885246
6772	5531	55	2	0	0	57	2	0.03508771929824561
6773	5520	68	3	0	0	71	3	0.04225352112676056
6774	5560	54	2	0	0	56	2	0.03571428571428571
6775	5533	56	1	1	0	58	2	0.034482758620689655
6776	5489	60	1	0	0	61	1	0.01639344262295082
6777	5592	54	1	0	0	55	1	0.01818181818181818
6778	5545	44	1	0	0	45	1	0.022222222222222223
6779	5534	56	0	0	0	56	0	0
678	5536	55	0	0	0	55	0	0
6780	5513	50	0	0	0	50	0	0
6781	5506	59	1	0	0	60	1	0.016666666666666666
6782	5509	62	1	0	0	63	1	0.015873015873015872
6783	5580	49	2	0	0	51	2	0.0392156862745098
6784	5520	60	2	0	0	62	2	0.03225806451612903
6785	5492	53	1	0	0	54	1	0.018518518518518517
6786	5528	43	1	1	0	45	2	0.044444444444444446
6787	5562	59	1	0	0	60	1	0.016666666666666666
6788	5534	63	3	0	0	66	3	0.045454545454545456
6789	5538	54	2	0	0	56	2	0.03571428571428571
679	5562	55	4	0	0	59	4	0.06779661016949153
6790	5541	55	0	0	0	55	0	0
6791	5524	46	1	0	0	47	1	0.02127659574468085
6792	5515	48	1	0	0	49	1	0.02040816326530612
6793	5543	56	1	0	0	57	1	0.017543859649122806
6794	5535	45	0	0	0	45	0	0
6795	5508	62	3	0	0	65	3	0.046153846153846156
6796	5590	66	3	0	0	69	3	0.043478260869565216
6797	5586	52	0	0	0	52	0	0
6798	5538	41	1	0	0	42	1	0.023809523809523808
6799	5565	59	2	0	0	61	2	0.03278688524590164
68	5548	49	2	0	0	51	2	0.0392156862745098
680	5484	58	3	1	0	62	4	0.06451612903225806
6800	5542	60	5	0	0	65	5	0.07692307692307693
6801	5526	59	3	0	0	62	3	0.04838709677419355
6802	5556	56	1	0	0	57	1	0.017543859649122806
6803	5530	55	2	0	0	57	2	0.03508771929824561
6804	5532	46	1	0	0	47	1	0.02127659574468085
6805	5550	50	3	0	0	53	3	0.05660377358490566
6806	5539	62	5	0	0	67	5	0.07462686567164178
6807	5505	43	3	0	0	46	3	0.06521739130434782
6808	5527	51	1	0	0	52	1	0.019230769230769232
6809	5527	49	4	0	0	53	4	0.07547169811320754
681	5527	62	1	0	0	63	1	0.015873015873015872
6810	5562	60	3	0	0	63	3	0.047619047619047616
6811	5536	58	1	0	0	59	1	0.01694915254237288
6812	5497	57	1	0	0	58	1	0.017241379310344827
6813	5559	50	1	0	0	51	1	0.0196078431372549
6814	5523	60	2	0	0	62	2	0.03225806451612903
6815	5525	56	1	0	0	57	1	0.017543859649122806
6816	5526	53	0	0	0	53	0	0
6817	5540	60	0	0	0	60	0	0
6818	5499	45	3	0	0	48	3	0.0625
6819	5534	59	2	0	0	61	2	0.03278688524590164
682	5537	59	1	0	0	60	1	0.016666666666666666
6820	5518	44	2	0	0	46	2	0.043478260869565216
6821	5550	55	3	0	0	58	3	0.05172413793103448
6822	5509	51	1	0	0	52	1	0.019230769230769232
6823	5523	55	2	0	0	57	2	0.03508771929824561
6824	5575	65	3	0	0	68	3	0.04411764705882353
6825	5564	55	2	0	0	57	2	0.03508771929824561
6826	5523	64	0	0	0	64	0	0
6827	5554	56	1	0	0	57	1	0.017543859649122806
6828	5514	46	2	0	0	48	2	0.041666666666666664
6829	5535	47	1	0	0	48	1	0.020833333333333332
683	5530	54	1	0	0	55	1	0.01818181818181818
6830	5568	52	0	1	0	53	1	0.018867924528301886
6831	5517	60	2	0	0	62	2	0.03225806451612903
6832	5572	54	3	0	0	57	3	0.05263157894736842
6833	5523	48	2	0	0	50	2	0.04
6834	5547	56	2	0	0	58	2	0.034482758620689655
6835	5538	63	3	0	0	66	3	0.045454545454545456
6836	5528	62	2	0	0	64	2	0.03125
6837	5582	57	0	0	0	57	0	0
6838	5546	53	1	0	0	54	1	0.018518518518518517
6839	5539	54	4	0	0	58	4	0.06896551724137931
684	5537	60	3	0	0	63	3	0.047619047619047616
6840	5510	64	5	0	0	69	5	0.07246376811594203
6841	5507	55	3	0	0	58	3	0.05172413793103448
6842	5531	57	0	0	0	57	0	0
6843	5536	64	2	0	0	66	2	0.030303030303030304
6844	5523	51	4	0	0	55	4	0.07272727272727272
6845	5556	48	2	0	0	50	2	0.04
6846	5502	52	2	0	0	54	2	0.037037037037037035
6847	5545	57	2	0	0	59	2	0.03389830508474576
6848	5527	64	3	1	0	68	4	0.058823529411764705
6849	5535	67	1	0	0	68	1	0.014705882352941176
685	5566	45	0	0	0	45	0	0
6850	5503	65	2	0	0	67	2	0.029850746268656716
6851	5518	51	4	0	0	55	4	0.07272727272727272
6852	5533	56	3	0	0	59	3	0.05084745762711865
6853	5577	57	1	0	0	58	1	0.017241379310344827
6854	5508	56	0	0	0	56	0	0
6855	5543	58	2	0	0	60	2	0.03333333333333333
6856	5576	54	1	0	0	55	1	0.01818181818181818
6857	5520	55	2	0	0	57	2	0.03508771929824561
6858	5545	58	1	0	0	59	1	0.01694915254237288
6859	5496	57	4	0	0	61	4	0.06557377049180328
686	5542	58	2	0	0	60	2	0.03333333333333333
6860	5532	57	2	0	0	59	2	0.03389830508474576
6861	5547	56	0	0	0	56	0	0
6862	5535	49	4	0	0	53	4	0.07547169811320754
6863	5500	79	1	0	0	80	1	0.0125
6864	5495	63	3	0	0	66	3	0.045454545454545456
6865	5499	59	2	0	0	61	2	0.03278688524590164
6866	5508	70	2	0	0	72	2	0.027777777777777776
6867	5507	44	0	0	0	44	0	0
6868	5522	49	5	0	0	54	5	0.09259259259259259
6869	5530	48	3	0	0	51	3	0.058823529411764705
687	5570	50	1	0	0	51	1	0.0196078431372549
6870	5497	49	0	0	0	49	0	0
6871	5519	62	0	0	0	62	0	0
6872	5523	55	1	0	0	56	1	0.017857142857142856
6873	5540	53	1	0	0	54	1	0.018518518518518517
6874	5520	60	4	0	0	64	4	0.0625
6875	5551	55	0	0	0	55	0	0
6876	5519	56	0	0	0	56	0	0
6877	5538	50	2	0	0	52	2	0.038461538461538464
6878	5515	65	2	0	0	67	2	0.029850746268656716
6879	5538	48	1	0	0	49	1	0.02040816326530612
688	5532	40	1	0	0	41	1	0.024390243902439025
6880	5558	55	2	0	0	57	2	0.03508771929824561
6881	5535	66	0	0	0	66	0	0
6882	5537	58	1	0	0	59	1	0.01694915254237288
6883	5541	51	1	0	0	52	1	0.019230769230769232
6884	5521	43	2	0	0	45	2	0.044444444444444446
6885	5532	53	2	0	0	55	2	0.03636363636363636
6886	5506	60	5	0	0	65	5	0.07692307692307693
6887	5527	47	2	0	0	49	2	0.04081632653061224
6888	5528	53	0	0	0	53	0	0
6889	5541	52	0	0	0	52	0	0
689	5529	56	3	0	0	59	3	0.05084745762711865
6890	5581	64	1	0	0	65	1	0.015384615384615385
6891	5569	61	1	0	0	62	1	0.016129032258064516
6892	5525	57	1	0	0	58	1	0.017241379310344827
6893	5535	55	0	0	0	55	0	0
6894	5523	62	4	0	0	66	4	0.06060606060606061
6895	5522	52	2	0	0	54	2	0.037037037037037035
6896	5556	40	0	0	0	40	0	0
6897	5521	61	0	0	0	61	0	0
6898	5541	47	0	0	0	47	0	0
6899	5552	46	3	0	0	49	3	0.061224489795918366
69	5521	50	6	0	0	56	6	0.10714285714285714
690	5577	47	1	0	0	48	1	0.020833333333333332
6900	5531	56	3	0	0	59	3	0.05084745762711865
6901	5546	47	1	0	0	48	1	0.020833333333333332
6902	5562	52	3	0	0	55	3	0.05454545454545454
6903	5515	50	1	0	0	51	1	0.0196078431372549
6904	5553	54	1	0	0	55	1	0.01818181818181818
6905	5533	64	1	0	0	65	1	0.015384615384615385
6906	5544	53	1	0	0	54	1	0.018518518518518517
6907	5529	48	1	0	0	49	1	0.02040816326530612
6908	5547	56	0	0	0	56	0	0
6909	5554	51	1	0	0	52	1	0.019230769230769232
691	5503	55	0	0	0	55	0	0
6910	5529	47	0	0	0	47	0	0
6911	5549	46	3	0	0	49	3	0.061224489795918366
6912	5514	53	3	0	0	56	3	0.05357142857142857
6913	5544	67	4	0	0	71	4	0.056338028169014086
6914	5516	62	2	0	0	64	2	0.03125
6915	5518	58	0	0	0	58	0	0
6916	5500	57	2	0	0	59	2	0.03389830508474576
6917	5552	54	3	0	0	57	3	0.05263157894736842
6918	5555	48	2	0	0	50	2	0.04
6919	5566	53	2	0	0	55	2	0.03636363636363636
692	5515	77	0	0	0	77	0	0
6920	5536	62	0	0	0	62	0	0
6921	5498	54	3	0	0	57	3	0.05263157894736842
6922	5532	57	0	0	0	57	0	0
6923	5567	36	2	0	0	38	2	0.05263157894736842
6924	5557	66	3	0	0	69	3	0.043478260869565216
6925	5539	64	4	0	0	68	4	0.058823529411764705
6926	5580	55	1	0	0	56	1	0.017857142857142856
6927	5543	47	0	0	0	47	0	0
6928	5457	54	1	0	0	55	1	0.01818181818181818
6929	5548	58	0	0	0	58	0	0
693	5522	51	2	0	0	53	2	0.03773584905660377
6930	5484	58	4	0	0	62	4	0.06451612903225806
6931	5524	51	1	0	0	52	1	0.019230769230769232
6932	5516	58	2	0	0	60	2	0.03333333333333333
6933	5565	52	2	0	0	54	2	0.037037037037037035
6934	5503	54	1	0	0	55	1	0.01818181818181818
6935	5514	66	0	0	0	66	0	0
6936	5545	48	3	0	0	51	3	0.058823529411764705
6937	5533	57	1	0	0	58	1	0.017241379310344827
6938	5561	66	2	0	0	68	2	0.029411764705882353
6939	5521	55	1	0	0	56	1	0.017857142857142856
694	5546	62	2	0	0	64	2	0.03125
6940	5556	44	1	0	0	45	1	0.022222222222222223
6941	5500	51	1	0	0	52	1	0.019230769230769232
6942	5534	66	1	0	0	67	1	0.014925373134328358
6943	5505	61	2	0	0	63	2	0.031746031746031744
6944	5528	52	5	0	0	57	5	0.08771929824561403
6945	5543	52	2	0	0	54	2	0.037037037037037035
6946	5525	61	2	0	0	63	2	0.031746031746031744
6947	5518	51	2	0	0	53	2	0.03773584905660377
6948	5528	48	4	0	0	52	4	0.07692307692307693
6949	5543	42	1	0	0	43	1	0.023255813953488372
695	5538	52	2	0	0	54	2	0.037037037037037035
6950	5502	63	1	0	0	64	1	0.015625
6951	5569	49	2	0	0	51	2	0.0392156862745098
6952	5536	51	2	0	0	53	2	0.03773584905660377
6953	5525	50	0	1	0	51	1	0.0196078431372549
6954	5525	44	3	0	0	47	3	0.06382978723404255
6955	5516	54	4	0	0	58	4	0.06896551724137931
6956	5548	46	1	0	0	47	1	0.02127659574468085
6957	5534	53	0	0	0	53	0	0
6958	5539	53	2	1	0	56	3	0.05357142857142857
6959	5540	59	2	0	0	61	2	0.03278688524590164
696	5561	54	1	0	0	55	1	0.01818181818181818
6960	5523	65	5	0	0	70	5	0.07142857142857142
6961	5552	52	2	0	0	54	2	0.037037037037037035
6962	5567	52	1	0	0	53	1	0.018867924528301886
6963	5560	50	4	0	0	54	4	0.07407407407407407
6964	5548	61	1	0	0	62	1	0.016129032258064516
6965	5551	56	3	0	0	59	3	0.05084745762711865
6966	5531	52	4	0	0	56	4	0.07142857142857142
6967	5526	48	3	1	0	52	4	0.07692307692307693
6968	5524	74	4	0	0	78	4	0.05128205128205128
6969	5513	53	3	0	0	56	3	0.05357142857142857
697	5541	46	1	0	0	47	1	0.02127659574468085
6970	5504	42	0	0	0	42	0	0
6971	5514	58	2	0	0	60	2	0.03333333333333333
6972	5516	64	3	0	0	67	3	0.04477611940298507
6973	5573	45	2	0	0	47	2	0.0425531914893617
6974	5572	49	3	0	0	52	3	0.057692307692307696
6975	5543	44	0	0	0	44	0	0
6976	5508	46	1	0	0	47	1	0.02127659574468085
6977	5515	50	2	0	0	52	2	0.038461538461538464
6978	5512	53	1	0	0	54	1	0.018518518518518517
6979	5511	52	1	0	0	53	1	0.018867924528301886
698	5564	51	2	1	0	54	3	0.05555555555555555
6980	5550	69	2	0	0	71	2	0.028169014084507043
6981	5543	66	3	0	0	69	3	0.043478260869565216
6982	5494	42	1	0	0	43	1	0.023255813953488372
6983	5540	44	2	0	0	46	2	0.043478260869565216
6984	5522	58	1	0	0	59	1	0.01694915254237288
6985	5502	44	3	0	0	47	3	0.06382978723404255
6986	5577	57	2	0	0	59	2	0.03389830508474576
6987	5562	50	2	0	0	52	2	0.038461538461538464
6988	5505	58	2	0	0	60	2	0.03333333333333333
6989	5534	47	4	0	0	51	4	0.0784313725490196
699	5540	60	1	0	0	61	1	0.01639344262295082
6990	5567	57	3	0	0	60	3	0.05
6991	5558	57	1	0	0	58	1	0.017241379310344827
6992	5530	44	2	0	0	46	2	0.043478260869565216
6993	5592	58	3	0	0	61	3	0.04918032786885246
6994	5536	59	1	0	0	60	1	0.016666666666666666
6995	5574	44	1	0	0	45	1	0.022222222222222223
6996	5532	61	1	0	0	62	1	0.016129032258064516
6997	5529	64	3	0	0	67	3	0.04477611940298507
6998	5551	54	3	0	0	57	3	0.05263157894736842
6999	5510	53	1	0	0	54	1	0.018518518518518517
7	5540	62	1	0	0	63	1	0.015873015873015872
70	5518	59	1	0	0	60	1	0.016666666666666666
700	5511	47	2	0	0	49	2	0.04081632653061224
7000	5540	70	0	0	0	70	0	0
7001	5533	56	2	0	0	58	2	0.034482758620689655
7002	5527	51	0	0	0	51	0	0
7003	5513	48	2	0	0	50	2	0.04
7004	5526	40	3	0	0	43	3	0.06976744186046512
7005	5589	69	1	0	0	70	1	0.014285714285714285
7006	5516	54	2	0	0	56	2	0.03571428571428571
7007	5544	61	2	0	0	63	2	0.031746031746031744
7008	5512	49	1	1	0	51	2	0.0392156862745098
7009	5514	50	0	1	0	51	1	0.0196078431372549
701	5569	60	1	0	0	61	1	0.01639344262295082
7010	5552	55	2	0	0	57	2	0.03508771929824561
7011	5549	68	1	0	0	69	1	0.014492753623188406
7012	5543	59	0	0	0	59	0	0
7013	5508	48	2	0	0	50	2	0.04
7014	5538	56	2	0	0	58	2	0.034482758620689655
7015	5545	46	3	0	0	49	3	0.061224489795918366
7016	5536	52	2	0	0	54	2	0.037037037037037035
7017	5517	48	1	0	0	49	1	0.02040816326530612
7018	5539	52	0	0	0	52	0	0
7019	5556	53	1	0	0	54	1	0.018518518518518517
702	5501	48	2	0	0	50	2	0.04
7020	5498	52	3	0	0	55	3	0.05454545454545454
7021	5580	47	3	0	0	50	3	0.06
7022	5550	73	2	0	0	75	2	0.02666666666666667
7023	5579	59	1	0	0	60	1	0.016666666666666666
7024	5543	54	3	0	0	57	3	0.05263157894736842
7025	5518	50	2	0	0	52	2	0.038461538461538464
7026	5534	45	2	0	0	47	2	0.0425531914893617
7027	5555	58	2	0	0	60	2	0.03333333333333333
7028	5529	58	0	0	0	58	0	0
7029	5503	60	4	0	0	64	4	0.0625
703	5515	41	0	0	0	41	0	0
7030	5586	53	1	0	0	54	1	0.018518518518518517
7031	5531	47	0	0	0	47	0	0
7032	5514	54	2	0	0	56	2	0.03571428571428571
7033	5562	49	1	0	0	50	1	0.02
7034	5548	56	1	0	0	57	1	0.017543859649122806
7035	5529	64	1	0	0	65	1	0.015384615384615385
7036	5545	78	2	0	0	80	2	0.025
7037	5518	56	3	0	0	59	3	0.05084745762711865
7038	5542	48	1	0	0	49	1	0.02040816326530612
7039	5504	56	2	0	0	58	2	0.034482758620689655
704	5560	47	0	0	0	47	0	0
7040	5532	57	1	0	0	58	1	0.017241379310344827
7041	5534	52	0	0	0	52	0	0
7042	5563	66	1	0	0	67	1	0.014925373134328358
7043	5524	37	4	0	0	41	4	0.0975609756097561
7044	5536	40	1	0	0	41	1	0.024390243902439025
7045	5570	65	0	0	0	65	0	0
7046	5515	66	1	0	0	67	1	0.014925373134328358
7047	5544	48	2	0	0	50	2	0.04
7048	5524	45	0	0	0	45	0	0
7049	5483	68	3	0	0	71	3	0.04225352112676056
705	5535	47	1	0	0	48	1	0.020833333333333332
7050	5519	43	3	0	0	46	3	0.06521739130434782
7051	5548	56	4	0	0	60	4	0.06666666666666667
7052	5539	58	0	0	0	58	0	0
7053	5575	60	3	0	0	63	3	0.047619047619047616
7054	5581	52	1	0	0	53	1	0.018867924528301886
7055	5576	46	2	0	0	48	2	0.041666666666666664
7056	5504	56	1	0	0	57	1	0.017543859649122806
7057	5529	62	1	0	0	63	1	0.015873015873015872
7058	5569	47	2	0	0	49	2	0.04081632653061224
7059	5548	53	6	0	0	59	6	0.1016949152542373
706	5524	59	2	0	0	61	2	0.03278688524590164
7060	5505	51	3	1	0	55	4	0.07272727272727272
7061	5519	56	2	0	0	58	2	0.034482758620689655
7062	5500	52	1	0	0	53	1	0.018867924528301886
7063	5530	61	3	0	0	64	3	0.046875
7064	5541	53	3	0	0	56	3	0.05357142857142857
7065	5521	48	3	0	0	51	3	0.058823529411764705
7066	5539	55	1	0	0	56	1	0.017857142857142856
7067	5538	60	2	0	0	62	2	0.03225806451612903
7068	5518	66	3	0	0	69	3	0.043478260869565216
7069	5527	56	3	0	0	59	3	0.05084745762711865
707	5545	48	1	0	0	49	1	0.02040816326530612
7070	5533	59	2	0	0	61	2	0.03278688524590164
7071	5555	50	1	0	0	51	1	0.0196078431372549
7072	5520	51	1	0	0	52	1	0.019230769230769232
7073	5513	33	4	0	0	37	4	0.10810810810810811
7074	5522	54	2	0	0	56	2	0.03571428571428571
7075	5501	57	3	0	0	60	3	0.05
7076	5563	48	0	0	0	48	0	0
7077	5564	50	4	0	0	54	4	0.07407407407407407
7078	5510	52	2	0	0	54	2	0.037037037037037035
7079	5539	46	2	0	0	48	2	0.041666666666666664
708	5560	50	8	0	0	58	8	0.13793103448275862
7080	5558	59	2	0	0	61	2	0.03278688524590164
7081	5574	53	2	0	0	55	2	0.03636363636363636
7082	5519	43	1	0	0	44	1	0.022727272727272728
7083	5551	45	1	0	0	46	1	0.021739130434782608
7084	5511	55	0	0	0	55	0	0
7085	5550	51	0	0	0	51	0	0
7086	5505	59	5	0	0	64	5	0.078125
7087	5513	62	3	0	0	65	3	0.046153846153846156
7088	5524	55	0	0	0	55	0	0
7089	5512	50	2	0	0	52	2	0.038461538461538464
709	5532	36	2	0	0	38	2	0.05263157894736842
7090	5500	48	0	0	0	48	0	0
7091	5534	55	0	0	0	55	0	0
7092	5559	55	2	0	0	57	2	0.03508771929824561
7093	5548	48	2	0	0	50	2	0.04
7094	5558	54	0	0	0	54	0	0
7095	5514	48	1	0	0	49	1	0.02040816326530612
7096	5502	56	3	0	0	59	3	0.05084745762711865
7097	5512	51	3	0	0	54	3	0.05555555555555555
7098	5519	50	3	0	0	53	3	0.05660377358490566
7099	5536	57	6	0	0	63	6	0.09523809523809523
71	5491	58	2	0	0	60	2	0.03333333333333333
710	5517	60	0	0	0	60	0	0
7100	5497	47	3	0	0	50	3	0.06
7101	5489	60	0	1	0	61	1	0.01639344262295082
7102	5534	55	2	0	0	57	2	0.03508771929824561
7103	5551	57	3	0	0	60	3	0.05
7104	5532	68	0	0	0	68	0	0
7105	5522	58	2	0	0	60	2	0.03333333333333333
7106	5538	53	4	0	0	57	4	0.07017543859649122
7107	5544	44	2	0	0	46	2	0.043478260869565216
7108	5530	45	0	0	0	45	0	0
7109	5504	57	0	0	0	57	0	0
711	5508	58	3	0	0	61	3	0.04918032786885246
7110	5529	65	2	0	0	67	2	0.029850746268656716
7111	5521	42	1	0	0	43	1	0.023255813953488372
7112	5572	69	1	0	0	70	1	0.014285714285714285
7113	5562	61	1	0	0	62	1	0.016129032258064516
7114	5573	48	0	0	0	48	0	0
7115	5544	46	2	0	0	48	2	0.041666666666666664
7116	5530	62	3	0	0	65	3	0.046153846153846156
7117	5553	49	1	0	0	50	1	0.02
7118	5508	36	1	0	0	37	1	0.02702702702702703
7119	5501	43	0	0	0	43	0	0
712	5539	50	5	1	0	56	6	0.10714285714285714
7120	5524	50	1	0	0	51	1	0.0196078431372549
7121	5554	54	0	0	0	54	0	0
7122	5543	48	1	0	0	49	1	0.02040816326530612
7123	5516	47	3	0	0	50	3	0.06
7124	5575	54	2	0	0	56	2	0.03571428571428571
7125	5520	49	0	0	0	49	0	0
7126	5531	45	5	0	0	50	5	0.1
7127	5517	69	3	0	0	72	3	0.041666666666666664
7128	5565	45	1	0	0	46	1	0.021739130434782608
7129	5522	58	3	0	0	61	3	0.04918032786885246
713	5572	52	1	0	0	53	1	0.018867924528301886
7130	5554	63	0	0	0	63	0	0
7131	5579	50	2	0	0	52	2	0.038461538461538464
7132	5563	51	1	0	0	52	1	0.019230769230769232
7133	5582	42	0	0	0	42	0	0
7134	5569	56	1	0	0	57	1	0.017543859649122806
7135	5527	52	0	0	0	52	0	0
7136	5528	57	4	0	0	61	4	0.06557377049180328
7137	5536	56	1	0	0	57	1	0.017543859649122806
7138	5546	53	2	0	0	55	2	0.03636363636363636
7139	5505	53	0	0	0	53	0	0
714	5530	48	2	0	0	50	2	0.04
7140	5527	52	2	0	0	54	2	0.037037037037037035
7141	5508	53	1	0	0	54	1	0.018518518518518517
7142	5514	52	5	0	0	57	5	0.08771929824561403
7143	5549	66	1	0	0	67	1	0.014925373134328358
7144	5534	54	2	0	0	56	2	0.03571428571428571
7145	5497	60	2	0	0	62	2	0.03225806451612903
7146	5534	46	1	0	0	47	1	0.02127659574468085
7147	5523	51	1	0	0	52	1	0.019230769230769232
7148	5544	49	1	0	0	50	1	0.02
7149	5516	47	1	0	0	48	1	0.020833333333333332
715	5549	56	2	0	0	58	2	0.034482758620689655
7150	5494	50	3	0	0	53	3	0.05660377358490566
7151	5537	58	2	0	0	60	2	0.03333333333333333
7152	5552	59	2	0	0	61	2	0.03278688524590164
7153	5503	55	1	0	0	56	1	0.017857142857142856
7154	5538	55	1	0	0	56	1	0.017857142857142856
7155	5509	61	0	0	0	61	0	0
7156	5529	56	2	0	0	58	2	0.034482758620689655
7157	5560	48	3	0	0	51	3	0.058823529411764705
7158	5521	61	3	0	0	64	3	0.046875
7159	5533	55	1	0	0	56	1	0.017857142857142856
716	5538	60	1	0	0	61	1	0.01639344262295082
7160	5525	55	1	0	0	56	1	0.017857142857142856
7161	5518	51	1	0	0	52	1	0.019230769230769232
7162	5544	40	1	0	0	41	1	0.024390243902439025
7163	5519	50	4	0	0	54	4	0.07407407407407407
7164	5577	42	3	0	0	45	3	0.06666666666666667
7165	5553	52	1	0	0	53	1	0.018867924528301886
7166	5570	45	0	1	0	46	1	0.021739130434782608
7167	5571	51	3	0	0	54	3	0.05555555555555555
7168	5501	53	0	0	0	53	0	0
7169	5532	64	1	0	0	65	1	0.015384615384615385
717	5556	49	3	0	0	52	3	0.057692307692307696
7170	5496	49	2	0	0	51	2	0.0392156862745098
7171	5519	64	3	0	0	67	3	0.04477611940298507
7172	5561	60	1	0	0	61	1	0.01639344262295082
7173	5548	49	0	0	0	49	0	0
7174	5540	47	3	0	0	50	3	0.06
7175	5542	54	2	0	0	56	2	0.03571428571428571
7176	5564	65	1	0	0	66	1	0.015151515151515152
7177	5517	64	0	0	0	64	0	0
7178	5548	52	3	0	0	55	3	0.05454545454545454
7179	5561	71	0	0	0	71	0	0
718	5535	59	2	0	0	61	2	0.03278688524590164
7180	5524	50	3	0	0	53	3	0.05660377358490566
7181	5542	64	2	0	0	66	2	0.030303030303030304
7182	5519	55	1	0	0	56	1	0.017857142857142856
7183	5529	53	0	0	0	53	0	0
7184	5527	48	5	0	0	53	5	0.09433962264150944
7185	5558	51	0	0	0	51	0	0
7186	5541	54	2	0	0	56	2	0.03571428571428571
7187	5517	49	1	0	0	50	1	0.02
7188	5564	56	2	0	0	58	2	0.034482758620689655
7189	5550	51	1	0	0	52	1	0.019230769230769232
719	5522	73	3	0	0	76	3	0.039473684210526314
7190	5552	53	0	0	0	53	0	0
7191	5544	46	1	0	0	47	1	0.02127659574468085
7192	5544	73	1	0	0	74	1	0.013513513513513514
7193	5521	57	1	0	0	58	1	0.017241379310344827
7194	5574	40	2	0	0	42	2	0.047619047619047616
7195	5518	55	2	0	0	57	2	0.03508771929824561
7196	5519	44	2	0	0	46	2	0.043478260869565216
7197	5522	55	4	0	0	59	4	0.06779661016949153
7198	5550	56	1	0	0	57	1	0.017543859649122806
7199	5513	59	1	0	0	60	1	0.016666666666666666
72	5539	50	0	0	0	50	0	0
720	5552	52	5	1	0	58	6	0.10344827586206896
7200	5518	58	0	0	0	58	0	0
7201	5515	43	1	0	0	44	1	0.022727272727272728
7202	5560	41	3	0	0	44	3	0.06818181818181818
7203	5537	48	4	0	0	52	4	0.07692307692307693
7204	5523	63	2	0	0	65	2	0.03076923076923077
7205	5520	45	2	0	0	47	2	0.0425531914893617
7206	5507	39	2	0	0	41	2	0.04878048780487805
7207	5498	49	2	0	0	51	2	0.0392156862745098
7208	5526	58	3	0	0	61	3	0.04918032786885246
7209	5469	53	0	0	0	53	0	0
721	5514	40	4	0	0	44	4	0.09090909090909091
7210	5524	65	1	0	0	66	1	0.015151515151515152
7211	5537	53	2	0	0	55	2	0.03636363636363636
7212	5555	53	2	1	0	56	3	0.05357142857142857
7213	5521	39	3	0	0	42	3	0.07142857142857142
7214	5523	58	2	0	0	60	2	0.03333333333333333
7215	5568	64	0	0	0	64	0	0
7216	5568	61	2	0	0	63	2	0.031746031746031744
7217	5523	50	2	0	0	52	2	0.038461538461538464
7218	5547	49	2	0	0	51	2	0.0392156862745098
7219	5550	41	1	0	0	42	1	0.023809523809523808
722	5528	62	1	0	0	63	1	0.015873015873015872
7220	5529	54	0	0	0	54	0	0
7221	5517	56	2	1	0	59	3	0.05084745762711865
7222	5548	58	1	0	0	59	1	0.01694915254237288
7223	5526	51	2	0	0	53	2	0.03773584905660377
7224	5544	61	1	0	0	62	1	0.016129032258064516
7225	5553	54	4	0	0	58	4	0.06896551724137931
7226	5535	54	1	0	0	55	1	0.01818181818181818
7227	5501	54	4	0	0	58	4	0.06896551724137931
7228	5546	49	0	0	0	49	0	0
7229	5503	50	1	0	0	51	1	0.0196078431372549
723	5545	45	1	0	0	46	1	0.021739130434782608
7230	5503	57	0	0	0	57	0	0
7231	5532	60	0	0	0	60	0	0
7232	5534	65	3	0	0	68	3	0.04411764705882353
7233	5543	57	3	0	0	60	3	0.05
7234	5478	56	4	0	0	60	4	0.06666666666666667
7235	5571	52	7	0	0	59	7	0.11864406779661017
7236	5544	54	0	0	0	54	0	0
7237	5542	60	3	0	0	63	3	0.047619047619047616
7238	5538	49	2	0	0	51	2	0.0392156862745098
7239	5543	48	2	0	0	50	2	0.04
724	5554	34	0	0	0	34	0	0
7240	5505	63	3	0	0	66	3	0.045454545454545456
7241	5573	61	1	0	0	62	1	0.016129032258064516
7242	5542	55	1	0	0	56	1	0.017857142857142856
7243	5512	43	1	0	0	44	1	0.022727272727272728
7244	5525	46	4	0	0	50	4	0.08
7245	5546	56	1	0	0	57	1	0.017543859649122806
7246	5512	51	3	0	0	54	3	0.05555555555555555
7247	5506	61	2	0	0	63	2	0.031746031746031744
7248	5558	46	3	0	0	49	3	0.061224489795918366
7249	5564	53	3	0	0	56	3	0.05357142857142857
725	5533	54	0	0	0	54	0	0
7250	5513	56	4	0	0	60	4	0.06666666666666667
7251	5502	46	3	0	0	49	3	0.061224489795918366
7252	5541	70	2	0	0	72	2	0.027777777777777776
7253	5516	53	2	0	0	55	2	0.03636363636363636
7254	5555	59	2	0	0	61	2	0.03278688524590164
7255	5520	56	2	0	0	58	2	0.034482758620689655
7256	5498	53	2	0	0	55	2	0.03636363636363636
7257	5554	57	0	0	0	57	0	0
7258	5520	45	0	0	0	45	0	0
7259	5532	61	3	0	0	64	3	0.046875
726	5570	54	5	0	0	59	5	0.0847457627118644
7260	5454	68	2	0	0	70	2	0.02857142857142857
7261	5550	45	3	0	0	48	3	0.0625
7262	5487	61	1	0	0	62	1	0.016129032258064516
7263	5551	62	3	0	0	65	3	0.046153846153846156
7264	5565	63	0	0	0	63	0	0
7265	5556	47	1	0	0	48	1	0.020833333333333332
7266	5520	57	2	0	0	59	2	0.03389830508474576
7267	5535	56	1	0	0	57	1	0.017543859649122806
7268	5541	65	2	0	0	67	2	0.029850746268656716
7269	5508	53	1	0	0	54	1	0.018518518518518517
727	5541	41	1	0	0	42	1	0.023809523809523808
7270	5553	48	3	0	0	51	3	0.058823529411764705
7271	5529	54	2	0	0	56	2	0.03571428571428571
7272	5549	40	2	0	0	42	2	0.047619047619047616
7273	5533	53	2	0	0	55	2	0.03636363636363636
7274	5523	58	1	0	0	59	1	0.01694915254237288
7275	5568	56	2	0	0	58	2	0.034482758620689655
7276	5487	53	1	0	0	54	1	0.018518518518518517
7277	5558	59	0	0	0	59	0	0
7278	5527	56	2	0	0	58	2	0.034482758620689655
7279	5556	61	1	0	0	62	1	0.016129032258064516
728	5509	56	1	0	0	57	1	0.017543859649122806
7280	5530	40	4	1	0	45	5	0.1111111111111111
7281	5543	46	1	0	0	47	1	0.02127659574468085
7282	5543	44	2	0	0	46	2	0.043478260869565216
7283	5472	49	3	1	0	53	4	0.07547169811320754
7284	5517	53	0	0	0	53	0	0
7285	5536	52	2	0	0	54	2	0.037037037037037035
7286	5558	47	4	0	0	51	4	0.0784313725490196
7287	5523	62	1	0	0	63	1	0.015873015873015872
7288	5539	57	3	0	0	60	3	0.05
7289	5561	52	2	0	0	54	2	0.037037037037037035
729	5543	64	1	0	0	65	1	0.015384615384615385
7290	5532	56	2	0	0	58	2	0.034482758620689655
7291	5558	58	2	0	0	60	2	0.03333333333333333
7292	5507	52	1	0	0	53	1	0.018867924528301886
7293	5507	62	1	0	0	63	1	0.015873015873015872
7294	5549	61	2	0	0	63	2	0.031746031746031744
7295	5512	54	5	0	0	59	5	0.0847457627118644
7296	5553	51	2	0	0	53	2	0.03773584905660377
7297	5560	60	1	0	0	61	1	0.01639344262295082
7298	5526	43	3	0	0	46	3	0.06521739130434782
7299	5534	52	5	0	0	57	5	0.08771929824561403
73	5529	52	2	0	0	54	2	0.037037037037037035
730	5536	53	2	0	0	55	2	0.03636363636363636
7300	5507	51	0	0	0	51	0	0
7301	5523	64	0	0	0	64	0	0
7302	5544	53	1	0	0	54	1	0.018518518518518517
7303	5506	51	2	0	0	53	2	0.03773584905660377
7304	5563	58	1	0	0	59	1	0.01694915254237288
7305	5523	47	1	0	0	48	1	0.020833333333333332
7306	5538	64	2	0	0	66	2	0.030303030303030304
7307	5540	62	0	0	0	62	0	0
7308	5493	54	0	0	0	54	0	0
7309	5526	52	2	0	0	54	2	0.037037037037037035
731	5565	63	1	0	0	64	1	0.015625
7310	5566	54	1	0	0	55	1	0.01818181818181818
7311	5526	45	4	0	0	49	4	0.08163265306122448
7312	5516	51	0	0	0	51	0	0
7313	5548	57	1	0	0	58	1	0.017241379310344827
7314	5515	49	1	0	0	50	1	0.02
7315	5511	41	1	0	0	42	1	0.023809523809523808
7316	5559	60	1	0	0	61	1	0.01639344262295082
7317	5533	45	2	0	0	47	2	0.0425531914893617
7318	5535	44	4	0	0	48	4	0.08333333333333333
7319	5550	46	2	0	0	48	2	0.041666666666666664
732	5565	39	2	0	0	41	2	0.04878048780487805
7320	5548	59	1	0	0	60	1	0.016666666666666666
7321	5529	58	1	0	0	59	1	0.01694915254237288
7322	5566	38	5	0	0	43	5	0.11627906976744186
7323	5530	54	3	0	0	57	3	0.05263157894736842
7324	5504	49	2	0	0	51	2	0.0392156862745098
7325	5516	47	4	0	0	51	4	0.0784313725490196
7326	5536	64	3	0	0	67	3	0.04477611940298507
7327	5500	57	0	0	0	57	0	0
7328	5492	59	0	0	0	59	0	0
7329	5533	51	4	0	0	55	4	0.07272727272727272
733	5549	51	3	0	0	54	3	0.05555555555555555
7330	5522	63	4	0	0	67	4	0.05970149253731343
7331	5505	55	2	0	0	57	2	0.03508771929824561
7332	5486	55	3	0	0	58	3	0.05172413793103448
7333	5497	47	2	0	0	49	2	0.04081632653061224
7334	5526	61	1	0	0	62	1	0.016129032258064516
7335	5511	49	3	0	0	52	3	0.057692307692307696
7336	5496	39	4	0	0	43	4	0.09302325581395349
7337	5557	57	5	0	0	62	5	0.08064516129032258
7338	5557	52	0	0	0	52	0	0
7339	5579	54	1	0	0	55	1	0.01818181818181818
734	5557	52	3	0	0	55	3	0.05454545454545454
7340	5535	50	0	0	0	50	0	0
7341	5562	63	1	0	0	64	1	0.015625
7342	5522	56	1	0	0	57	1	0.017543859649122806
7343	5522	65	1	0	0	66	1	0.015151515151515152
7344	5543	47	5	0	0	52	5	0.09615384615384616
7345	5543	52	1	0	0	53	1	0.018867924528301886
7346	5528	63	0	0	0	63	0	0
7347	5527	57	2	0	0	59	2	0.03389830508474576
7348	5524	40	3	0	0	43	3	0.06976744186046512
7349	5562	47	4	0	0	51	4	0.0784313725490196
735	5532	42	3	0	0	45	3	0.06666666666666667
7350	5531	56	0	0	0	56	0	0
7351	5505	67	2	0	0	69	2	0.028985507246376812
7352	5531	59	3	0	0	62	3	0.04838709677419355
7353	5491	48	0	0	0	48	0	0
7354	5560	48	3	0	0	51	3	0.058823529411764705
7355	5506	58	2	0	0	60	2	0.03333333333333333
7356	5555	47	1	0	0	48	1	0.020833333333333332
7357	5517	65	1	0	0	66	1	0.015151515151515152
7358	5544	41	0	0	0	41	0	0
7359	5527	46	1	0	0	47	1	0.02127659574468085
736	5523	56	2	0	0	58	2	0.034482758620689655
7360	5522	67	3	0	0	70	3	0.04285714285714286
7361	5526	63	6	1	0	70	7	0.1
7362	5503	55	1	0	0	56	1	0.017857142857142856
7363	5538	56	3	0	0	59	3	0.05084745762711865
7364	5504	62	3	0	0	65	3	0.046153846153846156
7365	5545	60	3	0	0	63	3	0.047619047619047616
7366	5542	49	1	0	0	50	1	0.02
7367	5534	51	2	0	0	53	2	0.03773584905660377
7368	5483	52	3	0	0	55	3	0.05454545454545454
7369	5552	52	0	0	0	52	0	0
737	5531	51	5	0	0	56	5	0.08928571428571429
7370	5544	64	0	0	0	64	0	0
7371	5573	57	3	0	0	60	3	0.05
7372	5534	59	1	0	0	60	1	0.016666666666666666
7373	5539	52	2	0	0	54	2	0.037037037037037035
7374	5520	53	1	0	0	54	1	0.018518518518518517
7375	5542	55	2	0	0	57	2	0.03508771929824561
7376	5558	65	3	0	0	68	3	0.04411764705882353
7377	5521	60	0	0	0	60	0	0
7378	5552	60	0	0	0	60	0	0
7379	5553	44	1	0	0	45	1	0.022222222222222223
738	5513	60	1	0	0	61	1	0.01639344262295082
7380	5545	54	3	0	0	57	3	0.05263157894736842
7381	5487	68	0	0	0	68	0	0
7382	5533	48	3	0	0	51	3	0.058823529411764705
7383	5528	54	2	0	0	56	2	0.03571428571428571
7384	5582	66	0	0	0	66	0	0
7385	5524	56	2	0	0	58	2	0.034482758620689655
7386	5540	52	1	0	0	53	1	0.018867924528301886
7387	5567	60	2	0	0	62	2	0.03225806451612903
7388	5526	57	3	0	0	60	3	0.05
7389	5549	65	1	0	0	66	1	0.015151515151515152
739	5509	46	2	0	0	48	2	0.041666666666666664
7390	5511	56	1	0	0	57	1	0.017543859649122806
7391	5577	38	2	0	0	40	2	0.05
7392	5530	53	1	0	0	54	1	0.018518518518518517
7393	5525	44	4	0	0	48	4	0.08333333333333333
7394	5568	56	2	0	0	58	2	0.034482758620689655
7395	5521	65	1	0	0	66	1	0.015151515151515152
7396	5538	45	3	0	0	48	3	0.0625
7397	5529	46	2	0	0	48	2	0.041666666666666664
7398	5524	55	2	0	0	57	2	0.03508771929824561
7399	5520	59	0	0	0	59	0	0
74	5564	49	3	0	0	52	3	0.057692307692307696
740	5558	59	1	0	0	60	1	0.016666666666666666
7400	5540	60	2	0	0	62	2	0.03225806451612903
7401	5546	74	4	0	0	78	4	0.05128205128205128
7402	5496	61	4	0	0	65	4	0.06153846153846154
7403	5534	65	2	0	0	67	2	0.029850746268656716
7404	5517	51	5	0	0	56	5	0.08928571428571429
7405	5541	54	3	0	0	57	3	0.05263157894736842
7406	5559	52	1	0	0	53	1	0.018867924528301886
7407	5497	60	0	0	0	60	0	0
7408	5551	53	1	0	0	54	1	0.018518518518518517
7409	5540	56	3	0	0	59	3	0.05084745762711865
741	5552	45	2	0	0	47	2	0.0425531914893617
7410	5530	65	7	0	0	72	7	0.09722222222222222
7411	5564	58	2	0	0	60	2	0.03333333333333333
7412	5554	56	0	0	0	56	0	0
7413	5596	38	2	0	0	40	2	0.05
7414	5522	40	1	0	0	41	1	0.024390243902439025
7415	5515	59	3	0	0	62	3	0.04838709677419355
7416	5546	68	2	0	0	70	2	0.02857142857142857
7417	5513	52	1	0	0	53	1	0.018867924528301886
7418	5508	41	2	0	0	43	2	0.046511627906976744
7419	5547	46	2	0	0	48	2	0.041666666666666664
742	5519	54	2	0	0	56	2	0.03571428571428571
7420	5546	51	1	0	0	52	1	0.019230769230769232
7421	5545	58	2	0	0	60	2	0.03333333333333333
7422	5541	51	3	0	0	54	3	0.05555555555555555
7423	5551	61	3	0	0	64	3	0.046875
7424	5509	59	1	0	0	60	1	0.016666666666666666
7425	5486	49	1	0	0	50	1	0.02
7426	5544	52	0	0	0	52	0	0
7427	5524	60	1	0	0	61	1	0.01639344262295082
7428	5559	56	2	0	0	58	2	0.034482758620689655
7429	5531	49	1	0	0	50	1	0.02
743	5515	51	3	0	0	54	3	0.05555555555555555
7430	5583	58	2	0	0	60	2	0.03333333333333333
7431	5489	57	1	0	0	58	1	0.017241379310344827
7432	5469	60	2	0	0	62	2	0.03225806451612903
7433	5522	56	0	0	0	56	0	0
7434	5529	50	1	0	0	51	1	0.0196078431372549
7435	5538	50	4	0	0	54	4	0.07407407407407407
7436	5524	52	3	0	0	55	3	0.05454545454545454
7437	5539	53	3	0	0	56	3	0.05357142857142857
7438	5498	59	0	0	0	59	0	0
7439	5555	58	1	0	0	59	1	0.01694915254237288
744	5490	57	1	0	0	58	1	0.017241379310344827
7440	5529	54	0	0	0	54	0	0
7441	5580	62	1	0	0	63	1	0.015873015873015872
7442	5535	48	0	0	0	48	0	0
7443	5507	61	3	0	0	64	3	0.046875
7444	5543	54	4	0	0	58	4	0.06896551724137931
7445	5509	51	3	0	0	54	3	0.05555555555555555
7446	5543	52	2	0	0	54	2	0.037037037037037035
7447	5529	53	2	0	0	55	2	0.03636363636363636
7448	5526	50	1	0	0	51	1	0.0196078431372549
7449	5572	44	2	0	0	46	2	0.043478260869565216
745	5495	58	0	0	0	58	0	0
7450	5524	54	2	0	0	56	2	0.03571428571428571
7451	5543	51	0	0	0	51	0	0
7452	5535	57	4	0	0	61	4	0.06557377049180328
7453	5567	60	1	0	0	61	1	0.01639344262295082
7454	5534	65	4	0	0	69	4	0.057971014492753624
7455	5535	41	0	0	0	41	0	0
7456	5546	53	0	0	0	53	0	0
7457	5546	54	1	0	0	55	1	0.01818181818181818
7458	5546	46	4	0	0	50	4	0.08
7459	5543	69	2	0	0	71	2	0.028169014084507043
746	5536	44	2	0	0	46	2	0.043478260869565216
7460	5547	51	1	0	0	52	1	0.019230769230769232
7461	5563	50	3	0	0	53	3	0.05660377358490566
7462	5534	53	1	0	0	54	1	0.018518518518518517
7463	5571	53	0	0	0	53	0	0
7464	5551	61	0	0	0	61	0	0
7465	5578	38	5	0	0	43	5	0.11627906976744186
7466	5516	62	2	0	0	64	2	0.03125
7467	5531	66	1	0	0	67	1	0.014925373134328358
7468	5569	66	1	0	0	67	1	0.014925373134328358
7469	5537	54	3	0	0	57	3	0.05263157894736842
747	5553	72	2	0	0	74	2	0.02702702702702703
7470	5557	56	2	0	0	58	2	0.034482758620689655
7471	5518	61	0	0	0	61	0	0
7472	5531	48	2	0	0	50	2	0.04
7473	5577	48	3	0	0	51	3	0.058823529411764705
7474	5523	59	1	0	0	60	1	0.016666666666666666
7475	5500	54	1	0	0	55	1	0.01818181818181818
7476	5594	51	2	0	0	53	2	0.03773584905660377
7477	5507	45	1	0	0	46	1	0.021739130434782608
7478	5551	51	1	0	0	52	1	0.019230769230769232
7479	5543	52	1	0	0	53	1	0.018867924528301886
748	5488	53	1	0	0	54	1	0.018518518518518517
7480	5522	59	1	0	0	60	1	0.016666666666666666
7481	5554	49	1	0	0	50	1	0.02
7482	5526	68	0	0	0	68	0	0
7483	5525	55	2	0	0	57	2	0.03508771929824561
7484	5535	45	0	0	0	45	0	0
7485	5570	46	1	0	0	47	1	0.02127659574468085
7486	5528	44	1	0	0	45	1	0.022222222222222223
7487	5541	44	0	0	0	44	0	0
7488	5590	52	0	0	0	52	0	0
7489	5518	63	5	0	0	68	5	0.07352941176470588
749	5562	45	0	0	0	45	0	0
7490	5554	50	2	1	0	53	3	0.05660377358490566
7491	5530	60	2	0	0	62	2	0.03225806451612903
7492	5555	57	1	0	0	58	1	0.017241379310344827
7493	5516	56	1	0	0	57	1	0.017543859649122806
7494	5534	48	2	0	0	50	2	0.04
7495	5559	44	0	0	0	44	0	0
7496	5593	61	2	0	0	63	2	0.031746031746031744
7497	5532	51	0	0	0	51	0	0
7498	5546	55	3	0	0	58	3	0.05172413793103448
7499	5542	73	3	0	0	76	3	0.039473684210526314
75	5532	44	3	0	0	47	3	0.06382978723404255
750	5530	50	1	0	0	51	1	0.0196078431372549
7500	5550	64	0	0	0	64	0	0
7501	5549	58	0	0	0	58	0	0
7502	5534	70	2	0	0	72	2	0.027777777777777776
7503	5517	47	1	0	0	48	1	0.020833333333333332
7504	5558	54	1	0	0	55	1	0.01818181818181818
7505	5554	64	2	0	0	66	2	0.030303030303030304
7506	5527	44	2	0	0	46	2	0.043478260869565216
7507	5548	59	0	0	0	59	0	0
7508	5555	61	2	0	0	63	2	0.031746031746031744
7509	5508	55	1	0	0	56	1	0.017857142857142856
751	5545	55	1	0	0	56	1	0.017857142857142856
7510	5507	47	2	0	0	49	2	0.04081632653061224
7511	5528	50	1	0	0	51	1	0.0196078431372549
7512	5519	48	2	0	0	50	2	0.04
7513	5521	51	1	0	0	52	1	0.019230769230769232
7514	5554	61	2	0	0	63	2	0.031746031746031744
7515	5525	47	3	0	0	50	3	0.06
7516	5469	59	1	0	0	60	1	0.016666666666666666
7517	5545	57	4	0	0	61	4	0.06557377049180328
7518	5530	46	1	0	0	47	1	0.02127659574468085
7519	5500	55	0	0	0	55	0	0
752	5518	52	1	0	0	53	1	0.018867924528301886
7520	5540	48	1	0	0	49	1	0.02040816326530612
7521	5528	48	0	0	0	48	0	0
7522	5549	45	3	0	0	48	3	0.0625
7523	5510	49	3	0	0	52	3	0.057692307692307696
7524	5550	66	4	0	0	70	4	0.05714285714285714
7525	5559	55	2	1	0	58	3	0.05172413793103448
7526	5544	59	1	0	0	60	1	0.016666666666666666
7527	5565	46	3	0	0	49	3	0.061224489795918366
7528	5533	58	4	0	0	62	4	0.06451612903225806
7529	5540	46	2	0	0	48	2	0.041666666666666664
753	5570	52	0	0	0	52	0	0
7530	5510	49	3	0	0	52	3	0.057692307692307696
7531	5506	54	0	0	0	54	0	0
7532	5551	50	2	0	0	52	2	0.038461538461538464
7533	5544	51	1	1	0	53	2	0.03773584905660377
7534	5495	62	1	0	0	63	1	0.015873015873015872
7535	5522	46	1	0	0	47	1	0.02127659574468085
7536	5521	60	2	0	0	62	2	0.03225806451612903
7537	5502	54	0	0	0	54	0	0
7538	5515	63	2	1	0	66	3	0.045454545454545456
7539	5537	47	1	0	0	48	1	0.020833333333333332
754	5518	55	0	0	0	55	0	0
7540	5506	68	2	0	0	70	2	0.02857142857142857
7541	5561	56	3	0	0	59	3	0.05084745762711865
7542	5551	55	1	0	0	56	1	0.017857142857142856
7543	5530	66	3	0	0	69	3	0.043478260869565216
7544	5541	54	1	0	0	55	1	0.01818181818181818
7545	5565	57	3	0	0	60	3	0.05
7546	5554	54	2	0	0	56	2	0.03571428571428571
7547	5523	55	0	0	0	55	0	0
7548	5543	37	3	0	0	40	3	0.075
7549	5493	67	1	0	0	68	1	0.014705882352941176
755	5553	48	2	0	0	50	2	0.04
7550	5542	62	3	0	0	65	3	0.046153846153846156
7551	5548	55	4	0	0	59	4	0.06779661016949153
7552	5536	60	2	0	0	62	2	0.03225806451612903
7553	5481	50	1	0	0	51	1	0.0196078431372549
7554	5550	71	1	0	0	72	1	0.013888888888888888
7555	5538	60	2	0	0	62	2	0.03225806451612903
7556	5520	50	2	0	0	52	2	0.038461538461538464
7557	5497	47	0	0	0	47	0	0
7558	5539	61	3	0	0	64	3	0.046875
7559	5558	39	4	0	0	43	4	0.09302325581395349
756	5539	48	8	0	0	56	8	0.14285714285714285
7560	5548	53	0	0	0	53	0	0
7561	5519	59	4	0	0	63	4	0.06349206349206349
7562	5485	47	1	0	0	48	1	0.020833333333333332
7563	5566	37	1	0	0	38	1	0.02631578947368421
7564	5503	46	0	0	0	46	0	0
7565	5538	53	3	0	0	56	3	0.05357142857142857
7566	5574	51	0	1	0	52	1	0.019230769230769232
7567	5509	59	0	0	0	59	0	0
7568	5527	58	2	0	0	60	2	0.03333333333333333
7569	5539	42	2	0	0	44	2	0.045454545454545456
757	5558	37	2	0	0	39	2	0.05128205128205128
7570	5511	47	3	0	0	50	3	0.06
7571	5521	42	2	0	0	44	2	0.045454545454545456
7572	5513	41	2	0	0	43	2	0.046511627906976744
7573	5537	67	1	0	0	68	1	0.014705882352941176
7574	5543	49	2	0	0	51	2	0.0392156862745098
7575	5527	59	3	0	0	62	3	0.04838709677419355
7576	5559	51	2	0	0	53	2	0.03773584905660377
7577	5505	51	4	0	0	55	4	0.07272727272727272
7578	5557	64	2	0	0	66	2	0.030303030303030304
7579	5472	71	2	0	0	73	2	0.0273972602739726
758	5573	49	2	0	0	51	2	0.0392156862745098
7580	5517	55	1	0	0	56	1	0.017857142857142856
7581	5505	47	1	0	0	48	1	0.020833333333333332
7582	5510	32	2	0	0	34	2	0.058823529411764705
7583	5551	51	1	0	0	52	1	0.019230769230769232
7584	5548	54	2	0	0	56	2	0.03571428571428571
7585	5517	55	0	0	0	55	0	0
7586	5490	65	1	0	0	66	1	0.015151515151515152
7587	5537	55	0	0	0	55	0	0
7588	5529	59	2	0	0	61	2	0.03278688524590164
7589	5515	55	1	0	0	56	1	0.017857142857142856
759	5535	49	2	0	0	51	2	0.0392156862745098
7590	5530	53	2	0	0	55	2	0.03636363636363636
7591	5528	70	2	0	0	72	2	0.027777777777777776
7592	5541	48	1	0	0	49	1	0.02040816326530612
7593	5541	45	2	0	0	47	2	0.0425531914893617
7594	5552	45	4	0	0	49	4	0.08163265306122448
7595	5567	50	5	0	0	55	5	0.09090909090909091
7596	5562	48	2	0	0	50	2	0.04
7597	5544	54	1	0	0	55	1	0.01818181818181818
7598	5513	50	2	0	0	52	2	0.038461538461538464
7599	5477	58	2	0	0	60	2	0.03333333333333333
76	5553	74	2	0	0	76	2	0.02631578947368421
760	5567	50	2	0	0	52	2	0.038461538461538464
7600	5533	48	0	0	0	48	0	0
7601	5510	58	2	1	0	61	3	0.04918032786885246
7602	5507	50	3	0	0	53	3	0.05660377358490566
7603	5530	58	2	0	0	60	2	0.03333333333333333
7604	5513	42	0	0	0	42	0	0
7605	5533	49	1	0	0	50	1	0.02
7606	5560	61	1	0	0	62	1	0.016129032258064516
7607	5532	55	3	0	0	58	3	0.05172413793103448
7608	5548	60	2	0	0	62	2	0.03225806451612903
7609	5556	46	0	0	0	46	0	0
761	5571	65	1	1	0	67	2	0.029850746268656716
7610	5558	41	0	0	0	41	0	0
7611	5493	52	4	0	0	56	4	0.07142857142857142
7612	5520	48	1	0	0	49	1	0.02040816326530612
7613	5510	48	1	0	0	49	1	0.02040816326530612
7614	5517	56	0	0	0	56	0	0
7615	5531	48	2	0	0	50	2	0.04
7616	5545	59	2	0	0	61	2	0.03278688524590164
7617	5507	49	2	0	0	51	2	0.0392156862745098
7618	5511	59	0	0	0	59	0	0
7619	5548	63	1	0	0	64	1	0.015625
762	5540	59	2	0	0	61	2	0.03278688524590164
7620	5513	53	1	0	0	54	1	0.018518518518518517
7621	5533	54	2	0	0	56	2	0.03571428571428571
7622	5556	47	2	0	0	49	2	0.04081632653061224
7623	5543	43	2	0	0	45	2	0.044444444444444446
7624	5544	57	2	0	0	59	2	0.03389830508474576
7625	5527	62	1	0	0	63	1	0.015873015873015872
7626	5525	60	4	0	0	64	4	0.0625
7627	5512	55	1	0	0	56	1	0.017857142857142856
7628	5557	58	0	0	0	58	0	0
7629	5476	57	3	0	0	60	3	0.05
763	5535	55	1	0	0	56	1	0.017857142857142856
7630	5544	50	0	0	0	50	0	0
7631	5555	59	2	0	0	61	2	0.03278688524590164
7632	5492	67	2	0	0	69	2	0.028985507246376812
7633	5544	54	2	0	0	56	2	0.03571428571428571
7634	5523	51	4	0	0	55	4	0.07272727272727272
7635	5541	59	1	0	0	60	1	0.016666666666666666
7636	5567	54	1	0	0	55	1	0.01818181818181818
7637	5533	48	3	0	0	51	3	0.058823529411764705
7638	5522	60	1	0	0	61	1	0.01639344262295082
7639	5546	57	3	0	0	60	3	0.05
764	5512	57	1	0	0	58	1	0.017241379310344827
7640	5527	64	0	0	0	64	0	0
7641	5525	52	2	0	0	54	2	0.037037037037037035
7642	5546	53	2	0	0	55	2	0.03636363636363636
7643	5529	56	2	0	0	58	2	0.034482758620689655
7644	5531	51	1	0	0	52	1	0.019230769230769232
7645	5487	58	3	0	0	61	3	0.04918032786885246
7646	5556	52	2	0	0	54	2	0.037037037037037035
7647	5555	50	2	0	0	52	2	0.038461538461538464
7648	5521	61	0	0	0	61	0	0
7649	5553	43	0	0	0	43	0	0
765	5542	46	2	0	0	48	2	0.041666666666666664
7650	5525	64	2	0	0	66	2	0.030303030303030304
7651	5541	53	3	0	0	56	3	0.05357142857142857
7652	5558	61	1	0	0	62	1	0.016129032258064516
7653	5568	55	1	0	0	56	1	0.017857142857142856
7654	5553	54	2	0	0	56	2	0.03571428571428571
7655	5534	52	2	0	0	54	2	0.037037037037037035
7656	5506	65	2	0	0	67	2	0.029850746268656716
7657	5536	69	0	0	0	69	0	0
7658	5558	67	7	0	0	74	7	0.0945945945945946
7659	5554	46	1	0	0	47	1	0.02127659574468085
766	5511	49	1	0	0	50	1	0.02
7660	5522	60	0	0	0	60	0	0
7661	5499	59	1	0	0	60	1	0.016666666666666666
7662	5536	57	3	0	0	60	3	0.05
7663	5574	54	0	0	0	54	0	0
7664	5534	55	1	0	0	56	1	0.017857142857142856
7665	5522	53	2	0	0	55	2	0.03636363636363636
7666	5534	63	3	0	0	66	3	0.045454545454545456
7667	5556	53	3	0	0	56	3	0.05357142857142857
7668	5529	41	1	0	0	42	1	0.023809523809523808
7669	5587	52	1	0	0	53	1	0.018867924528301886
767	5549	48	0	0	0	48	0	0
7670	5514	54	2	0	0	56	2	0.03571428571428571
7671	5581	47	2	0	0	49	2	0.04081632653061224
7672	5484	71	3	0	0	74	3	0.04054054054054054
7673	5533	44	0	0	0	44	0	0
7674	5531	61	5	0	0	66	5	0.07575757575757576
7675	5530	53	3	0	0	56	3	0.05357142857142857
7676	5548	45	1	0	0	46	1	0.021739130434782608
7677	5533	55	1	0	0	56	1	0.017857142857142856
7678	5527	54	3	0	0	57	3	0.05263157894736842
7679	5555	56	2	0	0	58	2	0.034482758620689655
768	5510	59	1	0	0	60	1	0.016666666666666666
7680	5542	51	1	0	0	52	1	0.019230769230769232
7681	5500	43	2	0	0	45	2	0.044444444444444446
7682	5521	45	5	0	0	50	5	0.1
7683	5507	60	0	0	0	60	0	0
7684	5612	65	1	0	0	66	1	0.015151515151515152
7685	5514	63	0	0	0	63	0	0
7686	5552	64	1	0	0	65	1	0.015384615384615385
7687	5544	46	0	0	0	46	0	0
7688	5540	52	0	0	0	52	0	0
7689	5537	59	1	0	0	60	1	0.016666666666666666
769	5553	59	0	0	0	59	0	0
7690	5550	54	2	0	0	56	2	0.03571428571428571
7691	5545	52	2	0	0	54	2	0.037037037037037035
7692	5528	55	2	0	0	57	2	0.03508771929824561
7693	5549	51	2	0	0	53	2	0.03773584905660377
7694	5534	61	1	0	0	62	1	0.016129032258064516
7695	5537	54	1	0	0	55	1	0.01818181818181818
7696	5492	51	1	0	0	52	1	0.019230769230769232
7697	5580	64	1	0	0	65	1	0.015384615384615385
7698	5537	53	5	0	0	58	5	0.08620689655172414
7699	5505	59	1	0	0	60	1	0.016666666666666666
77	5533	52	4	0	0	56	4	0.07142857142857142
770	5544	63	2	0	0	65	2	0.03076923076923077
7700	5552	53	3	0	0	56	3	0.05357142857142857
7701	5567	55	2	0	0	57	2	0.03508771929824561
7702	5501	53	1	0	0	54	1	0.018518518518518517
7703	5571	46	3	0	0	49	3	0.061224489795918366
7704	5545	53	0	0	0	53	0	0
7705	5530	62	0	0	0	62	0	0
7706	5493	57	1	0	0	58	1	0.017241379310344827
7707	5518	50	1	0	0	51	1	0.0196078431372549
7708	5523	51	3	0	0	54	3	0.05555555555555555
7709	5494	41	2	0	0	43	2	0.046511627906976744
771	5498	57	0	0	0	57	0	0
7710	5522	51	1	0	0	52	1	0.019230769230769232
7711	5536	69	3	1	0	73	4	0.0547945205479452
7712	5570	51	4	0	0	55	4	0.07272727272727272
7713	5530	60	2	0	0	62	2	0.03225806451612903
7714	5534	52	1	0	0	53	1	0.018867924528301886
7715	5528	54	2	0	0	56	2	0.03571428571428571
7716	5489	50	4	0	0	54	4	0.07407407407407407
7717	5537	60	2	0	0	62	2	0.03225806451612903
7718	5529	59	2	0	0	61	2	0.03278688524590164
7719	5529	65	0	0	0	65	0	0
772	5543	42	1	0	0	43	1	0.023255813953488372
7720	5555	58	2	0	0	60	2	0.03333333333333333
7721	5539	53	1	0	0	54	1	0.018518518518518517
7722	5565	40	3	1	0	44	4	0.09090909090909091
7723	5571	61	6	0	0	67	6	0.08955223880597014
7724	5525	49	2	0	0	51	2	0.0392156862745098
7725	5564	49	2	0	0	51	2	0.0392156862745098
7726	5534	65	3	0	0	68	3	0.04411764705882353
7727	5504	49	1	0	0	50	1	0.02
7728	5550	54	2	0	0	56	2	0.03571428571428571
7729	5516	50	1	0	0	51	1	0.0196078431372549
773	5561	53	4	0	0	57	4	0.07017543859649122
7730	5533	55	4	0	0	59	4	0.06779661016949153
7731	5542	59	2	0	0	61	2	0.03278688524590164
7732	5540	78	2	0	0	80	2	0.025
7733	5543	45	3	0	0	48	3	0.0625
7734	5563	59	3	0	0	62	3	0.04838709677419355
7735	5554	60	3	0	0	63	3	0.047619047619047616
7736	5542	53	1	0	0	54	1	0.018518518518518517
7737	5512	40	1	0	0	41	1	0.024390243902439025
7738	5552	47	1	0	0	48	1	0.020833333333333332
7739	5542	50	0	0	0	50	0	0
774	5523	45	1	0	0	46	1	0.021739130434782608
7740	5550	65	1	0	0	66	1	0.015151515151515152
7741	5548	47	2	0	0	49	2	0.04081632653061224
7742	5520	54	0	0	0	54	0	0
7743	5528	46	2	0	0	48	2	0.041666666666666664
7744	5539	63	3	1	0	67	4	0.05970149253731343
7745	5495	63	5	0	0	68	5	0.07352941176470588
7746	5553	49	1	0	0	50	1	0.02
7747	5489	45	0	0	0	45	0	0
7748	5543	52	2	0	0	54	2	0.037037037037037035
7749	5549	64	2	0	0	66	2	0.030303030303030304
775	5504	54	2	0	0	56	2	0.03571428571428571
7750	5542	46	3	0	0	49	3	0.061224489795918366
7751	5552	54	1	0	0	55	1	0.01818181818181818
7752	5552	44	1	0	0	45	1	0.022222222222222223
7753	5573	51	1	0	0	52	1	0.019230769230769232
7754	5471	52	1	0	0	53	1	0.018867924528301886
7755	5529	50	3	0	0	53	3	0.05660377358490566
7756	5562	47	2	0	0	49	2	0.04081632653061224
7757	5525	52	1	0	0	53	1	0.018867924528301886
7758	5517	53	2	0	0	55	2	0.03636363636363636
7759	5560	57	3	0	0	60	3	0.05
776	5517	51	1	0	0	52	1	0.019230769230769232
7760	5492	56	2	0	0	58	2	0.034482758620689655
7761	5528	49	2	0	0	51	2	0.0392156862745098
7762	5531	59	1	0	0	60	1	0.016666666666666666
7763	5536	53	1	0	0	54	1	0.018518518518518517
7764	5553	52	2	0	0	54	2	0.037037037037037035
7765	5540	49	0	0	0	49	0	0
7766	5543	40	2	0	0	42	2	0.047619047619047616
7767	5559	52	2	0	0	54	2	0.037037037037037035
7768	5532	56	2	0	0	58	2	0.034482758620689655
7769	5543	52	2	0	0	54	2	0.037037037037037035
777	5517	56	2	0	0	58	2	0.034482758620689655
7770	5529	57	2	0	0	59	2	0.03389830508474576
7771	5540	50	1	0	0	51	1	0.0196078431372549
7772	5540	52	0	0	0	52	0	0
7773	5548	53	2	0	0	55	2	0.03636363636363636
7774	5510	53	0	0	0	53	0	0
7775	5566	59	1	0	0	60	1	0.016666666666666666
7776	5511	51	0	0	0	51	0	0
7777	5509	41	2	0	0	43	2	0.046511627906976744
7778	5544	54	2	0	0	56	2	0.03571428571428571
7779	5567	55	2	0	0	57	2	0.03508771929824561
778	5540	48	2	0	0	50	2	0.04
7780	5562	67	3	0	0	70	3	0.04285714285714286
7781	5527	57	2	0	0	59	2	0.03389830508474576
7782	5544	42	1	0	0	43	1	0.023255813953488372
7783	5532	49	0	0	0	49	0	0
7784	5509	59	3	0	0	62	3	0.04838709677419355
7785	5551	52	1	0	0	53	1	0.018867924528301886
7786	5481	48	0	1	0	49	1	0.02040816326530612
7787	5516	69	5	0	0	74	5	0.06756756756756757
7788	5559	45	1	0	0	46	1	0.021739130434782608
7789	5522	69	1	0	0	70	1	0.014285714285714285
779	5536	56	3	0	0	59	3	0.05084745762711865
7790	5514	35	5	0	0	40	5	0.125
7791	5555	47	1	1	0	49	2	0.04081632653061224
7792	5532	59	0	0	0	59	0	0
7793	5520	55	2	0	0	57	2	0.03508771929824561
7794	5538	52	3	0	0	55	3	0.05454545454545454
7795	5586	54	1	0	0	55	1	0.01818181818181818
7796	5564	59	2	0	0	61	2	0.03278688524590164
7797	5504	55	1	0	0	56	1	0.017857142857142856
7798	5535	58	1	0	0	59	1	0.01694915254237288
7799	5501	61	1	0	0	62	1	0.016129032258064516
78	5489	49	1	0	0	50	1	0.02
780	5527	57	2	0	0	59	2	0.03389830508474576
7800	5551	61	1	0	0	62	1	0.016129032258064516
7801	5571	42	1	0	0	43	1	0.023255813953488372
7802	5529	39	0	0	0	39	0	0
7803	5539	62	2	2	0	66	4	0.06060606060606061
7804	5562	50	2	0	0	52	2	0.038461538461538464
7805	5543	51	2	1	0	54	3	0.05555555555555555
7806	5531	49	3	0	0	52	3	0.057692307692307696
7807	5538	44	3	0	0	47	3	0.06382978723404255
7808	5515	44	3	1	0	48	4	0.08333333333333333
7809	5515	54	4	0	0	58	4	0.06896551724137931
781	5513	42	1	0	0	43	1	0.023255813953488372
7810	5547	44	3	0	0	47	3	0.06382978723404255
7811	5501	56	4	0	0	60	4	0.06666666666666667
7812	5543	56	2	0	0	58	2	0.034482758620689655
7813	5508	45	5	0	0	50	5	0.1
7814	5524	51	3	0	0	54	3	0.05555555555555555
7815	5526	43	1	0	0	44	1	0.022727272727272728
7816	5542	73	2	0	0	75	2	0.02666666666666667
7817	5559	48	2	0	0	50	2	0.04
7818	5537	42	2	0	0	44	2	0.045454545454545456
7819	5506	56	2	0	0	58	2	0.034482758620689655
782	5530	62	0	0	0	62	0	0
7820	5516	58	4	0	0	62	4	0.06451612903225806
7821	5517	56	1	0	0	57	1	0.017543859649122806
7822	5519	72	1	0	0	73	1	0.0136986301369863
7823	5546	46	0	0	0	46	0	0
7824	5527	49	3	0	0	52	3	0.057692307692307696
7825	5549	51	2	0	0	53	2	0.03773584905660377
7826	5575	34	1	0	0	35	1	0.02857142857142857
7827	5529	50	2	0	0	52	2	0.038461538461538464
7828	5570	62	5	0	0	67	5	0.07462686567164178
7829	5494	49	2	0	0	51	2	0.0392156862745098
783	5512	54	1	0	0	55	1	0.01818181818181818
7830	5554	51	1	0	0	52	1	0.019230769230769232
7831	5570	47	0	1	0	48	1	0.020833333333333332
7832	5540	53	2	0	0	55	2	0.03636363636363636
7833	5491	55	1	0	0	56	1	0.017857142857142856
7834	5512	50	3	0	0	53	3	0.05660377358490566
7835	5522	56	2	0	0	58	2	0.034482758620689655
7836	5557	62	1	0	0	63	1	0.015873015873015872
7837	5519	49	0	0	0	49	0	0
7838	5531	57	0	0	0	57	0	0
7839	5510	60	3	0	0	63	3	0.047619047619047616
784	5528	61	2	0	0	63	2	0.031746031746031744
7840	5525	42	6	0	0	48	6	0.125
7841	5541	60	1	0	0	61	1	0.01639344262295082
7842	5536	48	2	0	0	50	2	0.04
7843	5516	52	0	0	0	52	0	0
7844	5565	54	2	0	0	56	2	0.03571428571428571
7845	5490	48	0	0	0	48	0	0
7846	5541	53	2	0	0	55	2	0.03636363636363636
7847	5518	59	2	0	0	61	2	0.03278688524590164
7848	5546	38	2	0	0	40	2	0.05
7849	5531	51	2	0	0	53	2	0.03773584905660377
785	5513	53	2	0	0	55	2	0.03636363636363636
7850	5559	46	1	0	0	47	1	0.02127659574468085
7851	5519	62	1	0	0	63	1	0.015873015873015872
7852	5521	44	0	0	0	44	0	0
7853	5545	38	2	0	0	40	2	0.05
7854	5524	60	3	0	0	63	3	0.047619047619047616
7855	5538	63	3	0	0	66	3	0.045454545454545456
7856	5509	66	3	0	0	69	3	0.043478260869565216
7857	5540	56	3	0	0	59	3	0.05084745762711865
7858	5532	52	0	0	0	52	0	0
7859	5542	60	0	0	0	60	0	0
786	5531	60	1	0	0	61	1	0.01639344262295082
7860	5547	67	3	0	0	70	3	0.04285714285714286
7861	5524	37	4	0	0	41	4	0.0975609756097561
7862	5537	55	4	0	0	59	4	0.06779661016949153
7863	5557	58	2	0	0	60	2	0.03333333333333333
7864	5506	47	1	0	0	48	1	0.020833333333333332
7865	5516	49	2	0	0	51	2	0.0392156862745098
7866	5503	45	1	0	0	46	1	0.021739130434782608
7867	5554	46	0	0	0	46	0	0
7868	5538	59	1	0	0	60	1	0.016666666666666666
7869	5491	50	0	0	0	50	0	0
787	5514	53	0	0	0	53	0	0
7870	5528	46	1	0	0	47	1	0.02127659574468085
7871	5532	40	0	0	0	40	0	0
7872	5521	49	3	0	0	52	3	0.057692307692307696
7873	5508	51	5	0	0	56	5	0.08928571428571429
7874	5475	54	0	0	0	54	0	0
7875	5543	64	2	0	0	66	2	0.030303030303030304
7876	5575	47	0	0	0	47	0	0
7877	5525	53	1	0	0	54	1	0.018518518518518517
7878	5520	53	3	0	0	56	3	0.05357142857142857
7879	5531	59	2	0	0	61	2	0.03278688524590164
788	5534	61	3	0	0	64	3	0.046875
7880	5516	48	0	0	0	48	0	0
7881	5525	57	2	0	0	59	2	0.03389830508474576
7882	5541	50	1	0	0	51	1	0.0196078431372549
7883	5541	44	0	0	0	44	0	0
7884	5506	52	1	0	0	53	1	0.018867924528301886
7885	5525	58	1	1	0	60	2	0.03333333333333333
7886	5530	43	1	0	0	44	1	0.022727272727272728
7887	5519	56	2	1	0	59	3	0.05084745762711865
7888	5536	62	1	0	0	63	1	0.015873015873015872
7889	5524	58	1	0	0	59	1	0.01694915254237288
789	5557	49	1	0	0	50	1	0.02
7890	5570	59	1	0	0	60	1	0.016666666666666666
7891	5525	50	1	0	0	51	1	0.0196078431372549
7892	5509	51	1	0	0	52	1	0.019230769230769232
7893	5502	60	3	0	0	63	3	0.047619047619047616
7894	5518	51	3	0	0	54	3	0.05555555555555555
7895	5542	60	1	0	0	61	1	0.01639344262295082
7896	5506	68	5	0	0	73	5	0.0684931506849315
7897	5528	47	4	0	0	51	4	0.0784313725490196
7898	5560	43	0	0	0	43	0	0
7899	5546	58	1	0	0	59	1	0.01694915254237288
79	5534	50	3	0	0	53	3	0.05660377358490566
790	5521	49	0	1	0	50	1	0.02
7900	5547	44	4	0	0	48	4	0.08333333333333333
7901	5539	49	3	0	0	52	3	0.057692307692307696
7902	5556	55	2	0	0	57	2	0.03508771929824561
7903	5563	45	2	0	0	47	2	0.0425531914893617
7904	5529	56	3	0	0	59	3	0.05084745762711865
7905	5492	59	2	1	0	62	3	0.04838709677419355
7906	5512	47	1	0	0	48	1	0.020833333333333332
7907	5517	43	2	0	0	45	2	0.044444444444444446
7908	5545	63	2	0	0	65	2	0.03076923076923077
7909	5496	61	0	0	0	61	0	0
791	5505	65	0	1	0	66	1	0.015151515151515152
7910	5524	51	0	0	0	51	0	0
7911	5530	63	4	0	0	67	4	0.05970149253731343
7912	5501	66	2	0	0	68	2	0.029411764705882353
7913	5549	52	4	0	0	56	4	0.07142857142857142
7914	5525	54	3	0	0	57	3	0.05263157894736842
7915	5524	62	2	0	0	64	2	0.03125
7916	5527	57	3	0	0	60	3	0.05
7917	5540	42	1	0	0	43	1	0.023255813953488372
7918	5548	49	2	1	0	52	3	0.057692307692307696
7919	5542	49	3	0	0	52	3	0.057692307692307696
792	5506	51	4	0	0	55	4	0.07272727272727272
7920	5478	58	1	0	0	59	1	0.01694915254237288
7921	5513	61	4	0	0	65	4	0.06153846153846154
7922	5571	45	1	0	0	46	1	0.021739130434782608
7923	5524	47	1	1	0	49	2	0.04081632653061224
7924	5522	61	0	0	0	61	0	0
7925	5539	55	0	0	0	55	0	0
7926	5530	42	3	0	0	45	3	0.06666666666666667
7927	5502	51	3	0	0	54	3	0.05555555555555555
7928	5509	55	0	0	0	55	0	0
7929	5525	55	2	0	0	57	2	0.03508771929824561
793	5581	46	1	0	0	47	1	0.02127659574468085
7930	5490	44	3	0	0	47	3	0.06382978723404255
7931	5534	42	1	0	0	43	1	0.023255813953488372
7932	5536	57	0	0	0	57	0	0
7933	5517	59	6	0	0	65	6	0.09230769230769231
7934	5547	46	4	0	0	50	4	0.08
7935	5562	64	4	0	0	68	4	0.058823529411764705
7936	5560	50	2	0	0	52	2	0.038461538461538464
7937	5528	42	1	0	0	43	1	0.023255813953488372
7938	5514	59	2	0	0	61	2	0.03278688524590164
7939	5502	52	1	0	0	53	1	0.018867924528301886
794	5528	46	3	0	0	49	3	0.061224489795918366
7940	5516	46	2	0	0	48	2	0.041666666666666664
7941	5558	51	2	0	0	53	2	0.03773584905660377
7942	5557	65	1	0	0	66	1	0.015151515151515152
7943	5550	47	3	0	0	50	3	0.06
7944	5539	48	1	0	0	49	1	0.02040816326530612
7945	5538	51	0	0	0	51	0	0
7946	5535	51	1	0	0	52	1	0.019230769230769232
7947	5540	49	1	0	0	50	1	0.02
7948	5554	52	1	0	0	53	1	0.018867924528301886
7949	5485	46	0	0	0	46	0	0
795	5535	61	0	0	0	61	0	0
7950	5486	53	1	0	0	54	1	0.018518518518518517
7951	5511	59	2	0	0	61	2	0.03278688524590164
7952	5535	58	4	0	0	62	4	0.06451612903225806
7953	5519	62	1	0	0	63	1	0.015873015873015872
7954	5522	60	3	0	0	63	3	0.047619047619047616
7955	5501	47	1	0	0	48	1	0.020833333333333332
7956	5530	58	1	0	0	59	1	0.01694915254237288
7957	5531	45	2	0	0	47	2	0.0425531914893617
7958	5508	64	2	0	0	66	2	0.030303030303030304
7959	5571	63	1	0	0	64	1	0.015625
796	5546	49	3	0	0	52	3	0.057692307692307696
7960	5548	56	1	0	0	57	1	0.017543859649122806
7961	5514	47	0	0	0	47	0	0
7962	5552	45	0	0	0	45	0	0
7963	5541	45	2	0	0	47	2	0.0425531914893617
7964	5533	58	2	0	0	60	2	0.03333333333333333
7965	5468	53	4	0	0	57	4	0.07017543859649122
7966	5547	38	4	0	0	42	4	0.09523809523809523
7967	5547	57	2	0	0	59	2	0.03389830508474576
7968	5552	53	2	0	0	55	2	0.03636363636363636
7969	5554	47	2	0	0	49	2	0.04081632653061224
797	5485	49	2	0	0	51	2	0.0392156862745098
7970	5523	54	4	0	0	58	4	0.06896551724137931
7971	5528	48	1	0	0	49	1	0.02040816326530612
7972	5531	62	2	0	0	64	2	0.03125
7973	5566	50	3	0	0	53	3	0.05660377358490566
7974	5547	59	1	0	0	60	1	0.016666666666666666
7975	5518	59	5	0	0	64	5	0.078125
7976	5526	58	4	0	0	62	4	0.06451612903225806
7977	5508	70	1	0	0	71	1	0.014084507042253521
7978	5507	58	1	0	0	59	1	0.01694915254237288
7979	5517	54	1	0	0	55	1	0.01818181818181818
798	5550	37	1	0	0	38	1	0.02631578947368421
7980	5537	37	1	0	0	38	1	0.02631578947368421
7981	5563	64	2	0	0	66	2	0.030303030303030304
7982	5517	49	6	0	0	55	6	0.10909090909090909
7983	5506	42	0	0	0	42	0	0
7984	5528	55	2	0	0	57	2	0.03508771929824561
7985	5538	54	4	0	0	58	4	0.06896551724137931
7986	5540	59	0	0	0	59	0	0
7987	5538	52	4	0	0	56	4	0.07142857142857142
7988	5538	39	2	0	0	41	2	0.04878048780487805
7989	5548	55	0	0	0	55	0	0
799	5519	46	2	0	0	48	2	0.041666666666666664
7990	5534	57	0	0	0	57	0	0
7991	5537	50	2	0	0	52	2	0.038461538461538464
7992	5539	49	2	0	0	51	2	0.0392156862745098
7993	5565	51	2	0	0	53	2	0.03773584905660377
7994	5545	52	3	1	0	56	4	0.07142857142857142
7995	5531	50	0	0	0	50	0	0
7996	5549	37	3	0	0	40	3	0.075
7997	5499	39	3	0	0	42	3	0.07142857142857142
7998	5560	63	1	0	0	64	1	0.015625
7999	5518	53	1	0	0	54	1	0.018518518518518517
8	5580	62	1	0	0	63	1	0.015873015873015872
80	5497	71	1	0	0	72	1	0.013888888888888888
800	5526	50	3	0	0	53	3	0.05660377358490566
8000	5532	55	2	0	0	57	2	0.03508771929824561
8001	5560	54	3	0	0	57	3	0.05263157894736842
8002	5541	57	1	0	0	58	1	0.017241379310344827
8003	5556	58	1	0	0	59	1	0.01694915254237288
8004	5555	64	0	1	0	65	1	0.015384615384615385
8005	5541	48	1	0	0	49	1	0.02040816326530612
8006	5500	58	2	0	0	60	2	0.03333333333333333
8007	5537	60	1	0	0	61	1	0.01639344262295082
8008	5534	49	1	0	0	50	1	0.02
8009	5525	57	1	0	0	58	1	0.017241379310344827
801	5528	59	2	0	0	61	2	0.03278688524590164
8010	5548	49	1	0	0	50	1	0.02
8011	5507	43	2	0	0	45	2	0.044444444444444446
8012	5545	53	2	0	0	55	2	0.03636363636363636
8013	5552	56	3	0	0	59	3	0.05084745762711865
8014	5552	63	3	0	0	66	3	0.045454545454545456
8015	5516	49	2	0	0	51	2	0.0392156862745098
8016	5499	59	0	0	0	59	0	0
8017	5521	60	1	0	0	61	1	0.01639344262295082
8018	5551	51	1	0	0	52	1	0.019230769230769232
8019	5497	58	2	1	0	61	3	0.04918032786885246
802	5534	64	1	0	0	65	1	0.015384615384615385
8020	5519	57	1	0	0	58	1	0.017241379310344827
8021	5491	67	1	0	0	68	1	0.014705882352941176
8022	5582	50	0	0	0	50	0	0
8023	5562	47	1	0	0	48	1	0.020833333333333332
8024	5509	59	2	0	0	61	2	0.03278688524590164
8025	5521	53	2	0	0	55	2	0.03636363636363636
8026	5500	55	3	0	0	58	3	0.05172413793103448
8027	5555	46	1	1	0	48	2	0.041666666666666664
8028	5537	55	1	0	0	56	1	0.017857142857142856
8029	5517	52	0	0	0	52	0	0
803	5534	51	1	0	0	52	1	0.019230769230769232
8030	5535	50	0	0	0	50	0	0
8031	5513	45	5	0	0	50	5	0.1
8032	5537	57	3	0	0	60	3	0.05
8033	5514	50	2	0	0	52	2	0.038461538461538464
8034	5534	59	1	0	0	60	1	0.016666666666666666
8035	5534	57	2	0	0	59	2	0.03389830508474576
8036	5536	57	0	0	0	57	0	0
8037	5508	58	1	0	0	59	1	0.01694915254237288
8038	5513	69	1	0	0	70	1	0.014285714285714285
8039	5562	62	3	0	0	65	3	0.046153846153846156
804	5534	44	2	0	0	46	2	0.043478260869565216
8040	5502	46	1	0	0	47	1	0.02127659574468085
8041	5523	55	1	0	0	56	1	0.017857142857142856
8042	5490	55	2	0	0	57	2	0.03508771929824561
8043	5526	67	2	0	0	69	2	0.028985507246376812
8044	5514	60	2	0	0	62	2	0.03225806451612903
8045	5486	42	4	0	0	46	4	0.08695652173913043
8046	5541	56	2	0	0	58	2	0.034482758620689655
8047	5516	65	3	0	0	68	3	0.04411764705882353
8048	5566	39	3	0	0	42	3	0.07142857142857142
8049	5565	48	0	0	0	48	0	0
805	5526	59	1	0	0	60	1	0.016666666666666666
8050	5552	46	2	0	0	48	2	0.041666666666666664
8051	5591	54	1	1	0	56	2	0.03571428571428571
8052	5490	55	4	0	0	59	4	0.06779661016949153
8053	5535	49	2	0	0	51	2	0.0392156862745098
8054	5536	48	1	0	0	49	1	0.02040816326530612
8055	5570	54	2	0	0	56	2	0.03571428571428571
8056	5504	50	3	0	0	53	3	0.05660377358490566
8057	5484	66	1	0	0	67	1	0.014925373134328358
8058	5526	45	4	0	0	49	4	0.08163265306122448
8059	5545	56	2	0	0	58	2	0.034482758620689655
806	5546	43	4	0	0	47	4	0.0851063829787234
8060	5546	56	1	0	0	57	1	0.017543859649122806
8061	5538	52	3	0	0	55	3	0.05454545454545454
8062	5587	43	2	0	0	45	2	0.044444444444444446
8063	5484	64	2	0	0	66	2	0.030303030303030304
8064	5496	56	3	0	0	59	3	0.05084745762711865
8065	5527	48	2	0	0	50	2	0.04
8066	5533	50	0	0	0	50	0	0
8067	5520	48	1	0	0	49	1	0.02040816326530612
8068	5500	62	4	0	0	66	4	0.06060606060606061
8069	5569	51	1	0	0	52	1	0.019230769230769232
807	5558	61	2	0	0	63	2	0.031746031746031744
8070	5521	65	4	0	0	69	4	0.057971014492753624
8071	5566	60	0	0	0	60	0	0
8072	5573	48	2	0	0	50	2	0.04
8073	5541	49	3	0	0	52	3	0.057692307692307696
8074	5529	50	1	0	0	51	1	0.0196078431372549
8075	5525	58	0	0	0	58	0	0
8076	5523	60	1	0	0	61	1	0.01639344262295082
8077	5544	45	2	0	0	47	2	0.0425531914893617
8078	5547	54	2	0	0	56	2	0.03571428571428571
8079	5517	69	0	0	0	69	0	0
808	5544	60	1	1	0	62	2	0.03225806451612903
8080	5518	47	2	0	0	49	2	0.04081632653061224
8081	5584	43	4	0	0	47	4	0.0851063829787234
8082	5558	44	4	0	0	48	4	0.08333333333333333
8083	5532	64	1	0	0	65	1	0.015384615384615385
8084	5541	64	3	0	0	67	3	0.04477611940298507
8085	5542	60	0	0	0	60	0	0
8086	5529	60	0	0	0	60	0	0
8087	5530	57	4	0	0	61	4	0.06557377049180328
8088	5537	67	1	0	0	68	1	0.014705882352941176
8089	5509	64	6	0	0	70	6	0.08571428571428572
809	5553	54	2	0	0	56	2	0.03571428571428571
8090	5569	40	2	0	0	42	2	0.047619047619047616
8091	5490	43	2	0	0	45	2	0.044444444444444446
8092	5521	61	3	0	0	64	3	0.046875
8093	5532	53	3	0	0	56	3	0.05357142857142857
8094	5551	60	3	0	0	63	3	0.047619047619047616
8095	5513	62	1	0	0	63	1	0.015873015873015872
8096	5569	55	1	0	0	56	1	0.017857142857142856
8097	5511	46	0	0	0	46	0	0
8098	5519	50	2	0	0	52	2	0.038461538461538464
8099	5567	66	0	0	0	66	0	0
81	5539	57	2	0	0	59	2	0.03389830508474576
810	5563	56	5	0	0	61	5	0.08196721311475409
8100	5569	54	1	0	0	55	1	0.01818181818181818
8101	5534	70	3	0	0	73	3	0.0410958904109589
8102	5559	55	1	0	0	56	1	0.017857142857142856
8103	5527	66	2	0	0	68	2	0.029411764705882353
8104	5532	44	4	0	0	48	4	0.08333333333333333
8105	5516	57	1	0	0	58	1	0.017241379310344827
8106	5535	53	1	0	0	54	1	0.018518518518518517
8107	5566	60	3	0	0	63	3	0.047619047619047616
8108	5499	61	2	0	0	63	2	0.031746031746031744
8109	5524	48	2	0	0	50	2	0.04
811	5531	59	1	0	0	60	1	0.016666666666666666
8110	5533	54	1	0	0	55	1	0.01818181818181818
8111	5537	61	1	0	0	62	1	0.016129032258064516
8112	5550	46	3	0	0	49	3	0.061224489795918366
8113	5516	57	3	0	0	60	3	0.05
8114	5570	61	3	0	0	64	3	0.046875
8115	5533	51	2	0	0	53	2	0.03773584905660377
8116	5562	67	0	0	0	67	0	0
8117	5496	66	3	0	0	69	3	0.043478260869565216
8118	5577	37	2	0	0	39	2	0.05128205128205128
8119	5503	61	1	0	0	62	1	0.016129032258064516
812	5581	65	1	0	0	66	1	0.015151515151515152
8120	5574	49	0	0	0	49	0	0
8121	5551	60	1	0	0	61	1	0.01639344262295082
8122	5543	50	0	0	0	50	0	0
8123	5521	47	2	0	0	49	2	0.04081632653061224
8124	5512	43	3	0	0	46	3	0.06521739130434782
8125	5525	53	2	0	0	55	2	0.03636363636363636
8126	5515	59	1	0	0	60	1	0.016666666666666666
8127	5513	42	0	0	0	42	0	0
8128	5521	47	1	0	0	48	1	0.020833333333333332
8129	5523	52	1	0	0	53	1	0.018867924528301886
813	5518	46	2	0	0	48	2	0.041666666666666664
8130	5524	56	1	0	0	57	1	0.017543859649122806
8131	5534	41	1	0	0	42	1	0.023809523809523808
8132	5508	56	4	1	0	61	5	0.08196721311475409
8133	5537	51	1	1	0	53	2	0.03773584905660377
8134	5549	46	2	0	0	48	2	0.041666666666666664
8135	5531	56	1	0	0	57	1	0.017543859649122806
8136	5555	48	2	0	0	50	2	0.04
8137	5551	60	4	0	0	64	4	0.0625
8138	5565	41	3	0	0	44	3	0.06818181818181818
8139	5544	61	5	0	0	66	5	0.07575757575757576
814	5522	66	3	0	0	69	3	0.043478260869565216
8140	5533	45	0	0	0	45	0	0
8141	5528	56	1	0	0	57	1	0.017543859649122806
8142	5534	56	2	0	0	58	2	0.034482758620689655
8143	5512	48	0	0	0	48	0	0
8144	5532	48	2	1	0	51	3	0.058823529411764705
8145	5537	54	5	0	0	59	5	0.0847457627118644
8146	5530	45	4	0	0	49	4	0.08163265306122448
8147	5512	47	0	0	0	47	0	0
8148	5507	59	2	0	0	61	2	0.03278688524590164
8149	5486	50	0	1	0	51	1	0.0196078431372549
815	5524	55	1	0	0	56	1	0.017857142857142856
8150	5566	37	4	0	0	41	4	0.0975609756097561
8151	5521	53	2	0	0	55	2	0.03636363636363636
8152	5546	54	0	0	0	54	0	0
8153	5534	55	1	0	0	56	1	0.017857142857142856
8154	5534	64	1	0	0	65	1	0.015384615384615385
8155	5531	54	7	0	0	61	7	0.11475409836065574
8156	5528	53	1	0	0	54	1	0.018518518518518517
8157	5542	52	3	0	0	55	3	0.05454545454545454
8158	5558	44	0	0	0	44	0	0
8159	5544	46	2	0	0	48	2	0.041666666666666664
816	5562	61	1	0	0	62	1	0.016129032258064516
8160	5550	59	0	0	0	59	0	0
8161	5505	54	0	0	0	54	0	0
8162	5539	48	4	0	0	52	4	0.07692307692307693
8163	5545	56	1	0	0	57	1	0.017543859649122806
8164	5558	58	7	0	0	65	7	0.1076923076923077
8165	5573	46	1	0	0	47	1	0.02127659574468085
8166	5516	45	5	0	0	50	5	0.1
8167	5535	49	1	0	0	50	1	0.02
8168	5530	56	1	0	0	57	1	0.017543859649122806
8169	5511	54	2	0	0	56	2	0.03571428571428571
817	5556	57	2	0	0	59	2	0.03389830508474576
8170	5561	50	0	0	0	50	0	0
8171	5531	66	1	0	0	67	1	0.014925373134328358
8172	5506	44	1	0	0	45	1	0.022222222222222223
8173	5541	54	2	0	0	56	2	0.03571428571428571
8174	5495	53	3	0	0	56	3	0.05357142857142857
8175	5524	60	3	0	0	63	3	0.047619047619047616
8176	5510	57	2	0	0	59	2	0.03389830508474576
8177	5556	57	1	0	0	58	1	0.017241379310344827
8178	5554	41	2	0	0	43	2	0.046511627906976744
8179	5520	52	1	0	0	53	1	0.018867924528301886
818	5546	46	2	0	0	48	2	0.041666666666666664
8180	5526	36	6	0	0	42	6	0.14285714285714285
8181	5516	47	0	0	0	47	0	0
8182	5525	50	0	0	0	50	0	0
8183	5575	51	5	0	0	56	5	0.08928571428571429
8184	5556	62	1	0	0	63	1	0.015873015873015872
8185	5519	61	3	0	0	64	3	0.046875
8186	5544	65	2	0	0	67	2	0.029850746268656716
8187	5528	65	0	0	0	65	0	0
8188	5532	59	2	0	0	61	2	0.03278688524590164
8189	5530	48	1	0	0	49	1	0.02040816326530612
819	5548	49	2	0	0	51	2	0.0392156862745098
8190	5497	53	4	0	0	57	4	0.07017543859649122
8191	5533	56	2	0	0	58	2	0.034482758620689655
8192	5543	60	1	0	0	61	1	0.01639344262295082
8193	5557	62	1	0	0	63	1	0.015873015873015872
8194	5535	41	2	0	0	43	2	0.046511627906976744
8195	5559	59	1	0	0	60	1	0.016666666666666666
8196	5542	56	1	0	0	57	1	0.017543859649122806
8197	5489	66	1	0	0	67	1	0.014925373134328358
8198	5590	56	0	0	0	56	0	0
8199	5551	55	6	0	0	61	6	0.09836065573770492
82	5533	54	2	0	0	56	2	0.03571428571428571
820	5532	59	0	0	0	59	0	0
8200	5520	65	0	0	0	65	0	0
8201	5538	47	3	0	0	50	3	0.06
8202	5519	67	2	0	0	69	2	0.028985507246376812
8203	5503	54	3	0	0	57	3	0.05263157894736842
8204	5541	48	2	0	0	50	2	0.04
8205	5554	54	1	0	0	55	1	0.01818181818181818
8206	5544	51	4	0	0	55	4	0.07272727272727272
8207	5513	51	1	0	0	52	1	0.019230769230769232
8208	5528	57	1	0	0	58	1	0.017241379310344827
8209	5522	59	2	0	0	61	2	0.03278688524590164
821	5561	59	2	0	0	61	2	0.03278688524590164
8210	5536	53	0	0	0	53	0	0
8211	5579	43	3	0	0	46	3	0.06521739130434782
8212	5556	55	5	0	0	60	5	0.08333333333333333
8213	5560	53	1	0	0	54	1	0.018518518518518517
8214	5531	51	0	0	0	51	0	0
8215	5554	52	4	0	0	56	4	0.07142857142857142
8216	5538	63	2	0	0	65	2	0.03076923076923077
8217	5534	49	0	0	0	49	0	0
8218	5536	66	1	0	0	67	1	0.014925373134328358
8219	5558	47	1	1	0	49	2	0.04081632653061224
822	5546	52	2	0	0	54	2	0.037037037037037035
8220	5528	60	0	0	0	60	0	0
8221	5540	53	1	0	0	54	1	0.018518518518518517
8222	5583	57	4	0	0	61	4	0.06557377049180328
8223	5540	55	1	0	0	56	1	0.017857142857142856
8224	5524	48	4	0	0	52	4	0.07692307692307693
8225	5560	55	1	0	0	56	1	0.017857142857142856
8226	5538	49	3	0	0	52	3	0.057692307692307696
8227	5513	62	1	0	0	63	1	0.015873015873015872
8228	5545	43	2	0	0	45	2	0.044444444444444446
8229	5548	52	3	0	0	55	3	0.05454545454545454
823	5540	67	2	0	0	69	2	0.028985507246376812
8230	5517	50	1	0	0	51	1	0.0196078431372549
8231	5567	66	1	0	0	67	1	0.014925373134328358
8232	5541	56	2	0	0	58	2	0.034482758620689655
8233	5516	48	1	0	0	49	1	0.02040816326530612
8234	5527	54	0	0	0	54	0	0
8235	5554	59	1	0	0	60	1	0.016666666666666666
8236	5571	59	3	0	0	62	3	0.04838709677419355
8237	5524	57	1	0	0	58	1	0.017241379310344827
8238	5511	64	2	0	0	66	2	0.030303030303030304
8239	5554	47	2	0	0	49	2	0.04081632653061224
824	5510	63	2	0	0	65	2	0.03076923076923077
8240	5524	47	3	0	0	50	3	0.06
8241	5517	60	1	0	0	61	1	0.01639344262295082
8242	5523	64	1	0	0	65	1	0.015384615384615385
8243	5563	56	2	1	0	59	3	0.05084745762711865
8244	5500	59	3	0	0	62	3	0.04838709677419355
8245	5605	59	0	0	0	59	0	0
8246	5534	53	2	0	0	55	2	0.03636363636363636
8247	5535	58	6	0	0	64	6	0.09375
8248	5496	40	1	0	0	41	1	0.024390243902439025
8249	5535	53	2	0	0	55	2	0.03636363636363636
825	5547	49	1	0	0	50	1	0.02
8250	5540	46	1	0	0	47	1	0.02127659574468085
8251	5560	49	3	0	0	52	3	0.057692307692307696
8252	5522	65	4	0	0	69	4	0.057971014492753624
8253	5540	49	1	0	0	50	1	0.02
8254	5553	59	2	0	0	61	2	0.03278688524590164
8255	5513	62	1	0	0	63	1	0.015873015873015872
8256	5561	52	2	0	0	54	2	0.037037037037037035
8257	5566	46	1	0	0	47	1	0.02127659574468085
8258	5555	51	3	0	0	54	3	0.05555555555555555
8259	5527	59	1	0	0	60	1	0.016666666666666666
826	5525	56	1	0	0	57	1	0.017543859649122806
8260	5489	55	0	0	0	55	0	0
8261	5508	50	3	0	0	53	3	0.05660377358490566
8262	5494	57	1	0	0	58	1	0.017241379310344827
8263	5513	48	3	0	0	51	3	0.058823529411764705
8264	5545	55	3	0	0	58	3	0.05172413793103448
8265	5491	57	4	0	0	61	4	0.06557377049180328
8266	5531	46	3	0	0	49	3	0.061224489795918366
8267	5473	65	0	0	0	65	0	0
8268	5520	60	2	0	0	62	2	0.03225806451612903
8269	5546	47	2	0	0	49	2	0.04081632653061224
827	5546	54	0	0	0	54	0	0
8270	5554	45	1	0	0	46	1	0.021739130434782608
8271	5566	44	2	1	0	47	3	0.06382978723404255
8272	5557	47	0	0	0	47	0	0
8273	5528	51	1	0	0	52	1	0.019230769230769232
8274	5505	47	2	0	0	49	2	0.04081632653061224
8275	5529	45	0	0	0	45	0	0
8276	5496	69	1	0	0	70	1	0.014285714285714285
8277	5534	58	3	0	0	61	3	0.04918032786885246
8278	5517	57	1	0	0	58	1	0.017241379310344827
8279	5525	49	3	1	0	53	4	0.07547169811320754
828	5524	51	2	0	0	53	2	0.03773584905660377
8280	5529	51	0	0	0	51	0	0
8281	5542	50	2	0	0	52	2	0.038461538461538464
8282	5542	60	0	0	0	60	0	0
8283	5488	56	0	0	0	56	0	0
8284	5567	47	2	0	0	49	2	0.04081632653061224
8285	5553	54	2	0	0	56	2	0.03571428571428571
8286	5537	66	2	0	0	68	2	0.029411764705882353
8287	5530	50	5	0	0	55	5	0.09090909090909091
8288	5507	49	2	0	0	51	2	0.0392156862745098
8289	5564	54	5	0	0	59	5	0.0847457627118644
829	5523	52	2	0	0	54	2	0.037037037037037035
8290	5548	55	2	0	0	57	2	0.03508771929824561
8291	5535	55	3	0	0	58	3	0.05172413793103448
8292	5541	63	1	0	0	64	1	0.015625
8293	5551	49	2	0	0	51	2	0.0392156862745098
8294	5524	63	1	0	0	64	1	0.015625
8295	5519	48	3	0	0	51	3	0.058823529411764705
8296	5550	54	1	0	0	55	1	0.01818181818181818
8297	5540	50	1	0	0	51	1	0.0196078431372549
8298	5577	51	2	0	0	53	2	0.03773584905660377
8299	5524	59	0	0	0	59	0	0
83	5487	64	0	0	0	64	0	0
830	5531	59	2	0	0	61	2	0.03278688524590164
8300	5530	57	1	0	0	58	1	0.017241379310344827
8301	5551	57	3	0	0	60	3	0.05
8302	5553	58	2	0	0	60	2	0.03333333333333333
8303	5546	37	2	0	0	39	2	0.05128205128205128
8304	5522	67	0	0	0	67	0	0
8305	5538	55	2	0	0	57	2	0.03508771929824561
8306	5502	50	2	0	0	52	2	0.038461538461538464
8307	5548	63	1	0	0	64	1	0.015625
8308	5553	52	1	0	0	53	1	0.018867924528301886
8309	5547	61	3	0	0	64	3	0.046875
831	5526	51	2	0	0	53	2	0.03773584905660377
8310	5545	54	2	0	0	56	2	0.03571428571428571
8311	5509	55	1	0	0	56	1	0.017857142857142856
8312	5534	57	5	0	0	62	5	0.08064516129032258
8313	5596	63	1	0	0	64	1	0.015625
8314	5563	40	2	0	0	42	2	0.047619047619047616
8315	5535	44	3	0	0	47	3	0.06382978723404255
8316	5548	45	1	0	0	46	1	0.021739130434782608
8317	5526	56	1	0	0	57	1	0.017543859649122806
8318	5504	55	1	0	0	56	1	0.017857142857142856
8319	5496	55	0	0	0	55	0	0
832	5560	54	3	0	0	57	3	0.05263157894736842
8320	5561	45	3	0	0	48	3	0.0625
8321	5531	48	2	0	0	50	2	0.04
8322	5532	52	0	0	0	52	0	0
8323	5541	54	4	0	0	58	4	0.06896551724137931
8324	5565	57	2	0	0	59	2	0.03389830508474576
8325	5555	63	4	0	0	67	4	0.05970149253731343
8326	5499	57	5	1	0	63	6	0.09523809523809523
8327	5510	65	1	0	0	66	1	0.015151515151515152
8328	5565	42	3	0	0	45	3	0.06666666666666667
8329	5545	55	0	0	0	55	0	0
833	5490	64	2	0	0	66	2	0.030303030303030304
8330	5567	50	2	0	0	52	2	0.038461538461538464
8331	5546	50	0	0	0	50	0	0
8332	5494	46	6	0	0	52	6	0.11538461538461539
8333	5546	47	1	0	0	48	1	0.020833333333333332
8334	5508	65	3	0	0	68	3	0.04411764705882353
8335	5562	60	2	0	0	62	2	0.03225806451612903
8336	5519	36	3	0	0	39	3	0.07692307692307693
8337	5534	66	1	0	0	67	1	0.014925373134328358
8338	5510	59	3	0	0	62	3	0.04838709677419355
8339	5533	49	0	0	0	49	0	0
834	5569	54	3	0	0	57	3	0.05263157894736842
8340	5506	62	2	0	0	64	2	0.03125
8341	5508	51	1	0	0	52	1	0.019230769230769232
8342	5530	60	3	0	0	63	3	0.047619047619047616
8343	5530	54	0	1	0	55	1	0.01818181818181818
8344	5543	48	0	0	0	48	0	0
8345	5562	51	1	0	0	52	1	0.019230769230769232
8346	5562	50	4	0	0	54	4	0.07407407407407407
8347	5546	52	2	0	0	54	2	0.037037037037037035
8348	5487	61	2	1	0	64	3	0.046875
8349	5522	53	2	0	0	55	2	0.03636363636363636
835	5542	64	1	0	0	65	1	0.015384615384615385
8350	5527	51	1	0	0	52	1	0.019230769230769232
8351	5539	59	5	0	0	64	5	0.078125
8352	5506	45	2	0	0	47	2	0.0425531914893617
8353	5553	65	1	0	0	66	1	0.015151515151515152
8354	5555	54	2	0	0	56	2	0.03571428571428571
8355	5533	59	1	0	0	60	1	0.016666666666666666
8356	5535	53	0	0	0	53	0	0
8357	5555	54	3	0	0	57	3	0.05263157894736842
8358	5541	50	3	0	0	53	3	0.05660377358490566
8359	5575	56	1	0	0	57	1	0.017543859649122806
836	5521	55	0	0	0	55	0	0
8360	5532	65	3	0	0	68	3	0.04411764705882353
8361	5556	55	0	0	0	55	0	0
8362	5516	69	2	0	0	71	2	0.028169014084507043
8363	5516	68	2	0	0	70	2	0.02857142857142857
8364	5556	53	1	0	0	54	1	0.018518518518518517
8365	5556	48	0	0	0	48	0	0
8366	5524	50	1	0	0	51	1	0.0196078431372549
8367	5525	50	1	0	0	51	1	0.0196078431372549
8368	5507	52	1	1	0	54	2	0.037037037037037035
8369	5478	47	2	0	0	49	2	0.04081632653061224
837	5567	56	1	1	0	58	2	0.034482758620689655
8370	5520	51	5	0	0	56	5	0.08928571428571429
8371	5497	44	2	0	0	46	2	0.043478260869565216
8372	5521	50	3	0	0	53	3	0.05660377358490566
8373	5486	63	3	0	0	66	3	0.045454545454545456
8374	5527	51	4	1	0	56	5	0.08928571428571429
8375	5535	50	0	0	0	50	0	0
8376	5543	48	0	0	0	48	0	0
8377	5537	47	1	0	0	48	1	0.020833333333333332
8378	5532	56	4	0	0	60	4	0.06666666666666667
8379	5502	59	1	0	0	60	1	0.016666666666666666
838	5526	60	1	0	0	61	1	0.01639344262295082
8380	5537	50	2	0	0	52	2	0.038461538461538464
8381	5513	43	0	0	0	43	0	0
8382	5477	60	1	0	0	61	1	0.01639344262295082
8383	5549	52	4	0	0	56	4	0.07142857142857142
8384	5510	47	1	0	0	48	1	0.020833333333333332
8385	5508	63	3	0	0	66	3	0.045454545454545456
8386	5523	40	3	0	0	43	3	0.06976744186046512
8387	5513	52	0	1	0	53	1	0.018867924528301886
8388	5515	58	3	0	0	61	3	0.04918032786885246
8389	5518	53	1	0	0	54	1	0.018518518518518517
839	5552	50	3	0	0	53	3	0.05660377358490566
8390	5451	54	2	0	0	56	2	0.03571428571428571
8391	5533	51	2	0	0	53	2	0.03773584905660377
8392	5512	55	1	0	0	56	1	0.017857142857142856
8393	5506	65	4	0	0	69	4	0.057971014492753624
8394	5527	57	3	0	0	60	3	0.05
8395	5543	54	1	0	0	55	1	0.01818181818181818
8396	5504	52	1	0	0	53	1	0.018867924528301886
8397	5516	49	4	0	0	53	4	0.07547169811320754
8398	5533	40	0	0	0	40	0	0
8399	5551	49	0	0	0	49	0	0
84	5508	63	1	0	0	64	1	0.015625
840	5542	62	0	0	0	62	0	0
8400	5547	72	1	0	0	73	1	0.0136986301369863
8401	5549	55	0	0	0	55	0	0
8402	5531	49	1	0	0	50	1	0.02
8403	5532	50	1	0	0	51	1	0.0196078431372549
8404	5544	55	2	0	0	57	2	0.03508771929824561
8405	5529	53	1	0	0	54	1	0.018518518518518517
8406	5535	53	3	0	0	56	3	0.05357142857142857
8407	5563	61	4	0	0	65	4	0.06153846153846154
8408	5548	48	3	0	0	51	3	0.058823529411764705
8409	5525	55	2	0	0	57	2	0.03508771929824561
841	5576	48	2	0	0	50	2	0.04
8410	5556	58	2	0	0	60	2	0.03333333333333333
8411	5556	61	3	0	0	64	3	0.046875
8412	5500	54	4	0	0	58	4	0.06896551724137931
8413	5520	47	1	0	0	48	1	0.020833333333333332
8414	5528	43	0	0	0	43	0	0
8415	5549	60	1	0	0	61	1	0.01639344262295082
8416	5496	58	2	0	0	60	2	0.03333333333333333
8417	5490	48	2	0	0	50	2	0.04
8418	5565	61	2	0	0	63	2	0.031746031746031744
8419	5512	43	1	0	0	44	1	0.022727272727272728
842	5559	55	2	0	0	57	2	0.03508771929824561
8420	5517	48	3	0	0	51	3	0.058823529411764705
8421	5533	51	1	0	0	52	1	0.019230769230769232
8422	5522	48	0	0	0	48	0	0
8423	5521	30	2	0	0	32	2	0.0625
8424	5527	37	3	0	0	40	3	0.075
8425	5548	51	4	0	0	55	4	0.07272727272727272
8426	5536	58	1	0	0	59	1	0.01694915254237288
8427	5566	45	0	0	0	45	0	0
8428	5512	45	2	0	0	47	2	0.0425531914893617
8429	5507	53	5	0	0	58	5	0.08620689655172414
843	5528	51	4	0	0	55	4	0.07272727272727272
8430	5563	50	1	0	0	51	1	0.0196078431372549
8431	5539	58	3	0	0	61	3	0.04918032786885246
8432	5521	59	1	0	0	60	1	0.016666666666666666
8433	5524	49	1	0	0	50	1	0.02
8434	5501	52	1	0	0	53	1	0.018867924528301886
8435	5541	71	1	0	0	72	1	0.013888888888888888
8436	5570	52	0	0	0	52	0	0
8437	5536	50	3	0	0	53	3	0.05660377358490566
8438	5527	50	1	0	0	51	1	0.0196078431372549
8439	5541	55	3	0	0	58	3	0.05172413793103448
844	5500	58	4	0	0	62	4	0.06451612903225806
8440	5583	66	2	0	0	68	2	0.029411764705882353
8441	5533	48	3	0	0	51	3	0.058823529411764705
8442	5533	51	0	0	0	51	0	0
8443	5521	43	2	0	0	45	2	0.044444444444444446
8444	5545	42	3	0	0	45	3	0.06666666666666667
8445	5532	46	1	0	0	47	1	0.02127659574468085
8446	5530	55	1	0	0	56	1	0.017857142857142856
8447	5557	47	0	0	0	47	0	0
8448	5518	62	0	0	0	62	0	0
8449	5550	57	2	0	0	59	2	0.03389830508474576
845	5531	59	2	0	0	61	2	0.03278688524590164
8450	5496	52	4	0	0	56	4	0.07142857142857142
8451	5564	56	2	0	0	58	2	0.034482758620689655
8452	5506	42	1	0	0	43	1	0.023255813953488372
8453	5540	48	2	0	0	50	2	0.04
8454	5572	56	4	0	0	60	4	0.06666666666666667
8455	5527	55	1	0	0	56	1	0.017857142857142856
8456	5511	51	2	0	0	53	2	0.03773584905660377
8457	5520	45	0	0	0	45	0	0
8458	5492	57	3	0	0	60	3	0.05
8459	5523	64	1	0	0	65	1	0.015384615384615385
846	5556	63	3	0	0	66	3	0.045454545454545456
8460	5526	61	3	0	0	64	3	0.046875
8461	5514	52	1	0	0	53	1	0.018867924528301886
8462	5530	52	4	0	0	56	4	0.07142857142857142
8463	5567	47	0	0	0	47	0	0
8464	5513	59	3	0	0	62	3	0.04838709677419355
8465	5570	37	2	0	0	39	2	0.05128205128205128
8466	5513	65	4	0	0	69	4	0.057971014492753624
8467	5556	53	0	0	0	53	0	0
8468	5500	63	2	0	0	65	2	0.03076923076923077
8469	5551	63	4	0	0	67	4	0.05970149253731343
847	5525	56	2	0	0	58	2	0.034482758620689655
8470	5531	66	2	1	0	69	3	0.043478260869565216
8471	5564	51	3	0	0	54	3	0.05555555555555555
8472	5565	54	4	0	0	58	4	0.06896551724137931
8473	5518	62	3	0	0	65	3	0.046153846153846156
8474	5520	48	1	0	0	49	1	0.02040816326530612
8475	5508	53	2	0	0	55	2	0.03636363636363636
8476	5529	52	2	0	0	54	2	0.037037037037037035
8477	5563	42	3	0	0	45	3	0.06666666666666667
8478	5522	49	0	0	0	49	0	0
8479	5520	54	1	0	0	55	1	0.01818181818181818
848	5536	56	3	0	0	59	3	0.05084745762711865
8480	5525	43	0	0	0	43	0	0
8481	5510	52	3	0	0	55	3	0.05454545454545454
8482	5488	55	2	0	0	57	2	0.03508771929824561
8483	5545	56	0	0	0	56	0	0
8484	5534	50	3	0	0	53	3	0.05660377358490566
8485	5509	52	1	0	0	53	1	0.018867924528301886
8486	5524	63	0	0	0	63	0	0
8487	5539	53	0	0	0	53	0	0
8488	5517	49	5	0	0	54	5	0.09259259259259259
8489	5498	53	1	0	0	54	1	0.018518518518518517
849	5537	44	1	0	0	45	1	0.022222222222222223
8490	5520	49	4	0	0	53	4	0.07547169811320754
8491	5541	53	2	0	0	55	2	0.03636363636363636
8492	5518	45	0	0	0	45	0	0
8493	5539	54	3	0	0	57	3	0.05263157894736842
8494	5525	54	1	0	0	55	1	0.01818181818181818
8495	5541	56	2	0	0	58	2	0.034482758620689655
8496	5561	59	0	0	0	59	0	0
8497	5551	52	1	0	0	53	1	0.018867924528301886
8498	5571	56	1	0	0	57	1	0.017543859649122806
8499	5539	45	1	0	0	46	1	0.021739130434782608
85	5530	45	0	0	0	45	0	0
850	5525	55	0	0	0	55	0	0
8500	5522	59	2	0	0	61	2	0.03278688524590164
8501	5512	58	3	0	0	61	3	0.04918032786885246
8502	5563	50	2	0	0	52	2	0.038461538461538464
8503	5530	65	2	0	0	67	2	0.029850746268656716
8504	5528	50	1	0	0	51	1	0.0196078431372549
8505	5516	67	0	0	0	67	0	0
8506	5492	59	1	0	0	60	1	0.016666666666666666
8507	5514	51	0	0	0	51	0	0
8508	5545	60	2	0	0	62	2	0.03225806451612903
8509	5551	54	4	0	0	58	4	0.06896551724137931
851	5510	64	3	0	0	67	3	0.04477611940298507
8510	5512	53	2	0	0	55	2	0.03636363636363636
8511	5526	55	1	0	0	56	1	0.017857142857142856
8512	5579	41	1	0	0	42	1	0.023809523809523808
8513	5541	46	1	0	0	47	1	0.02127659574468085
8514	5541	57	2	0	0	59	2	0.03389830508474576
8515	5556	57	1	0	0	58	1	0.017241379310344827
8516	5575	64	1	0	0	65	1	0.015384615384615385
8517	5550	51	2	0	0	53	2	0.03773584905660377
8518	5543	55	2	0	0	57	2	0.03508771929824561
8519	5514	50	1	0	0	51	1	0.0196078431372549
852	5526	55	0	0	0	55	0	0
8520	5518	59	0	0	0	59	0	0
8521	5510	57	1	1	0	59	2	0.03389830508474576
8522	5537	59	1	0	0	60	1	0.016666666666666666
8523	5501	54	2	0	0	56	2	0.03571428571428571
8524	5569	61	4	0	0	65	4	0.06153846153846154
8525	5535	54	0	0	0	54	0	0
8526	5502	46	6	0	0	52	6	0.11538461538461539
8527	5496	55	4	0	0	59	4	0.06779661016949153
8528	5578	60	2	0	0	62	2	0.03225806451612903
8529	5543	50	1	0	0	51	1	0.0196078431372549
853	5539	45	0	0	0	45	0	0
8530	5533	55	1	0	0	56	1	0.017857142857142856
8531	5535	55	1	0	0	56	1	0.017857142857142856
8532	5601	37	0	0	0	37	0	0
8533	5542	50	6	0	0	56	6	0.10714285714285714
8534	5494	53	2	0	0	55	2	0.03636363636363636
8535	5550	56	0	0	0	56	0	0
8536	5562	46	0	0	0	46	0	0
8537	5539	54	3	0	0	57	3	0.05263157894736842
8538	5574	53	0	0	0	53	0	0
8539	5543	46	3	0	0	49	3	0.061224489795918366
854	5502	43	4	0	0	47	4	0.0851063829787234
8540	5559	48	1	0	0	49	1	0.02040816326530612
8541	5525	58	0	0	0	58	0	0
8542	5578	57	4	0	0	61	4	0.06557377049180328
8543	5553	63	2	0	0	65	2	0.03076923076923077
8544	5522	61	1	0	0	62	1	0.016129032258064516
8545	5494	62	3	0	0	65	3	0.046153846153846156
8546	5513	48	3	0	0	51	3	0.058823529411764705
8547	5562	49	1	0	0	50	1	0.02
8548	5553	48	1	0	0	49	1	0.02040816326530612
8549	5505	52	2	0	0	54	2	0.037037037037037035
855	5540	53	1	0	0	54	1	0.018518518518518517
8550	5585	50	0	0	0	50	0	0
8551	5544	61	2	0	0	63	2	0.031746031746031744
8552	5535	52	2	0	0	54	2	0.037037037037037035
8553	5550	51	0	0	0	51	0	0
8554	5508	52	0	0	0	52	0	0
8555	5532	53	0	0	0	53	0	0
8556	5556	56	0	0	0	56	0	0
8557	5544	51	0	0	0	51	0	0
8558	5540	46	0	0	0	46	0	0
8559	5514	63	1	0	0	64	1	0.015625
856	5526	57	0	0	0	57	0	0
8560	5520	52	2	0	0	54	2	0.037037037037037035
8561	5534	58	0	0	0	58	0	0
8562	5521	72	3	0	0	75	3	0.04
8563	5507	50	1	0	0	51	1	0.0196078431372549
8564	5531	51	2	0	0	53	2	0.03773584905660377
8565	5559	51	2	0	0	53	2	0.03773584905660377
8566	5582	49	3	0	0	52	3	0.057692307692307696
8567	5575	52	0	0	0	52	0	0
8568	5519	56	0	0	0	56	0	0
8569	5556	59	0	0	0	59	0	0
857	5539	56	0	0	0	56	0	0
8570	5531	56	2	0	0	58	2	0.034482758620689655
8571	5524	61	3	0	0	64	3	0.046875
8572	5524	56	4	0	0	60	4	0.06666666666666667
8573	5543	64	2	0	0	66	2	0.030303030303030304
8574	5513	55	2	0	0	57	2	0.03508771929824561
8575	5536	46	3	0	0	49	3	0.061224489795918366
8576	5599	52	4	0	0	56	4	0.07142857142857142
8577	5520	56	1	0	0	57	1	0.017543859649122806
8578	5515	58	2	0	0	60	2	0.03333333333333333
8579	5564	47	3	0	0	50	3	0.06
858	5564	41	1	0	0	42	1	0.023809523809523808
8580	5509	53	0	0	0	53	0	0
8581	5560	53	2	0	0	55	2	0.03636363636363636
8582	5529	52	4	0	0	56	4	0.07142857142857142
8583	5497	62	3	0	0	65	3	0.046153846153846156
8584	5524	56	5	0	0	61	5	0.08196721311475409
8585	5508	53	3	0	0	56	3	0.05357142857142857
8586	5558	39	0	0	0	39	0	0
8587	5556	55	2	0	0	57	2	0.03508771929824561
8588	5544	53	2	0	0	55	2	0.03636363636363636
8589	5526	54	1	0	0	55	1	0.01818181818181818
859	5584	52	0	0	0	52	0	0
8590	5561	53	0	0	0	53	0	0
8591	5549	56	2	0	0	58	2	0.034482758620689655
8592	5573	55	2	0	0	57	2	0.03508771929824561
8593	5564	54	5	0	0	59	5	0.0847457627118644
8594	5538	64	4	0	0	68	4	0.058823529411764705
8595	5509	58	0	0	0	58	0	0
8596	5523	44	1	0	0	45	1	0.022222222222222223
8597	5580	58	3	0	0	61	3	0.04918032786885246
8598	5523	54	0	0	0	54	0	0
8599	5538	67	3	0	0	70	3	0.04285714285714286
86	5609	64	1	0	0	65	1	0.015384615384615385
860	5510	59	3	0	0	62	3	0.04838709677419355
8600	5502	66	2	0	0	68	2	0.029411764705882353
8601	5550	74	2	0	0	76	2	0.02631578947368421
8602	5528	62	0	0	0	62	0	0
8603	5527	54	1	1	0	56	2	0.03571428571428571
8604	5494	43	1	0	0	44	1	0.022727272727272728
8605	5515	58	2	0	0	60	2	0.03333333333333333
8606	5537	55	2	0	0	57	2	0.03508771929824561
8607	5504	51	0	0	0	51	0	0
8608	5535	60	1	0	0	61	1	0.01639344262295082
8609	5551	63	0	0	0	63	0	0
861	5534	54	1	0	0	55	1	0.01818181818181818
8610	5527	63	2	0	0	65	2	0.03076923076923077
8611	5546	46	3	0	0	49	3	0.061224489795918366
8612	5514	44	1	0	0	45	1	0.022222222222222223
8613	5553	49	0	0	0	49	0	0
8614	5511	53	1	0	0	54	1	0.018518518518518517
8615	5553	46	3	0	0	49	3	0.061224489795918366
8616	5504	45	1	0	0	46	1	0.021739130434782608
8617	5549	61	2	0	0	63	2	0.031746031746031744
8618	5551	49	4	0	0	53	4	0.07547169811320754
8619	5509	46	0	0	0	46	0	0
862	5523	55	4	0	0	59	4	0.06779661016949153
8620	5521	57	2	0	0	59	2	0.03389830508474576
8621	5531	56	2	0	0	58	2	0.034482758620689655
8622	5559	56	1	0	0	57	1	0.017543859649122806
8623	5535	52	0	0	0	52	0	0
8624	5570	52	1	0	0	53	1	0.018867924528301886
8625	5521	60	0	0	0	60	0	0
8626	5520	55	1	0	0	56	1	0.017857142857142856
8627	5532	62	1	0	0	63	1	0.015873015873015872
8628	5558	52	3	0	0	55	3	0.05454545454545454
8629	5536	57	1	0	0	58	1	0.017241379310344827
863	5508	62	2	0	0	64	2	0.03125
8630	5519	56	1	0	0	57	1	0.017543859649122806
8631	5557	52	1	0	0	53	1	0.018867924528301886
8632	5557	61	1	0	0	62	1	0.016129032258064516
8633	5532	56	6	0	0	62	6	0.0967741935483871
8634	5568	59	2	0	0	61	2	0.03278688524590164
8635	5530	43	4	0	0	47	4	0.0851063829787234
8636	5541	55	0	0	0	55	0	0
8637	5507	49	3	0	0	52	3	0.057692307692307696
8638	5525	54	0	0	0	54	0	0
8639	5560	44	2	0	0	46	2	0.043478260869565216
864	5517	61	1	0	0	62	1	0.016129032258064516
8640	5492	60	4	0	0	64	4	0.0625
8641	5564	46	1	0	0	47	1	0.02127659574468085
8642	5538	48	1	0	0	49	1	0.02040816326530612
8643	5536	56	1	0	0	57	1	0.017543859649122806
8644	5524	54	0	0	0	54	0	0
8645	5508	53	2	0	0	55	2	0.03636363636363636
8646	5563	60	0	0	0	60	0	0
8647	5500	52	4	0	0	56	4	0.07142857142857142
8648	5534	52	0	0	0	52	0	0
8649	5558	57	1	0	0	58	1	0.017241379310344827
865	5489	60	5	0	0	65	5	0.07692307692307693
8650	5523	51	2	0	0	53	2	0.03773584905660377
8651	5524	51	1	0	0	52	1	0.019230769230769232
8652	5523	41	1	0	0	42	1	0.023809523809523808
8653	5551	65	5	0	0	70	5	0.07142857142857142
8654	5536	61	5	0	0	66	5	0.07575757575757576
8655	5524	56	1	0	0	57	1	0.017543859649122806
8656	5538	54	5	0	0	59	5	0.0847457627118644
8657	5520	57	5	0	0	62	5	0.08064516129032258
8658	5525	53	2	0	0	55	2	0.03636363636363636
8659	5512	54	0	0	0	54	0	0
866	5512	67	3	0	0	70	3	0.04285714285714286
8660	5571	40	0	0	0	40	0	0
8661	5542	57	1	0	0	58	1	0.017241379310344827
8662	5530	57	2	0	0	59	2	0.03389830508474576
8663	5550	54	2	0	0	56	2	0.03571428571428571
8664	5562	57	1	0	0	58	1	0.017241379310344827
8665	5497	39	1	0	0	40	1	0.025
8666	5560	42	1	0	0	43	1	0.023255813953488372
8667	5530	56	0	0	0	56	0	0
8668	5506	64	1	0	0	65	1	0.015384615384615385
8669	5543	63	2	0	0	65	2	0.03076923076923077
867	5505	61	1	0	0	62	1	0.016129032258064516
8670	5514	44	1	0	0	45	1	0.022222222222222223
8671	5532	42	4	0	0	46	4	0.08695652173913043
8672	5531	62	2	0	0	64	2	0.03125
8673	5601	38	1	0	0	39	1	0.02564102564102564
8674	5548	58	3	0	0	61	3	0.04918032786885246
8675	5574	51	1	0	0	52	1	0.019230769230769232
8676	5524	57	3	0	0	60	3	0.05
8677	5540	56	3	0	0	59	3	0.05084745762711865
8678	5552	64	2	0	0	66	2	0.030303030303030304
8679	5550	59	5	0	0	64	5	0.078125
868	5546	60	5	0	0	65	5	0.07692307692307693
8680	5541	53	1	0	0	54	1	0.018518518518518517
8681	5543	69	2	0	0	71	2	0.028169014084507043
8682	5546	61	7	0	0	68	7	0.10294117647058823
8683	5532	37	5	0	0	42	5	0.11904761904761904
8684	5534	67	3	0	0	70	3	0.04285714285714286
8685	5535	54	0	0	0	54	0	0
8686	5568	48	3	0	0	51	3	0.058823529411764705
8687	5507	53	3	0	0	56	3	0.05357142857142857
8688	5518	58	3	0	0	61	3	0.04918032786885246
8689	5537	58	0	0	0	58	0	0
869	5530	48	3	0	0	51	3	0.058823529411764705
8690	5532	72	0	0	0	72	0	0
8691	5560	54	1	0	0	55	1	0.01818181818181818
8692	5561	68	3	0	0	71	3	0.04225352112676056
8693	5520	56	3	0	0	59	3	0.05084745762711865
8694	5517	57	0	0	0	57	0	0
8695	5548	51	0	0	0	51	0	0
8696	5541	48	3	0	0	51	3	0.058823529411764705
8697	5531	53	0	0	0	53	0	0
8698	5526	65	4	1	0	70	5	0.07142857142857142
8699	5520	66	4	0	0	70	4	0.05714285714285714
87	5516	46	2	0	0	48	2	0.041666666666666664
870	5490	64	3	0	0	67	3	0.04477611940298507
8700	5558	52	1	0	0	53	1	0.018867924528301886
8701	5557	33	1	0	0	34	1	0.029411764705882353
8702	5542	51	3	0	0	54	3	0.05555555555555555
8703	5507	56	4	0	0	60	4	0.06666666666666667
8704	5494	49	2	0	0	51	2	0.0392156862745098
8705	5532	47	3	0	0	50	3	0.06
8706	5519	54	1	0	0	55	1	0.01818181818181818
8707	5532	54	2	0	0	56	2	0.03571428571428571
8708	5539	66	3	0	0	69	3	0.043478260869565216
8709	5514	52	2	0	0	54	2	0.037037037037037035
871	5544	62	2	0	0	64	2	0.03125
8710	5532	58	5	0	0	63	5	0.07936507936507936
8711	5526	44	1	0	0	45	1	0.022222222222222223
8712	5508	47	1	0	0	48	1	0.020833333333333332
8713	5535	58	3	0	0	61	3	0.04918032786885246
8714	5498	61	2	0	0	63	2	0.031746031746031744
8715	5573	51	0	0	0	51	0	0
8716	5545	60	4	0	0	64	4	0.0625
8717	5525	70	0	0	0	70	0	0
8718	5518	59	1	0	0	60	1	0.016666666666666666
8719	5523	47	2	0	0	49	2	0.04081632653061224
872	5536	53	1	0	0	54	1	0.018518518518518517
8720	5534	55	2	0	0	57	2	0.03508771929824561
8721	5557	32	2	0	0	34	2	0.058823529411764705
8722	5525	62	3	0	0	65	3	0.046153846153846156
8723	5554	67	1	0	0	68	1	0.014705882352941176
8724	5540	49	3	0	0	52	3	0.057692307692307696
8725	5516	46	0	0	0	46	0	0
8726	5547	53	2	0	0	55	2	0.03636363636363636
8727	5545	60	0	0	0	60	0	0
8728	5514	57	3	0	0	60	3	0.05
8729	5510	46	1	0	0	47	1	0.02127659574468085
873	5512	62	2	1	0	65	3	0.046153846153846156
8730	5539	48	3	1	0	52	4	0.07692307692307693
8731	5531	59	2	0	0	61	2	0.03278688524590164
8732	5507	56	3	0	0	59	3	0.05084745762711865
8733	5528	50	1	0	0	51	1	0.0196078431372549
8734	5546	54	3	0	0	57	3	0.05263157894736842
8735	5490	48	3	0	0	51	3	0.058823529411764705
8736	5548	48	1	0	0	49	1	0.02040816326530612
8737	5513	59	0	0	0	59	0	0
8738	5549	57	1	0	0	58	1	0.017241379310344827
8739	5513	53	2	0	0	55	2	0.03636363636363636
874	5546	54	3	0	0	57	3	0.05263157894736842
8740	5515	48	0	0	0	48	0	0
8741	5485	64	5	0	0	69	5	0.07246376811594203
8742	5530	52	4	0	0	56	4	0.07142857142857142
8743	5514	44	2	0	0	46	2	0.043478260869565216
8744	5569	44	2	0	0	46	2	0.043478260869565216
8745	5550	54	1	0	0	55	1	0.01818181818181818
8746	5530	52	1	0	0	53	1	0.018867924528301886
8747	5538	57	0	0	0	57	0	0
8748	5567	70	2	0	0	72	2	0.027777777777777776
8749	5513	59	2	0	0	61	2	0.03278688524590164
875	5536	50	0	0	0	50	0	0
8750	5522	69	1	0	0	70	1	0.014285714285714285
8751	5576	63	1	0	0	64	1	0.015625
8752	5566	45	2	0	0	47	2	0.0425531914893617
8753	5498	54	0	0	0	54	0	0
8754	5551	54	2	1	0	57	3	0.05263157894736842
8755	5568	60	0	0	0	60	0	0
8756	5580	43	3	0	0	46	3	0.06521739130434782
8757	5533	60	4	0	0	64	4	0.0625
8758	5542	58	1	0	0	59	1	0.01694915254237288
8759	5557	64	2	0	0	66	2	0.030303030303030304
876	5529	47	5	0	0	52	5	0.09615384615384616
8760	5526	57	2	0	0	59	2	0.03389830508474576
8761	5533	50	1	0	0	51	1	0.0196078431372549
8762	5525	44	0	0	0	44	0	0
8763	5560	46	2	0	0	48	2	0.041666666666666664
8764	5541	54	2	0	0	56	2	0.03571428571428571
8765	5545	49	2	0	0	51	2	0.0392156862745098
8766	5534	48	2	0	0	50	2	0.04
8767	5512	53	2	0	0	55	2	0.03636363636363636
8768	5523	44	2	0	0	46	2	0.043478260869565216
8769	5499	51	1	0	0	52	1	0.019230769230769232
877	5575	42	2	0	0	44	2	0.045454545454545456
8770	5520	39	1	0	0	40	1	0.025
8771	5521	48	1	0	0	49	1	0.02040816326530612
8772	5588	65	0	0	0	65	0	0
8773	5494	61	0	0	0	61	0	0
8774	5537	63	2	1	0	66	3	0.045454545454545456
8775	5524	62	5	0	0	67	5	0.07462686567164178
8776	5500	69	1	0	0	70	1	0.014285714285714285
8777	5500	53	2	0	0	55	2	0.03636363636363636
8778	5572	44	1	0	0	45	1	0.022222222222222223
8779	5487	53	0	0	0	53	0	0
878	5523	56	2	0	0	58	2	0.034482758620689655
8780	5504	54	3	0	0	57	3	0.05263157894736842
8781	5578	54	0	0	0	54	0	0
8782	5543	55	0	0	0	55	0	0
8783	5506	63	0	0	0	63	0	0
8784	5550	45	2	0	0	47	2	0.0425531914893617
8785	5549	53	0	0	0	53	0	0
8786	5560	45	3	0	0	48	3	0.0625
8787	5494	50	3	0	0	53	3	0.05660377358490566
8788	5520	59	4	0	0	63	4	0.06349206349206349
8789	5537	47	2	0	0	49	2	0.04081632653061224
879	5527	56	0	0	0	56	0	0
8790	5545	63	2	0	0	65	2	0.03076923076923077
8791	5559	43	3	0	0	46	3	0.06521739130434782
8792	5535	47	3	0	0	50	3	0.06
8793	5548	51	1	0	0	52	1	0.019230769230769232
8794	5563	57	2	0	0	59	2	0.03389830508474576
8795	5511	60	1	0	0	61	1	0.01639344262295082
8796	5530	55	1	0	0	56	1	0.017857142857142856
8797	5529	46	2	0	0	48	2	0.041666666666666664
8798	5536	66	3	0	0	69	3	0.043478260869565216
8799	5550	62	3	0	0	65	3	0.046153846153846156
88	5510	43	5	0	0	48	5	0.10416666666666667
880	5568	53	2	0	0	55	2	0.03636363636363636
8800	5539	51	1	0	0	52	1	0.019230769230769232
8801	5554	51	0	0	0	51	0	0
8802	5517	65	2	0	0	67	2	0.029850746268656716
8803	5545	65	6	0	0	71	6	0.08450704225352113
8804	5570	54	0	0	0	54	0	0
8805	5525	59	1	0	0	60	1	0.016666666666666666
8806	5536	58	2	1	0	61	3	0.04918032786885246
8807	5528	61	1	0	0	62	1	0.016129032258064516
8808	5543	57	0	0	0	57	0	0
8809	5541	57	3	0	0	60	3	0.05
881	5517	56	0	0	0	56	0	0
8810	5564	53	1	0	0	54	1	0.018518518518518517
8811	5546	66	2	0	0	68	2	0.029411764705882353
8812	5513	39	1	0	0	40	1	0.025
8813	5529	50	1	0	0	51	1	0.0196078431372549
8814	5545	46	0	0	0	46	0	0
8815	5535	60	2	0	0	62	2	0.03225806451612903
8816	5535	62	1	1	0	64	2	0.03125
8817	5534	52	2	0	0	54	2	0.037037037037037035
8818	5564	45	1	0	0	46	1	0.021739130434782608
8819	5553	53	1	0	0	54	1	0.018518518518518517
882	5530	57	2	0	0	59	2	0.03389830508474576
8820	5507	43	0	0	0	43	0	0
8821	5525	65	0	0	0	65	0	0
8822	5552	50	4	0	0	54	4	0.07407407407407407
8823	5533	69	0	0	0	69	0	0
8824	5540	49	2	0	0	51	2	0.0392156862745098
8825	5523	57	1	0	0	58	1	0.017241379310344827
8826	5517	67	3	0	0	70	3	0.04285714285714286
8827	5543	55	2	0	0	57	2	0.03508771929824561
8828	5529	54	0	1	0	55	1	0.01818181818181818
8829	5585	58	2	0	0	60	2	0.03333333333333333
883	5546	57	3	0	0	60	3	0.05
8830	5543	45	3	0	0	48	3	0.0625
8831	5544	56	1	0	0	57	1	0.017543859649122806
8832	5539	49	1	0	0	50	1	0.02
8833	5487	59	3	0	0	62	3	0.04838709677419355
8834	5516	56	2	0	0	58	2	0.034482758620689655
8835	5482	49	2	0	0	51	2	0.0392156862745098
8836	5529	53	3	0	0	56	3	0.05357142857142857
8837	5547	54	1	1	0	56	2	0.03571428571428571
8838	5546	50	2	0	0	52	2	0.038461538461538464
8839	5542	54	2	0	0	56	2	0.03571428571428571
884	5526	56	0	0	0	56	0	0
8840	5555	56	4	0	0	60	4	0.06666666666666667
8841	5497	62	1	0	0	63	1	0.015873015873015872
8842	5524	67	3	0	0	70	3	0.04285714285714286
8843	5543	46	2	1	0	49	3	0.061224489795918366
8844	5559	36	2	0	0	38	2	0.05263157894736842
8845	5515	55	4	0	0	59	4	0.06779661016949153
8846	5554	53	2	0	0	55	2	0.03636363636363636
8847	5534	64	1	0	0	65	1	0.015384615384615385
8848	5547	48	0	0	0	48	0	0
8849	5567	50	2	0	0	52	2	0.038461538461538464
885	5528	53	1	1	0	55	2	0.03636363636363636
8850	5502	53	2	0	0	55	2	0.03636363636363636
8851	5566	46	3	0	0	49	3	0.061224489795918366
8852	5579	57	3	0	0	60	3	0.05
8853	5535	48	1	0	0	49	1	0.02040816326530612
8854	5530	47	0	0	0	47	0	0
8855	5512	52	1	0	0	53	1	0.018867924528301886
8856	5510	78	2	0	0	80	2	0.025
8857	5541	67	0	0	0	67	0	0
8858	5530	49	0	0	0	49	0	0
8859	5516	48	4	0	0	52	4	0.07692307692307693
886	5552	57	0	0	0	57	0	0
8860	5518	44	2	0	0	46	2	0.043478260869565216
8861	5551	60	3	0	0	63	3	0.047619047619047616
8862	5522	58	2	0	0	60	2	0.03333333333333333
8863	5536	57	4	0	0	61	4	0.06557377049180328
8864	5524	69	1	0	0	70	1	0.014285714285714285
8865	5570	50	4	0	0	54	4	0.07407407407407407
8866	5521	63	4	0	0	67	4	0.05970149253731343
8867	5549	61	1	0	0	62	1	0.016129032258064516
8868	5496	48	2	0	0	50	2	0.04
8869	5507	61	1	0	0	62	1	0.016129032258064516
887	5542	55	2	0	0	57	2	0.03508771929824561
8870	5517	57	1	0	0	58	1	0.017241379310344827
8871	5558	39	0	0	0	39	0	0
8872	5522	64	4	0	0	68	4	0.058823529411764705
8873	5554	47	2	0	0	49	2	0.04081632653061224
8874	5523	57	3	0	0	60	3	0.05
8875	5513	53	0	0	0	53	0	0
8876	5560	57	0	0	0	57	0	0
8877	5547	53	1	0	0	54	1	0.018518518518518517
8878	5539	53	2	0	0	55	2	0.03636363636363636
8879	5506	57	3	0	0	60	3	0.05
888	5531	53	0	0	0	53	0	0
8880	5538	63	2	0	0	65	2	0.03076923076923077
8881	5538	57	2	0	0	59	2	0.03389830508474576
8882	5521	47	5	0	0	52	5	0.09615384615384616
8883	5519	55	1	0	0	56	1	0.017857142857142856
8884	5529	62	2	0	0	64	2	0.03125
8885	5548	54	1	0	0	55	1	0.01818181818181818
8886	5499	46	1	0	0	47	1	0.02127659574468085
8887	5509	52	0	0	0	52	0	0
8888	5519	54	0	0	0	54	0	0
8889	5570	54	5	0	0	59	5	0.0847457627118644
889	5541	48	0	0	0	48	0	0
8890	5532	54	1	0	0	55	1	0.01818181818181818
8891	5539	70	0	0	0	70	0	0
8892	5581	51	1	0	0	52	1	0.019230769230769232
8893	5521	56	4	0	0	60	4	0.06666666666666667
8894	5537	54	2	0	0	56	2	0.03571428571428571
8895	5551	55	2	0	0	57	2	0.03508771929824561
8896	5536	64	1	0	0	65	1	0.015384615384615385
8897	5525	60	0	0	0	60	0	0
8898	5543	55	1	0	0	56	1	0.017857142857142856
8899	5529	40	1	0	0	41	1	0.024390243902439025
89	5493	56	4	0	0	60	4	0.06666666666666667
890	5522	39	1	0	0	40	1	0.025
8900	5509	35	1	0	0	36	1	0.027777777777777776
8901	5561	56	1	0	0	57	1	0.017543859649122806
8902	5524	55	2	0	0	57	2	0.03508771929824561
8903	5507	56	1	0	0	57	1	0.017543859649122806
8904	5538	58	3	0	0	61	3	0.04918032786885246
8905	5512	66	1	0	0	67	1	0.014925373134328358
8906	5532	51	1	0	0	52	1	0.019230769230769232
8907	5538	49	1	1	0	51	2	0.0392156862745098
8908	5563	53	1	0	0	54	1	0.018518518518518517
8909	5545	49	2	0	0	51	2	0.0392156862745098
891	5525	52	0	0	0	52	0	0
8910	5557	42	1	0	0	43	1	0.023255813953488372
8911	5534	48	1	0	0	49	1	0.02040816326530612
8912	5502	43	2	0	0	45	2	0.044444444444444446
8913	5564	49	2	1	0	52	3	0.057692307692307696
8914	5557	71	1	0	0	72	1	0.013888888888888888
8915	5532	57	4	0	0	61	4	0.06557377049180328
8916	5530	61	2	0	0	63	2	0.031746031746031744
8917	5539	48	2	0	0	50	2	0.04
8918	5509	64	2	0	0	66	2	0.030303030303030304
8919	5479	56	3	0	0	59	3	0.05084745762711865
892	5501	62	2	0	0	64	2	0.03125
8920	5538	50	1	0	0	51	1	0.0196078431372549
8921	5532	53	2	0	0	55	2	0.03636363636363636
8922	5529	62	3	0	0	65	3	0.046153846153846156
8923	5533	57	0	0	0	57	0	0
8924	5540	46	0	0	0	46	0	0
8925	5526	58	1	0	0	59	1	0.01694915254237288
8926	5482	64	0	0	0	64	0	0
8927	5527	59	0	0	0	59	0	0
8928	5524	60	3	0	0	63	3	0.047619047619047616
8929	5521	55	2	0	0	57	2	0.03508771929824561
893	5537	61	1	0	0	62	1	0.016129032258064516
8930	5536	45	1	0	0	46	1	0.021739130434782608
8931	5519	58	2	0	0	60	2	0.03333333333333333
8932	5558	58	2	0	0	60	2	0.03333333333333333
8933	5538	58	0	0	0	58	0	0
8934	5566	59	3	0	0	62	3	0.04838709677419355
8935	5554	69	2	0	0	71	2	0.028169014084507043
8936	5521	64	0	0	0	64	0	0
8937	5533	67	0	0	0	67	0	0
8938	5561	45	0	0	0	45	0	0
8939	5556	43	2	0	0	45	2	0.044444444444444446
894	5530	79	0	0	0	79	0	0
8940	5540	51	1	0	0	52	1	0.019230769230769232
8941	5525	57	0	0	0	57	0	0
8942	5557	43	2	0	0	45	2	0.044444444444444446
8943	5559	40	2	0	0	42	2	0.047619047619047616
8944	5480	68	3	0	0	71	3	0.04225352112676056
8945	5529	58	1	0	0	59	1	0.01694915254237288
8946	5505	54	1	0	0	55	1	0.01818181818181818
8947	5523	50	5	0	0	55	5	0.09090909090909091
8948	5524	63	2	0	0	65	2	0.03076923076923077
8949	5545	57	5	0	0	62	5	0.08064516129032258
895	5494	51	2	0	0	53	2	0.03773584905660377
8950	5541	39	1	0	0	40	1	0.025
8951	5572	53	2	0	0	55	2	0.03636363636363636
8952	5515	47	2	0	0	49	2	0.04081632653061224
8953	5529	45	2	0	0	47	2	0.0425531914893617
8954	5512	62	3	0	0	65	3	0.046153846153846156
8955	5526	50	2	0	0	52	2	0.038461538461538464
8956	5582	58	1	0	0	59	1	0.01694915254237288
8957	5551	42	1	0	0	43	1	0.023255813953488372
8958	5528	54	2	0	0	56	2	0.03571428571428571
8959	5552	60	3	0	0	63	3	0.047619047619047616
896	5525	54	3	0	0	57	3	0.05263157894736842
8960	5533	61	3	0	0	64	3	0.046875
8961	5492	56	1	0	0	57	1	0.017543859649122806
8962	5533	50	4	0	0	54	4	0.07407407407407407
8963	5510	51	1	0	0	52	1	0.019230769230769232
8964	5552	52	0	0	0	52	0	0
8965	5581	59	4	0	0	63	4	0.06349206349206349
8966	5550	62	1	0	0	63	1	0.015873015873015872
8967	5504	48	3	0	0	51	3	0.058823529411764705
8968	5550	45	1	0	0	46	1	0.021739130434782608
8969	5499	43	4	0	0	47	4	0.0851063829787234
897	5525	54	2	0	0	56	2	0.03571428571428571
8970	5527	56	1	0	0	57	1	0.017543859649122806
8971	5539	46	1	0	0	47	1	0.02127659574468085
8972	5546	50	1	1	0	52	2	0.038461538461538464
8973	5555	65	0	0	0	65	0	0
8974	5546	69	1	0	0	70	1	0.014285714285714285
8975	5532	58	2	0	0	60	2	0.03333333333333333
8976	5529	57	2	0	0	59	2	0.03389830508474576
8977	5531	63	3	0	0	66	3	0.045454545454545456
8978	5521	61	3	0	0	64	3	0.046875
8979	5577	52	5	0	0	57	5	0.08771929824561403
898	5566	47	1	0	0	48	1	0.020833333333333332
8980	5539	56	2	0	0	58	2	0.034482758620689655
8981	5539	52	3	0	0	55	3	0.05454545454545454
8982	5557	55	2	0	0	57	2	0.03508771929824561
8983	5501	63	0	0	0	63	0	0
8984	5571	44	3	0	0	47	3	0.06382978723404255
8985	5537	54	1	0	0	55	1	0.01818181818181818
8986	5548	51	0	0	0	51	0	0
8987	5516	40	2	0	0	42	2	0.047619047619047616
8988	5521	61	1	0	0	62	1	0.016129032258064516
8989	5576	53	3	0	0	56	3	0.05357142857142857
899	5477	60	2	0	0	62	2	0.03225806451612903
8990	5545	56	0	0	0	56	0	0
8991	5540	74	1	0	0	75	1	0.013333333333333334
8992	5506	53	3	0	0	56	3	0.05357142857142857
8993	5571	53	2	0	0	55	2	0.03636363636363636
8994	5510	51	2	0	0	53	2	0.03773584905660377
8995	5540	43	2	0	0	45	2	0.044444444444444446
8996	5554	60	2	0	0	62	2	0.03225806451612903
8997	5478	67	3	0	0	70	3	0.04285714285714286
8998	5511	46	3	0	0	49	3	0.061224489795918366
8999	5544	56	1	0	0	57	1	0.017543859649122806
9	5536	61	2	0	0	63	2	0.031746031746031744
90	5560	51	0	0	0	51	0	0
900	5561	51	2	0	0	53	2	0.03773584905660377
9000	5576	66	1	0	0	67	1	0.014925373134328358
9001	5528	52	3	0	0	55	3	0.05454545454545454
9002	5547	52	2	0	0	54	2	0.037037037037037035
9003	5548	63	1	0	0	64	1	0.015625
9004	5535	62	1	0	0	63	1	0.015873015873015872
9005	5529	50	1	0	0	51	1	0.0196078431372549
9006	5534	51	0	0	0	51	0	0
9007	5539	55	1	0	0	56	1	0.017857142857142856
9008	5499	53	2	0	0	55	2	0.03636363636363636
9009	5507	62	0	0	0	62	0	0
901	5542	53	3	0	0	56	3	0.05357142857142857
9010	5500	51	3	0	0	54	3	0.05555555555555555
9011	5526	61	2	0	0	63	2	0.031746031746031744
9012	5544	48	1	0	0	49	1	0.02040816326530612
9013	5559	60	2	0	0	62	2	0.03225806451612903
9014	5559	56	1	1	0	58	2	0.034482758620689655
9015	5515	62	6	0	0	68	6	0.08823529411764706
9016	5534	54	1	0	0	55	1	0.01818181818181818
9017	5523	66	3	0	0	69	3	0.043478260869565216
9018	5543	63	0	0	0	63	0	0
9019	5536	48	1	0	0	49	1	0.02040816326530612
902	5549	62	2	0	0	64	2	0.03125
9020	5532	51	0	0	0	51	0	0
9021	5544	57	4	0	0	61	4	0.06557377049180328
9022	5555	57	3	0	0	60	3	0.05
9023	5544	57	1	0	0	58	1	0.017241379310344827
9024	5526	56	0	0	0	56	0	0
9025	5548	52	0	0	0	52	0	0
9026	5539	49	3	0	0	52	3	0.057692307692307696
9027	5534	51	4	0	0	55	4	0.07272727272727272
9028	5533	46	2	0	0	48	2	0.041666666666666664
9029	5514	55	1	0	0	56	1	0.017857142857142856
903	5520	59	0	0	0	59	0	0
9030	5528	39	3	0	0	42	3	0.07142857142857142
9031	5528	52	0	0	0	52	0	0
9032	5570	52	2	0	0	54	2	0.037037037037037035
9033	5580	56	1	0	0	57	1	0.017543859649122806
9034	5568	52	1	0	0	53	1	0.018867924528301886
9035	5540	53	2	0	0	55	2	0.03636363636363636
9036	5502	64	1	0	0	65	1	0.015384615384615385
9037	5561	44	2	0	0	46	2	0.043478260869565216
9038	5528	58	3	0	0	61	3	0.04918032786885246
9039	5510	54	0	0	0	54	0	0
904	5541	61	2	0	0	63	2	0.031746031746031744
9040	5515	48	2	0	0	50	2	0.04
9041	5491	47	1	0	0	48	1	0.020833333333333332
9042	5523	66	0	0	0	66	0	0
9043	5518	59	4	0	0	63	4	0.06349206349206349
9044	5552	52	2	0	0	54	2	0.037037037037037035
9045	5540	41	0	0	0	41	0	0
9046	5576	53	4	0	0	57	4	0.07017543859649122
9047	5547	46	1	0	0	47	1	0.02127659574468085
9048	5570	54	2	0	0	56	2	0.03571428571428571
9049	5536	52	2	0	0	54	2	0.037037037037037035
905	5483	50	3	0	0	53	3	0.05660377358490566
9050	5574	63	0	0	0	63	0	0
9051	5536	52	1	0	0	53	1	0.018867924528301886
9052	5539	44	7	0	0	51	7	0.13725490196078433
9053	5557	58	1	1	0	60	2	0.03333333333333333
9054	5530	56	1	0	0	57	1	0.017543859649122806
9055	5548	46	1	0	0	47	1	0.02127659574468085
9056	5529	44	3	0	0	47	3	0.06382978723404255
9057	5511	62	4	0	0	66	4	0.06060606060606061
9058	5562	53	2	0	0	55	2	0.03636363636363636
9059	5515	55	0	0	0	55	0	0
906	5545	51	1	0	0	52	1	0.019230769230769232
9060	5560	44	2	0	0	46	2	0.043478260869565216
9061	5486	48	4	0	0	52	4	0.07692307692307693
9062	5503	53	4	0	0	57	4	0.07017543859649122
9063	5542	48	2	0	0	50	2	0.04
9064	5518	66	0	0	0	66	0	0
9065	5546	64	1	0	0	65	1	0.015384615384615385
9066	5504	55	1	0	0	56	1	0.017857142857142856
9067	5539	59	2	0	0	61	2	0.03278688524590164
9068	5533	49	1	0	0	50	1	0.02
9069	5495	56	2	0	0	58	2	0.034482758620689655
907	5525	44	3	0	0	47	3	0.06382978723404255
9070	5578	47	5	0	0	52	5	0.09615384615384616
9071	5554	48	0	0	0	48	0	0
9072	5508	56	3	0	0	59	3	0.05084745762711865
9073	5501	45	3	0	0	48	3	0.0625
9074	5542	54	2	0	0	56	2	0.03571428571428571
9075	5501	50	3	0	0	53	3	0.05660377358490566
9076	5534	55	0	0	0	55	0	0
9077	5520	47	1	0	0	48	1	0.020833333333333332
9078	5519	55	1	0	0	56	1	0.017857142857142856
9079	5524	59	0	0	0	59	0	0
908	5533	48	2	0	0	50	2	0.04
9080	5518	48	3	0	0	51	3	0.058823529411764705
9081	5543	66	1	0	0	67	1	0.014925373134328358
9082	5522	54	1	0	0	55	1	0.01818181818181818
9083	5539	56	1	0	0	57	1	0.017543859649122806
9084	5568	42	2	0	0	44	2	0.045454545454545456
9085	5541	48	1	0	0	49	1	0.02040816326530612
9086	5544	51	2	0	0	53	2	0.03773584905660377
9087	5486	45	2	0	0	47	2	0.0425531914893617
9088	5522	45	2	0	0	47	2	0.0425531914893617
9089	5525	52	1	0	0	53	1	0.018867924528301886
909	5541	49	2	0	0	51	2	0.0392156862745098
9090	5513	55	1	0	0	56	1	0.017857142857142856
9091	5528	42	2	0	0	44	2	0.045454545454545456
9092	5537	46	1	0	0	47	1	0.02127659574468085
9093	5545	58	0	0	0	58	0	0
9094	5559	60	1	0	0	61	1	0.01639344262295082
9095	5535	62	2	0	0	64	2	0.03125
9096	5568	46	2	0	0	48	2	0.041666666666666664
9097	5503	62	1	0	0	63	1	0.015873015873015872
9098	5536	53	0	0	0	53	0	0
9099	5566	55	2	0	0	57	2	0.03508771929824561
91	5506	53	0	0	0	53	0	0
910	5528	53	2	0	0	55	2	0.03636363636363636
9100	5521	57	2	0	0	59	2	0.03389830508474576
9101	5528	49	1	0	0	50	1	0.02
9102	5501	57	1	0	0	58	1	0.017241379310344827
9103	5538	55	2	0	0	57	2	0.03508771929824561
9104	5542	47	2	0	0	49	2	0.04081632653061224
9105	5543	42	4	0	0	46	4	0.08695652173913043
9106	5539	58	2	0	0	60	2	0.03333333333333333
9107	5560	54	0	0	0	54	0	0
9108	5521	49	2	0	0	51	2	0.0392156862745098
9109	5526	55	1	0	0	56	1	0.017857142857142856
911	5527	60	3	0	0	63	3	0.047619047619047616
9110	5556	50	2	0	0	52	2	0.038461538461538464
9111	5532	63	2	0	0	65	2	0.03076923076923077
9112	5536	59	1	0	0	60	1	0.016666666666666666
9113	5548	55	1	0	0	56	1	0.017857142857142856
9114	5492	56	4	0	0	60	4	0.06666666666666667
9115	5530	59	0	0	0	59	0	0
9116	5566	61	1	0	0	62	1	0.016129032258064516
9117	5562	63	3	0	0	66	3	0.045454545454545456
9118	5565	42	4	0	0	46	4	0.08695652173913043
9119	5554	50	3	0	0	53	3	0.05660377358490566
912	5509	57	1	0	0	58	1	0.017241379310344827
9120	5539	55	1	0	0	56	1	0.017857142857142856
9121	5525	52	1	0	0	53	1	0.018867924528301886
9122	5589	50	0	0	0	50	0	0
9123	5510	55	1	0	0	56	1	0.017857142857142856
9124	5547	49	2	0	0	51	2	0.0392156862745098
9125	5551	50	1	0	0	51	1	0.0196078431372549
9126	5578	58	1	0	0	59	1	0.01694915254237288
9127	5519	54	3	0	0	57	3	0.05263157894736842
9128	5546	60	2	0	0	62	2	0.03225806451612903
9129	5533	49	3	0	0	52	3	0.057692307692307696
913	5546	66	3	0	0	69	3	0.043478260869565216
9130	5547	54	1	0	0	55	1	0.01818181818181818
9131	5527	63	1	0	0	64	1	0.015625
9132	5561	55	1	0	0	56	1	0.017857142857142856
9133	5526	58	1	0	0	59	1	0.01694915254237288
9134	5595	47	2	0	0	49	2	0.04081632653061224
9135	5552	45	1	0	0	46	1	0.021739130434782608
9136	5544	52	3	0	0	55	3	0.05454545454545454
9137	5550	67	2	0	0	69	2	0.028985507246376812
9138	5573	67	1	0	0	68	1	0.014705882352941176
9139	5532	59	2	0	0	61	2	0.03278688524590164
914	5502	53	1	0	0	54	1	0.018518518518518517
9140	5524	48	2	0	0	50	2	0.04
9141	5536	55	2	0	0	57	2	0.03508771929824561
9142	5536	53	3	0	0	56	3	0.05357142857142857
9143	5529	58	3	0	0	61	3	0.04918032786885246
9144	5529	49	1	0	0	50	1	0.02
9145	5503	42	3	0	0	45	3	0.06666666666666667
9146	5523	47	2	0	0	49	2	0.04081632653061224
9147	5550	54	1	0	0	55	1	0.01818181818181818
9148	5544	61	1	0	0	62	1	0.016129032258064516
9149	5525	60	1	0	0	61	1	0.01639344262295082
915	5544	61	3	0	0	64	3	0.046875
9150	5509	62	2	0	0	64	2	0.03125
9151	5506	61	1	0	0	62	1	0.016129032258064516
9152	5504	52	2	0	0	54	2	0.037037037037037035
9153	5560	51	0	0	0	51	0	0
9154	5515	66	0	0	0	66	0	0
9155	5521	61	3	0	0	64	3	0.046875
9156	5523	61	2	0	0	63	2	0.031746031746031744
9157	5548	48	0	0	0	48	0	0
9158	5539	64	0	0	0	64	0	0
9159	5537	41	1	0	0	42	1	0.023809523809523808
916	5536	46	0	0	0	46	0	0
9160	5528	50	2	0	0	52	2	0.038461538461538464
9161	5506	59	2	0	0	61	2	0.03278688524590164
9162	5550	44	2	0	0	46	2	0.043478260869565216
9163	5556	59	2	0	0	61	2	0.03278688524590164
9164	5547	58	3	0	0	61	3	0.04918032786885246
9165	5511	52	0	0	0	52	0	0
9166	5530	49	1	0	0	50	1	0.02
9167	5495	59	1	1	0	61	2	0.03278688524590164
9168	5497	59	0	0	0	59	0	0
9169	5537	65	4	0	0	69	4	0.057971014492753624
917	5495	63	4	0	0	67	4	0.05970149253731343
9170	5542	54	2	0	0	56	2	0.03571428571428571
9171	5546	54	1	0	0	55	1	0.01818181818181818
9172	5541	43	2	0	0	45	2	0.044444444444444446
9173	5524	54	0	0	0	54	0	0
9174	5533	55	2	0	0	57	2	0.03508771929824561
9175	5528	58	3	0	0	61	3	0.04918032786885246
9176	5547	58	3	0	0	61	3	0.04918032786885246
9177	5552	51	1	0	0	52	1	0.019230769230769232
9178	5537	54	2	0	0	56	2	0.03571428571428571
9179	5553	52	2	0	0	54	2	0.037037037037037035
918	5537	44	1	0	0	45	1	0.022222222222222223
9180	5490	52	2	0	0	54	2	0.037037037037037035
9181	5558	55	4	1	0	60	5	0.08333333333333333
9182	5549	57	1	0	0	58	1	0.017241379310344827
9183	5549	57	1	0	0	58	1	0.017241379310344827
9184	5566	38	2	0	0	40	2	0.05
9185	5522	57	1	0	0	58	1	0.017241379310344827
9186	5601	52	1	0	0	53	1	0.018867924528301886
9187	5538	74	2	0	0	76	2	0.02631578947368421
9188	5531	50	2	0	0	52	2	0.038461538461538464
9189	5529	47	2	0	0	49	2	0.04081632653061224
919	5538	54	3	0	0	57	3	0.05263157894736842
9190	5523	52	0	0	0	52	0	0
9191	5539	38	0	0	0	38	0	0
9192	5552	58	1	0	0	59	1	0.01694915254237288
9193	5516	50	2	0	0	52	2	0.038461538461538464
9194	5485	63	1	0	0	64	1	0.015625
9195	5542	55	2	0	0	57	2	0.03508771929824561
9196	5545	62	2	0	0	64	2	0.03125
9197	5515	48	0	0	0	48	0	0
9198	5518	36	1	0	0	37	1	0.02702702702702703
9199	5524	42	2	0	0	44	2	0.045454545454545456
92	5523	51	0	0	0	51	0	0
920	5531	48	1	0	0	49	1	0.02040816326530612
9200	5530	64	1	0	0	65	1	0.015384615384615385
9201	5543	54	2	0	0	56	2	0.03571428571428571
9202	5528	52	0	0	0	52	0	0
9203	5535	52	0	0	0	52	0	0
9204	5539	45	1	0	0	46	1	0.021739130434782608
9205	5542	60	2	0	0	62	2	0.03225806451612903
9206	5510	49	1	0	0	50	1	0.02
9207	5541	53	0	1	0	54	1	0.018518518518518517
9208	5502	48	1	0	0	49	1	0.02040816326530612
9209	5567	69	2	0	0	71	2	0.028169014084507043
921	5591	71	0	0	0	71	0	0
9210	5485	58	4	0	0	62	4	0.06451612903225806
9211	5538	67	3	0	0	70	3	0.04285714285714286
9212	5572	58	4	0	0	62	4	0.06451612903225806
9213	5498	51	0	0	0	51	0	0
9214	5517	55	0	0	0	55	0	0
9215	5509	64	2	1	0	67	3	0.04477611940298507
9216	5522	60	2	0	0	62	2	0.03225806451612903
9217	5558	54	4	0	0	58	4	0.06896551724137931
9218	5531	67	3	0	0	70	3	0.04285714285714286
9219	5565	50	2	0	0	52	2	0.038461538461538464
922	5540	39	4	0	0	43	4	0.09302325581395349
9220	5567	47	4	0	0	51	4	0.0784313725490196
9221	5539	62	2	0	0	64	2	0.03125
9222	5502	67	1	0	0	68	1	0.014705882352941176
9223	5508	56	2	0	0	58	2	0.034482758620689655
9224	5554	60	3	0	0	63	3	0.047619047619047616
9225	5523	44	2	0	0	46	2	0.043478260869565216
9226	5547	45	3	0	0	48	3	0.0625
9227	5544	45	3	0	0	48	3	0.0625
9228	5518	45	0	0	0	45	0	0
9229	5529	69	3	0	0	72	3	0.041666666666666664
923	5554	48	1	0	0	49	1	0.02040816326530612
9230	5559	52	3	0	0	55	3	0.05454545454545454
9231	5573	51	0	1	0	52	1	0.019230769230769232
9232	5527	56	1	0	0	57	1	0.017543859649122806
9233	5524	54	4	0	0	58	4	0.06896551724137931
9234	5513	54	1	0	0	55	1	0.01818181818181818
9235	5546	53	0	0	0	53	0	0
9236	5534	47	3	0	0	50	3	0.06
9237	5581	47	2	0	0	49	2	0.04081632653061224
9238	5550	48	0	0	0	48	0	0
9239	5554	50	1	0	0	51	1	0.0196078431372549
924	5516	67	3	0	0	70	3	0.04285714285714286
9240	5507	55	2	0	0	57	2	0.03508771929824561
9241	5548	44	3	0	0	47	3	0.06382978723404255
9242	5557	51	0	0	0	51	0	0
9243	5513	48	0	1	0	49	1	0.02040816326530612
9244	5485	69	7	0	0	76	7	0.09210526315789473
9245	5544	45	2	0	0	47	2	0.0425531914893617
9246	5493	53	0	0	0	53	0	0
9247	5496	56	2	0	0	58	2	0.034482758620689655
9248	5542	49	3	0	0	52	3	0.057692307692307696
9249	5534	42	4	0	0	46	4	0.08695652173913043
925	5553	48	1	0	0	49	1	0.02040816326530612
9250	5527	60	1	0	0	61	1	0.01639344262295082
9251	5510	59	2	0	0	61	2	0.03278688524590164
9252	5512	51	3	0	0	54	3	0.05555555555555555
9253	5492	51	1	0	0	52	1	0.019230769230769232
9254	5529	60	2	0	0	62	2	0.03225806451612903
9255	5556	56	1	0	0	57	1	0.017543859649122806
9256	5522	47	2	0	0	49	2	0.04081632653061224
9257	5541	53	3	0	0	56	3	0.05357142857142857
9258	5535	67	1	0	0	68	1	0.014705882352941176
9259	5530	47	3	0	0	50	3	0.06
926	5548	54	0	0	0	54	0	0
9260	5529	45	1	0	0	46	1	0.021739130434782608
9261	5527	42	0	0	1	43	1	0.023255813953488372
9262	5503	43	1	0	0	44	1	0.022727272727272728
9263	5516	57	3	0	0	60	3	0.05
9264	5552	63	1	0	0	64	1	0.015625
9265	5514	51	1	1	0	53	2	0.03773584905660377
9266	5542	43	4	0	0	47	4	0.0851063829787234
9267	5529	57	4	0	0	61	4	0.06557377049180328
9268	5590	44	2	0	0	46	2	0.043478260869565216
9269	5541	48	1	0	0	49	1	0.02040816326530612
927	5547	53	2	0	0	55	2	0.03636363636363636
9270	5528	66	3	0	0	69	3	0.043478260869565216
9271	5529	49	3	0	0	52	3	0.057692307692307696
9272	5493	55	5	0	0	60	5	0.08333333333333333
9273	5569	56	0	0	0	56	0	0
9274	5525	58	2	0	0	60	2	0.03333333333333333
9275	5541	53	1	0	0	54	1	0.018518518518518517
9276	5503	54	3	0	0	57	3	0.05263157894736842
9277	5514	55	3	0	0	58	3	0.05172413793103448
9278	5527	47	1	0	0	48	1	0.020833333333333332
9279	5534	56	0	0	0	56	0	0
928	5534	46	2	0	0	48	2	0.041666666666666664
9280	5518	44	1	0	0	45	1	0.022222222222222223
9281	5502	49	2	0	0	51	2	0.0392156862745098
9282	5553	45	6	0	0	51	6	0.11764705882352941
9283	5515	48	2	0	0	50	2	0.04
9284	5548	58	1	0	0	59	1	0.01694915254237288
9285	5513	51	0	0	0	51	0	0
9286	5519	57	2	0	0	59	2	0.03389830508474576
9287	5493	53	1	0	0	54	1	0.018518518518518517
9288	5500	72	2	0	0	74	2	0.02702702702702703
9289	5527	53	1	0	0	54	1	0.018518518518518517
929	5509	71	1	0	0	72	1	0.013888888888888888
9290	5578	44	1	0	0	45	1	0.022222222222222223
9291	5542	46	2	0	0	48	2	0.041666666666666664
9292	5523	54	1	0	0	55	1	0.01818181818181818
9293	5510	36	3	0	0	39	3	0.07692307692307693
9294	5543	54	1	0	0	55	1	0.01818181818181818
9295	5538	63	0	0	0	63	0	0
9296	5510	54	0	0	0	54	0	0
9297	5552	51	3	0	0	54	3	0.05555555555555555
9298	5491	45	1	0	0	46	1	0.021739130434782608
9299	5561	53	2	0	0	55	2	0.03636363636363636
93	5535	46	0	0	0	46	0	0
930	5487	54	2	0	0	56	2	0.03571428571428571
9300	5524	57	4	0	0	61	4	0.06557377049180328
9301	5480	53	1	0	0	54	1	0.018518518518518517
9302	5514	61	1	0	0	62	1	0.016129032258064516
9303	5523	58	2	0	0	60	2	0.03333333333333333
9304	5508	55	1	0	0	56	1	0.017857142857142856
9305	5501	66	1	0	0	67	1	0.014925373134328358
9306	5490	57	4	0	0	61	4	0.06557377049180328
9307	5515	45	1	0	0	46	1	0.021739130434782608
9308	5529	53	2	0	0	55	2	0.03636363636363636
9309	5543	60	5	1	0	66	6	0.09090909090909091
931	5479	49	1	0	0	50	1	0.02
9310	5540	52	2	0	0	54	2	0.037037037037037035
9311	5556	49	2	0	0	51	2	0.0392156862745098
9312	5557	54	1	0	0	55	1	0.01818181818181818
9313	5506	50	1	0	0	51	1	0.0196078431372549
9314	5536	55	3	0	0	58	3	0.05172413793103448
9315	5533	57	4	0	0	61	4	0.06557377049180328
9316	5521	48	1	0	0	49	1	0.02040816326530612
9317	5550	50	1	0	0	51	1	0.0196078431372549
9318	5568	52	1	0	0	53	1	0.018867924528301886
9319	5529	44	0	0	0	44	0	0
932	5561	51	6	0	0	57	6	0.10526315789473684
9320	5536	61	2	0	0	63	2	0.031746031746031744
9321	5521	49	0	0	0	49	0	0
9322	5521	53	0	0	0	53	0	0
9323	5549	63	4	0	0	67	4	0.05970149253731343
9324	5514	47	1	0	0	48	1	0.020833333333333332
9325	5564	39	3	0	0	42	3	0.07142857142857142
9326	5532	57	0	0	0	57	0	0
9327	5509	46	3	0	0	49	3	0.061224489795918366
9328	5533	47	1	0	0	48	1	0.020833333333333332
9329	5555	45	1	0	0	46	1	0.021739130434782608
933	5541	57	0	0	0	57	0	0
9330	5559	47	2	0	0	49	2	0.04081632653061224
9331	5557	66	1	0	0	67	1	0.014925373134328358
9332	5540	66	1	0	0	67	1	0.014925373134328358
9333	5554	54	0	0	0	54	0	0
9334	5501	53	1	0	0	54	1	0.018518518518518517
9335	5545	55	2	0	0	57	2	0.03508771929824561
9336	5538	53	3	0	0	56	3	0.05357142857142857
9337	5516	51	1	0	0	52	1	0.019230769230769232
9338	5548	61	2	0	0	63	2	0.031746031746031744
9339	5504	43	1	0	0	44	1	0.022727272727272728
934	5517	53	2	0	0	55	2	0.03636363636363636
9340	5550	56	2	0	0	58	2	0.034482758620689655
9341	5549	43	0	0	0	43	0	0
9342	5518	55	1	0	0	56	1	0.017857142857142856
9343	5536	62	1	0	0	63	1	0.015873015873015872
9344	5518	62	1	0	0	63	1	0.015873015873015872
9345	5572	50	1	0	0	51	1	0.0196078431372549
9346	5516	49	1	0	0	50	1	0.02
9347	5522	65	3	0	0	68	3	0.04411764705882353
9348	5543	62	2	0	0	64	2	0.03125
9349	5544	67	1	0	0	68	1	0.014705882352941176
935	5536	46	2	0	0	48	2	0.041666666666666664
9350	5553	56	2	0	0	58	2	0.034482758620689655
9351	5537	50	4	0	0	54	4	0.07407407407407407
9352	5509	57	2	0	0	59	2	0.03389830508474576
9353	5561	49	2	0	0	51	2	0.0392156862745098
9354	5563	47	1	0	0	48	1	0.020833333333333332
9355	5517	60	1	0	0	61	1	0.01639344262295082
9356	5510	45	1	1	0	47	2	0.0425531914893617
9357	5558	48	1	0	0	49	1	0.02040816326530612
9358	5512	62	2	0	0	64	2	0.03125
9359	5539	50	2	0	0	52	2	0.038461538461538464
936	5512	59	1	0	0	60	1	0.016666666666666666
9360	5532	61	1	0	0	62	1	0.016129032258064516
9361	5519	49	1	0	0	50	1	0.02
9362	5513	52	0	0	0	52	0	0
9363	5586	45	1	0	0	46	1	0.021739130434782608
9364	5526	56	1	0	0	57	1	0.017543859649122806
9365	5547	51	2	0	0	53	2	0.03773584905660377
9366	5511	52	1	0	0	53	1	0.018867924528301886
9367	5538	60	0	0	0	60	0	0
9368	5527	62	0	0	0	62	0	0
9369	5531	53	0	0	0	53	0	0
937	5552	51	4	0	0	55	4	0.07272727272727272
9370	5483	40	0	0	0	40	0	0
9371	5541	56	2	0	0	58	2	0.034482758620689655
9372	5501	46	1	0	0	47	1	0.02127659574468085
9373	5562	61	2	0	0	63	2	0.031746031746031744
9374	5531	54	2	0	0	56	2	0.03571428571428571
9375	5525	57	0	0	0	57	0	0
9376	5500	61	5	0	0	66	5	0.07575757575757576
9377	5533	56	1	1	0	58	2	0.034482758620689655
9378	5541	57	5	0	0	62	5	0.08064516129032258
9379	5508	52	2	0	0	54	2	0.037037037037037035
938	5512	62	2	0	0	64	2	0.03125
9380	5558	60	0	0	0	60	0	0
9381	5502	49	1	0	0	50	1	0.02
9382	5523	56	3	0	0	59	3	0.05084745762711865
9383	5527	49	1	0	0	50	1	0.02
9384	5512	73	2	0	0	75	2	0.02666666666666667
9385	5560	64	3	0	0	67	3	0.04477611940298507
9386	5496	62	2	0	0	64	2	0.03125
9387	5559	56	1	0	0	57	1	0.017543859649122806
9388	5524	48	1	0	0	49	1	0.02040816326530612
9389	5501	40	4	0	0	44	4	0.09090909090909091
939	5525	62	3	0	0	65	3	0.046153846153846156
9390	5539	64	2	0	0	66	2	0.030303030303030304
9391	5537	43	1	0	0	44	1	0.022727272727272728
9392	5508	55	0	0	0	55	0	0
9393	5530	56	1	0	0	57	1	0.017543859649122806
9394	5550	43	4	0	0	47	4	0.0851063829787234
9395	5544	55	0	0	0	55	0	0
9396	5520	55	3	0	0	58	3	0.05172413793103448
9397	5525	43	2	0	0	45	2	0.044444444444444446
9398	5499	49	3	0	0	52	3	0.057692307692307696
9399	5520	46	3	0	0	49	3	0.061224489795918366
94	5503	58	2	0	0	60	2	0.03333333333333333
940	5543	61	2	0	0	63	2	0.031746031746031744
9400	5536	48	2	0	0	50	2	0.04
9401	5511	61	2	0	0	63	2	0.031746031746031744
9402	5506	64	2	0	0	66	2	0.030303030303030304
9403	5543	66	2	0	0	68	2	0.029411764705882353
9404	5545	48	2	1	0	51	3	0.058823529411764705
9405	5527	54	1	1	0	56	2	0.03571428571428571
9406	5582	55	2	0	0	57	2	0.03508771929824561
9407	5525	49	4	0	0	53	4	0.07547169811320754
9408	5486	48	1	0	0	49	1	0.02040816326530612
9409	5515	51	2	0	0	53	2	0.03773584905660377
941	5527	53	3	0	0	56	3	0.05357142857142857
9410	5553	46	1	0	0	47	1	0.02127659574468085
9411	5538	44	1	0	0	45	1	0.022222222222222223
9412	5530	61	7	0	0	68	7	0.10294117647058823
9413	5542	64	3	0	0	67	3	0.04477611940298507
9414	5499	56	0	0	0	56	0	0
9415	5531	47	3	0	0	50	3	0.06
9416	5506	59	2	0	0	61	2	0.03278688524590164
9417	5537	53	0	0	0	53	0	0
9418	5534	65	0	0	0	65	0	0
9419	5526	47	1	0	0	48	1	0.020833333333333332
942	5492	47	2	0	0	49	2	0.04081632653061224
9420	5547	57	3	0	0	60	3	0.05
9421	5540	62	0	0	0	62	0	0
9422	5519	53	2	0	0	55	2	0.03636363636363636
9423	5525	65	1	0	0	66	1	0.015151515151515152
9424	5531	55	3	0	0	58	3	0.05172413793103448
9425	5495	58	4	0	0	62	4	0.06451612903225806
9426	5562	50	2	0	0	52	2	0.038461538461538464
9427	5546	51	3	0	0	54	3	0.05555555555555555
9428	5529	47	2	0	0	49	2	0.04081632653061224
9429	5469	50	3	0	0	53	3	0.05660377358490566
943	5548	55	2	0	0	57	2	0.03508771929824561
9430	5544	41	3	0	0	44	3	0.06818181818181818
9431	5533	61	0	0	0	61	0	0
9432	5537	54	1	0	0	55	1	0.01818181818181818
9433	5529	59	2	0	0	61	2	0.03278688524590164
9434	5561	50	1	0	0	51	1	0.0196078431372549
9435	5554	47	2	0	0	49	2	0.04081632653061224
9436	5503	61	1	0	0	62	1	0.016129032258064516
9437	5532	51	2	0	0	53	2	0.03773584905660377
9438	5536	55	2	0	0	57	2	0.03508771929824561
9439	5514	44	4	0	0	48	4	0.08333333333333333
944	5576	58	1	0	0	59	1	0.01694915254237288
9440	5545	56	1	0	0	57	1	0.017543859649122806
9441	5505	52	1	0	0	53	1	0.018867924528301886
9442	5526	36	2	1	0	39	3	0.07692307692307693
9443	5514	39	1	0	0	40	1	0.025
9444	5532	58	0	0	0	58	0	0
9445	5530	63	0	0	0	63	0	0
9446	5554	42	1	0	0	43	1	0.023255813953488372
9447	5539	55	4	0	0	59	4	0.06779661016949153
9448	5534	48	1	0	0	49	1	0.02040816326530612
9449	5493	69	2	0	0	71	2	0.028169014084507043
945	5562	44	0	0	0	44	0	0
9450	5525	62	2	0	0	64	2	0.03125
9451	5524	65	2	0	0	67	2	0.029850746268656716
9452	5575	44	0	0	0	44	0	0
9453	5523	44	2	0	0	46	2	0.043478260869565216
9454	5525	54	1	0	0	55	1	0.01818181818181818
9455	5531	53	2	0	0	55	2	0.03636363636363636
9456	5531	50	2	0	0	52	2	0.038461538461538464
9457	5542	51	2	0	0	53	2	0.03773584905660377
9458	5526	47	1	1	0	49	2	0.04081632653061224
9459	5522	60	1	0	0	61	1	0.01639344262295082
946	5501	62	2	0	0	64	2	0.03125
9460	5549	45	0	0	0	45	0	0
9461	5532	50	2	0	0	52	2	0.038461538461538464
9462	5547	59	3	0	0	62	3	0.04838709677419355
9463	5530	59	2	0	0	61	2	0.03278688524590164
9464	5574	47	1	0	0	48	1	0.020833333333333332
9465	5516	55	0	0	0	55	0	0
9466	5510	49	0	0	0	49	0	0
9467	5518	57	2	0	0	59	2	0.03389830508474576
9468	5510	54	2	0	0	56	2	0.03571428571428571
9469	5505	45	9	0	0	54	9	0.16666666666666666
947	5521	44	1	0	0	45	1	0.022222222222222223
9470	5523	41	1	0	0	42	1	0.023809523809523808
9471	5508	55	1	0	0	56	1	0.017857142857142856
9472	5500	49	2	0	0	51	2	0.0392156862745098
9473	5577	43	1	0	0	44	1	0.022727272727272728
9474	5490	58	2	0	0	60	2	0.03333333333333333
9475	5548	43	1	0	0	44	1	0.022727272727272728
9476	5473	52	2	0	0	54	2	0.037037037037037035
9477	5501	51	1	0	0	52	1	0.019230769230769232
9478	5515	65	0	0	0	65	0	0
9479	5571	50	0	0	0	50	0	0
948	5529	54	3	0	0	57	3	0.05263157894736842
9480	5537	59	2	0	0	61	2	0.03278688524590164
9481	5532	50	0	0	0	50	0	0
9482	5557	54	1	0	0	55	1	0.01818181818181818
9483	5517	43	2	0	0	45	2	0.044444444444444446
9484	5548	69	3	0	0	72	3	0.041666666666666664
9485	5553	45	2	0	0	47	2	0.0425531914893617
9486	5528	58	0	0	0	58	0	0
9487	5552	49	3	0	0	52	3	0.057692307692307696
9488	5539	58	4	0	0	62	4	0.06451612903225806
9489	5523	44	4	0	0	48	4	0.08333333333333333
949	5506	56	2	0	0	58	2	0.034482758620689655
9490	5574	58	3	0	0	61	3	0.04918032786885246
9491	5492	40	3	0	0	43	3	0.06976744186046512
9492	5552	52	3	0	0	55	3	0.05454545454545454
9493	5563	56	1	0	0	57	1	0.017543859649122806
9494	5569	51	2	0	0	53	2	0.03773584905660377
9495	5516	49	3	0	0	52	3	0.057692307692307696
9496	5486	58	3	0	0	61	3	0.04918032786885246
9497	5555	56	1	0	0	57	1	0.017543859649122806
9498	5558	53	0	0	0	53	0	0
9499	5504	63	2	0	0	65	2	0.03076923076923077
95	5491	50	0	0	0	50	0	0
950	5512	63	1	0	0	64	1	0.015625
9500	5528	61	1	0	0	62	1	0.016129032258064516
9501	5513	50	0	0	0	50	0	0
9502	5552	52	4	0	0	56	4	0.07142857142857142
9503	5520	56	0	0	0	56	0	0
9504	5522	61	2	0	0	63	2	0.031746031746031744
9505	5533	62	1	0	0	63	1	0.015873015873015872
9506	5517	56	3	0	0	59	3	0.05084745762711865
9507	5504	72	0	0	0	72	0	0
9508	5487	60	0	0	0	60	0	0
9509	5538	61	0	0	0	61	0	0
951	5543	40	1	0	0	41	1	0.024390243902439025
9510	5521	63	3	0	0	66	3	0.045454545454545456
9511	5499	62	0	0	0	62	0	0
9512	5593	54	3	0	0	57	3	0.05263157894736842
9513	5544	54	4	0	0	58	4	0.06896551724137931
9514	5496	54	5	0	0	59	5	0.0847457627118644
9515	5544	52	2	0	0	54	2	0.037037037037037035
9516	5516	50	2	0	0	52	2	0.038461538461538464
9517	5586	53	2	0	0	55	2	0.03636363636363636
9518	5501	55	3	1	0	59	4	0.06779661016949153
9519	5507	59	1	0	0	60	1	0.016666666666666666
952	5506	58	1	1	0	60	2	0.03333333333333333
9520	5577	65	1	0	0	66	1	0.015151515151515152
9521	5546	44	2	0	0	46	2	0.043478260869565216
9522	5548	58	0	0	0	58	0	0
9523	5524	45	2	1	0	48	3	0.0625
9524	5543	66	1	0	0	67	1	0.014925373134328358
9525	5518	58	0	0	0	58	0	0
9526	5551	55	0	0	0	55	0	0
9527	5567	63	0	0	0	63	0	0
9528	5513	60	0	0	0	60	0	0
9529	5518	56	1	0	0	57	1	0.017543859649122806
953	5511	40	2	0	0	42	2	0.047619047619047616
9530	5549	52	1	0	0	53	1	0.018867924528301886
9531	5524	46	2	1	0	49	3	0.061224489795918366
9532	5535	45	1	0	0	46	1	0.021739130434782608
9533	5521	46	1	0	0	47	1	0.02127659574468085
9534	5514	58	1	0	0	59	1	0.01694915254237288
9535	5550	51	0	0	0	51	0	0
9536	5554	61	6	0	0	67	6	0.08955223880597014
9537	5538	51	2	0	0	53	2	0.03773584905660377
9538	5531	55	4	0	0	59	4	0.06779661016949153
9539	5478	49	1	0	0	50	1	0.02
954	5550	45	2	0	0	47	2	0.0425531914893617
9540	5502	49	2	0	0	51	2	0.0392156862745098
9541	5515	61	0	0	0	61	0	0
9542	5551	50	0	0	0	50	0	0
9543	5559	47	1	0	0	48	1	0.020833333333333332
9544	5550	57	2	0	0	59	2	0.03389830508474576
9545	5592	58	2	0	0	60	2	0.03333333333333333
9546	5527	54	0	0	0	54	0	0
9547	5536	51	1	0	0	52	1	0.019230769230769232
9548	5527	68	2	0	0	70	2	0.02857142857142857
9549	5514	46	1	0	0	47	1	0.02127659574468085
955	5556	55	1	0	0	56	1	0.017857142857142856
9550	5521	45	1	0	0	46	1	0.021739130434782608
9551	5559	52	1	0	0	53	1	0.018867924528301886
9552	5541	71	2	0	0	73	2	0.0273972602739726
9553	5498	59	0	0	0	59	0	0
9554	5527	43	1	0	0	44	1	0.022727272727272728
9555	5576	63	3	0	0	66	3	0.045454545454545456
9556	5565	43	2	0	0	45	2	0.044444444444444446
9557	5511	53	2	0	0	55	2	0.03636363636363636
9558	5527	54	1	0	0	55	1	0.01818181818181818
9559	5526	50	6	0	0	56	6	0.10714285714285714
956	5501	50	2	0	0	52	2	0.038461538461538464
9560	5517	55	2	0	0	57	2	0.03508771929824561
9561	5563	44	3	0	0	47	3	0.06382978723404255
9562	5544	53	2	0	0	55	2	0.03636363636363636
9563	5556	59	0	0	0	59	0	0
9564	5550	48	3	0	0	51	3	0.058823529411764705
9565	5495	63	0	0	0	63	0	0
9566	5482	57	4	0	0	61	4	0.06557377049180328
9567	5547	44	1	0	0	45	1	0.022222222222222223
9568	5543	54	0	0	0	54	0	0
9569	5563	63	2	0	0	65	2	0.03076923076923077
957	5524	49	1	0	0	50	1	0.02
9570	5547	49	3	0	0	52	3	0.057692307692307696
9571	5549	57	0	0	0	57	0	0
9572	5557	48	2	0	0	50	2	0.04
9573	5546	56	2	0	0	58	2	0.034482758620689655
9574	5546	56	2	0	0	58	2	0.034482758620689655
9575	5555	49	3	0	0	52	3	0.057692307692307696
9576	5575	55	2	0	0	57	2	0.03508771929824561
9577	5552	60	2	0	0	62	2	0.03225806451612903
9578	5496	54	2	0	0	56	2	0.03571428571428571
9579	5526	49	2	0	0	51	2	0.0392156862745098
958	5540	59	1	0	0	60	1	0.016666666666666666
9580	5548	49	3	0	0	52	3	0.057692307692307696
9581	5544	53	1	0	0	54	1	0.018518518518518517
9582	5537	67	1	0	0	68	1	0.014705882352941176
9583	5521	54	1	0	0	55	1	0.01818181818181818
9584	5543	59	3	0	0	62	3	0.04838709677419355
9585	5519	52	1	0	0	53	1	0.018867924528301886
9586	5538	53	2	0	0	55	2	0.03636363636363636
9587	5559	56	2	0	0	58	2	0.034482758620689655
9588	5540	63	0	0	0	63	0	0
9589	5581	43	1	0	0	44	1	0.022727272727272728
959	5531	56	5	0	0	61	5	0.08196721311475409
9590	5496	46	0	0	0	46	0	0
9591	5576	52	3	0	0	55	3	0.05454545454545454
9592	5511	47	1	0	0	48	1	0.020833333333333332
9593	5562	64	2	0	0	66	2	0.030303030303030304
9594	5566	52	3	0	0	55	3	0.05454545454545454
9595	5520	61	3	0	0	64	3	0.046875
9596	5546	57	1	0	0	58	1	0.017241379310344827
9597	5562	51	1	0	0	52	1	0.019230769230769232
9598	5546	53	0	0	0	53	0	0
9599	5528	53	2	0	0	55	2	0.03636363636363636
96	5553	71	0	0	0	71	0	0
960	5542	40	1	0	0	41	1	0.024390243902439025
9600	5510	53	3	0	0	56	3	0.05357142857142857
9601	5518	54	3	0	0	57	3	0.05263157894736842
9602	5524	52	1	0	0	53	1	0.018867924528301886
9603	5513	55	3	0	0	58	3	0.05172413793103448
9604	5525	49	3	0	0	52	3	0.057692307692307696
9605	5533	61	3	0	0	64	3	0.046875
9606	5541	52	0	0	0	52	0	0
9607	5537	53	0	0	0	53	0	0
9608	5534	52	4	0	0	56	4	0.07142857142857142
9609	5537	59	2	0	0	61	2	0.03278688524590164
961	5512	52	1	0	0	53	1	0.018867924528301886
9610	5502	61	1	0	0	62	1	0.016129032258064516
9611	5576	57	1	0	0	58	1	0.017241379310344827
9612	5530	53	2	0	0	55	2	0.03636363636363636
9613	5519	51	3	0	0	54	3	0.05555555555555555
9614	5524	53	1	0	0	54	1	0.018518518518518517
9615	5527	51	1	0	0	52	1	0.019230769230769232
9616	5549	68	4	0	0	72	4	0.05555555555555555
9617	5535	57	3	0	0	60	3	0.05
9618	5539	55	0	0	0	55	0	0
9619	5546	55	3	0	0	58	3	0.05172413793103448
962	5580	59	2	0	0	61	2	0.03278688524590164
9620	5475	66	1	0	0	67	1	0.014925373134328358
9621	5556	53	1	0	0	54	1	0.018518518518518517
9622	5504	59	3	1	0	63	4	0.06349206349206349
9623	5519	67	1	0	0	68	1	0.014705882352941176
9624	5516	52	2	0	0	54	2	0.037037037037037035
9625	5540	40	1	0	0	41	1	0.024390243902439025
9626	5536	55	3	0	0	58	3	0.05172413793103448
9627	5524	64	1	0	0	65	1	0.015384615384615385
9628	5529	52	1	0	0	53	1	0.018867924528301886
9629	5521	57	2	0	0	59	2	0.03389830508474576
963	5511	61	3	0	0	64	3	0.046875
9630	5493	52	0	0	0	52	0	0
9631	5561	68	1	0	0	69	1	0.014492753623188406
9632	5529	56	1	0	0	57	1	0.017543859649122806
9633	5523	54	1	0	0	55	1	0.01818181818181818
9634	5523	64	3	0	0	67	3	0.04477611940298507
9635	5534	54	1	0	0	55	1	0.01818181818181818
9636	5510	66	1	0	0	67	1	0.014925373134328358
9637	5544	55	2	0	0	57	2	0.03508771929824561
9638	5547	48	1	0	0	49	1	0.02040816326530612
9639	5539	68	0	0	0	68	0	0
964	5548	54	1	1	0	56	2	0.03571428571428571
9640	5582	48	1	0	0	49	1	0.02040816326530612
9641	5537	59	1	0	0	60	1	0.016666666666666666
9642	5528	60	2	0	0	62	2	0.03225806451612903
9643	5545	46	2	0	0	48	2	0.041666666666666664
9644	5527	65	6	0	0	71	6	0.08450704225352113
9645	5535	56	0	0	0	56	0	0
9646	5532	60	1	0	0	61	1	0.01639344262295082
9647	5545	50	2	0	0	52	2	0.038461538461538464
9648	5528	53	1	0	0	54	1	0.018518518518518517
9649	5507	51	1	0	0	52	1	0.019230769230769232
965	5550	50	1	0	0	51	1	0.0196078431372549
9650	5546	67	2	0	0	69	2	0.028985507246376812
9651	5523	47	3	0	0	50	3	0.06
9652	5570	55	2	0	0	57	2	0.03508771929824561
9653	5531	41	3	0	0	44	3	0.06818181818181818
9654	5529	46	2	0	0	48	2	0.041666666666666664
9655	5523	47	3	0	0	50	3	0.06
9656	5555	48	2	0	0	50	2	0.04
9657	5560	47	1	0	0	48	1	0.020833333333333332
9658	5566	65	0	0	0	65	0	0
9659	5542	49	0	0	0	49	0	0
966	5533	51	1	0	0	52	1	0.019230769230769232
9660	5526	58	1	0	0	59	1	0.01694915254237288
9661	5587	57	2	0	0	59	2	0.03389830508474576
9662	5541	59	1	0	0	60	1	0.016666666666666666
9663	5541	46	3	0	0	49	3	0.061224489795918366
9664	5542	58	1	0	0	59	1	0.01694915254237288
9665	5508	60	4	0	0	64	4	0.0625
9666	5555	48	0	0	0	48	0	0
9667	5522	58	0	0	0	58	0	0
9668	5549	63	4	1	0	68	5	0.07352941176470588
9669	5536	54	1	0	0	55	1	0.01818181818181818
967	5527	66	4	0	0	70	4	0.05714285714285714
9670	5549	56	2	0	0	58	2	0.034482758620689655
9671	5552	52	1	0	0	53	1	0.018867924528301886
9672	5513	61	3	0	0	64	3	0.046875
9673	5569	62	1	0	0	63	1	0.015873015873015872
9674	5543	60	1	0	0	61	1	0.01639344262295082
9675	5525	66	2	0	0	68	2	0.029411764705882353
9676	5510	61	2	0	0	63	2	0.031746031746031744
9677	5510	52	1	0	0	53	1	0.018867924528301886
9678	5521	63	2	0	0	65	2	0.03076923076923077
9679	5557	48	2	0	0	50	2	0.04
968	5524	57	1	0	0	58	1	0.017241379310344827
9680	5491	55	2	0	0	57	2	0.03508771929824561
9681	5540	57	6	0	0	63	6	0.09523809523809523
9682	5548	64	0	0	0	64	0	0
9683	5513	58	1	0	0	59	1	0.01694915254237288
9684	5508	59	3	0	0	62	3	0.04838709677419355
9685	5534	51	3	0	0	54	3	0.05555555555555555
9686	5551	70	1	0	0	71	1	0.014084507042253521
9687	5532	55	1	0	0	56	1	0.017857142857142856
9688	5533	47	1	0	0	48	1	0.020833333333333332
9689	5516	66	2	0	0	68	2	0.029411764705882353
969	5561	66	3	0	0	69	3	0.043478260869565216
9690	5539	33	2	0	0	35	2	0.05714285714285714
9691	5566	45	1	0	0	46	1	0.021739130434782608
9692	5544	53	2	0	0	55	2	0.03636363636363636
9693	5554	58	4	0	0	62	4	0.06451612903225806
9694	5567	57	1	0	0	58	1	0.017241379310344827
9695	5502	57	0	0	0	57	0	0
9696	5586	45	1	0	0	46	1	0.021739130434782608
9697	5557	65	3	0	0	68	3	0.04411764705882353
9698	5498	54	1	0	0	55	1	0.01818181818181818
9699	5512	44	2	0	0	46	2	0.043478260869565216
97	5575	51	4	0	0	55	4	0.07272727272727272
970	5537	55	0	0	0	55	0	0
9700	5542	61	1	0	0	62	1	0.016129032258064516
9701	5525	58	3	0	0	61	3	0.04918032786885246
9702	5518	57	0	0	0	57	0	0
9703	5553	65	1	0	0	66	1	0.015151515151515152
9704	5520	55	1	0	0	56	1	0.017857142857142856
9705	5534	50	0	0	0	50	0	0
9706	5522	46	2	0	0	48	2	0.041666666666666664
9707	5581	54	1	0	0	55	1	0.01818181818181818
9708	5529	51	2	0	0	53	2	0.03773584905660377
9709	5545	43	1	0	0	44	1	0.022727272727272728
971	5553	52	1	0	0	53	1	0.018867924528301886
9710	5536	44	1	0	0	45	1	0.022222222222222223
9711	5523	51	0	0	0	51	0	0
9712	5572	50	1	0	0	51	1	0.0196078431372549
9713	5562	51	1	0	0	52	1	0.019230769230769232
9714	5506	66	2	0	0	68	2	0.029411764705882353
9715	5540	48	1	0	0	49	1	0.02040816326530612
9716	5584	47	1	0	0	48	1	0.020833333333333332
9717	5546	64	4	0	0	68	4	0.058823529411764705
9718	5522	57	0	0	0	57	0	0
9719	5525	53	1	0	0	54	1	0.018518518518518517
972	5542	59	2	0	0	61	2	0.03278688524590164
9720	5564	46	2	0	0	48	2	0.041666666666666664
9721	5506	59	1	0	0	60	1	0.016666666666666666
9722	5521	57	1	0	0	58	1	0.017241379310344827
9723	5529	49	0	0	0	49	0	0
9724	5522	49	1	0	0	50	1	0.02
9725	5527	52	3	0	0	55	3	0.05454545454545454
9726	5559	52	2	0	0	54	2	0.037037037037037035
9727	5547	59	0	0	0	59	0	0
9728	5546	50	1	0	0	51	1	0.0196078431372549
9729	5534	54	1	0	0	55	1	0.01818181818181818
973	5522	52	2	0	0	54	2	0.037037037037037035
9730	5563	60	2	0	0	62	2	0.03225806451612903
9731	5521	52	2	0	0	54	2	0.037037037037037035
9732	5516	49	2	0	0	51	2	0.0392156862745098
9733	5560	61	2	0	0	63	2	0.031746031746031744
9734	5550	47	1	0	0	48	1	0.020833333333333332
9735	5534	52	1	0	0	53	1	0.018867924528301886
9736	5531	60	0	0	0	60	0	0
9737	5551	54	3	0	0	57	3	0.05263157894736842
9738	5532	53	1	0	0	54	1	0.018518518518518517
9739	5584	50	1	0	0	51	1	0.0196078431372549
974	5547	58	1	0	0	59	1	0.01694915254237288
9740	5545	51	1	0	0	52	1	0.019230769230769232
9741	5532	43	0	0	0	43	0	0
9742	5547	43	3	0	0	46	3	0.06521739130434782
9743	5576	45	3	0	0	48	3	0.0625
9744	5584	45	6	0	0	51	6	0.11764705882352941
9745	5573	59	1	0	0	60	1	0.016666666666666666
9746	5539	51	6	0	0	57	6	0.10526315789473684
9747	5523	47	1	0	0	48	1	0.020833333333333332
9748	5498	44	3	0	0	47	3	0.06382978723404255
9749	5579	53	3	0	0	56	3	0.05357142857142857
975	5495	51	0	0	0	51	0	0
9750	5541	58	4	2	0	64	6	0.09375
9751	5560	68	0	0	0	68	0	0
9752	5547	70	1	0	0	71	1	0.014084507042253521
9753	5543	59	5	0	0	64	5	0.078125
9754	5532	56	2	0	0	58	2	0.034482758620689655
9755	5530	49	4	0	0	53	4	0.07547169811320754
9756	5546	51	0	0	0	51	0	0
9757	5550	57	0	0	0	57	0	0
9758	5573	52	1	0	0	53	1	0.018867924528301886
9759	5519	53	0	0	0	53	0	0
976	5478	54	3	0	0	57	3	0.05263157894736842
9760	5516	64	0	0	0	64	0	0
9761	5541	46	1	0	0	47	1	0.02127659574468085
9762	5535	59	2	0	0	61	2	0.03278688524590164
9763	5518	49	4	0	0	53	4	0.07547169811320754
9764	5503	63	2	0	0	65	2	0.03076923076923077
9765	5535	58	0	0	0	58	0	0
9766	5539	67	1	1	0	69	2	0.028985507246376812
9767	5554	54	1	0	0	55	1	0.01818181818181818
9768	5540	63	1	0	0	64	1	0.015625
9769	5517	55	1	0	0	56	1	0.017857142857142856
977	5513	54	2	0	0	56	2	0.03571428571428571
9770	5553	55	2	0	0	57	2	0.03508771929824561
9771	5541	51	2	0	0	53	2	0.03773584905660377
9772	5516	54	1	0	0	55	1	0.01818181818181818
9773	5539	43	4	0	0	47	4	0.0851063829787234
9774	5522	47	6	1	0	54	7	0.12962962962962962
9775	5497	38	3	0	0	41	3	0.07317073170731707
9776	5514	60	1	0	0	61	1	0.01639344262295082
9777	5556	50	0	0	0	50	0	0
9778	5558	58	3	0	0	61	3	0.04918032786885246
9779	5585	69	0	0	0	69	0	0
978	5557	58	2	0	0	60	2	0.03333333333333333
9780	5536	51	3	0	0	54	3	0.05555555555555555
9781	5552	46	2	0	0	48	2	0.041666666666666664
9782	5507	50	3	0	0	53	3	0.05660377358490566
9783	5545	55	4	0	0	59	4	0.06779661016949153
9784	5544	65	1	0	0	66	1	0.015151515151515152
9785	5562	55	1	0	0	56	1	0.017857142857142856
9786	5589	63	1	0	0	64	1	0.015625
9787	5541	49	1	0	0	50	1	0.02
9788	5541	61	3	0	0	64	3	0.046875
9789	5532	44	1	0	0	45	1	0.022222222222222223
979	5532	65	1	0	0	66	1	0.015151515151515152
9790	5567	56	3	0	0	59	3	0.05084745762711865
9791	5498	46	4	0	0	50	4	0.08
9792	5534	60	3	1	0	64	4	0.0625
9793	5522	47	2	0	0	49	2	0.04081632653061224
9794	5568	54	2	0	0	56	2	0.03571428571428571
9795	5550	53	2	0	0	55	2	0.03636363636363636
9796	5505	53	1	0	0	54	1	0.018518518518518517
9797	5544	55	2	0	0	57	2	0.03508771929824561
9798	5515	52	3	0	0	55	3	0.05454545454545454
9799	5551	54	0	0	0	54	0	0
98	5559	52	1	0	0	53	1	0.018867924528301886
980	5545	55	2	0	0	57	2	0.03508771929824561
9800	5593	53	3	0	0	56	3	0.05357142857142857
9801	5518	43	1	0	0	44	1	0.022727272727272728
9802	5526	70	2	0	0	72	2	0.027777777777777776
9803	5539	45	2	0	0	47	2	0.0425531914893617
9804	5528	59	0	0	0	59	0	0
9805	5538	56	0	0	0	56	0	0
9806	5548	62	2	0	0	64	2	0.03125
9807	5507	67	3	0	0	70	3	0.04285714285714286
9808	5542	51	2	0	0	53	2	0.03773584905660377
9809	5547	45	1	0	0	46	1	0.021739130434782608
981	5540	50	3	0	0	53	3	0.05660377358490566
9810	5552	55	2	0	0	57	2	0.03508771929824561
9811	5521	68	1	0	0	69	1	0.014492753623188406
9812	5509	43	1	0	0	44	1	0.022727272727272728
9813	5540	53	4	0	0	57	4	0.07017543859649122
9814	5540	47	4	0	0	51	4	0.0784313725490196
9815	5565	62	1	0	0	63	1	0.015873015873015872
9816	5585	54	2	0	0	56	2	0.03571428571428571
9817	5569	52	1	0	0	53	1	0.018867924528301886
9818	5526	45	2	0	0	47	2	0.0425531914893617
9819	5498	57	2	0	0	59	2	0.03389830508474576
982	5543	64	1	0	0	65	1	0.015384615384615385
9820	5551	59	0	0	0	59	0	0
9821	5531	63	1	0	0	64	1	0.015625
9822	5517	42	3	0	0	45	3	0.06666666666666667
9823	5529	59	0	0	0	59	0	0
9824	5531	61	3	0	0	64	3	0.046875
9825	5566	62	4	0	0	66	4	0.06060606060606061
9826	5548	49	2	0	0	51	2	0.0392156862745098
9827	5549	58	2	0	0	60	2	0.03333333333333333
9828	5488	49	5	0	0	54	5	0.09259259259259259
9829	5579	51	1	0	0	52	1	0.019230769230769232
983	5529	60	3	0	0	63	3	0.047619047619047616
9830	5561	36	1	0	0	37	1	0.02702702702702703
9831	5544	55	4	0	0	59	4	0.06779661016949153
9832	5562	55	4	0	0	59	4	0.06779661016949153
9833	5522	62	1	0	0	63	1	0.015873015873015872
9834	5511	49	1	0	0	50	1	0.02
9835	5517	59	3	0	0	62	3	0.04838709677419355
9836	5497	54	0	0	0	54	0	0
9837	5575	50	1	0	0	51	1	0.0196078431372549
9838	5481	49	2	0	0	51	2	0.0392156862745098
9839	5556	54	5	0	0	59	5	0.0847457627118644
984	5553	59	1	0	0	60	1	0.016666666666666666
9840	5526	68	3	0	0	71	3	0.04225352112676056
9841	5521	51	3	0	0	54	3	0.05555555555555555
9842	5548	51	2	0	0	53	2	0.03773584905660377
9843	5532	48	2	0	0	50	2	0.04
9844	5521	62	2	1	0	65	3	0.046153846153846156
9845	5542	57	1	0	0	58	1	0.017241379310344827
9846	5534	54	2	0	0	56	2	0.03571428571428571
9847	5557	52	2	0	0	54	2	0.037037037037037035
9848	5544	43	4	0	0	47	4	0.0851063829787234
9849	5522	56	2	0	0	58	2	0.034482758620689655
985	5529	38	1	0	0	39	1	0.02564102564102564
9850	5534	37	3	0	0	40	3	0.075
9851	5545	72	0	0	0	72	0	0
9852	5585	51	2	0	0	53	2	0.03773584905660377
9853	5552	66	3	0	0	69	3	0.043478260869565216
9854	5576	45	2	0	0	47	2	0.0425531914893617
9855	5535	51	2	0	0	53	2	0.03773584905660377
9856	5531	57	1	0	0	58	1	0.017241379310344827
9857	5495	54	4	0	0	58	4	0.06896551724137931
9858	5521	61	1	1	0	63	2	0.031746031746031744
9859	5518	58	4	0	0	62	4	0.06451612903225806
986	5539	45	1	0	0	46	1	0.021739130434782608
9860	5501	44	3	0	0	47	3	0.06382978723404255
9861	5561	45	1	0	0	46	1	0.021739130434782608
9862	5558	61	1	0	0	62	1	0.016129032258064516
9863	5522	37	4	0	0	41	4	0.0975609756097561
9864	5498	57	4	0	0	61	4	0.06557377049180328
9865	5571	63	2	0	0	65	2	0.03076923076923077
9866	5497	64	4	0	0	68	4	0.058823529411764705
9867	5514	57	0	0	0	57	0	0
9868	5524	58	2	0	0	60	2	0.03333333333333333
9869	5548	58	3	0	0	61	3	0.04918032786885246
987	5568	48	2	0	0	50	2	0.04
9870	5560	49	1	0	0	50	1	0.02
9871	5565	46	2	0	0	48	2	0.041666666666666664
9872	5544	58	3	0	0	61	3	0.04918032786885246
9873	5537	54	0	0	0	54	0	0
9874	5531	45	2	1	0	48	3	0.0625
9875	5487	52	1	0	0	53	1	0.018867924528301886
9876	5565	52	0	0	0	52	0	0
9877	5538	41	1	0	0	42	1	0.023809523809523808
9878	5537	50	1	0	0	51	1	0.0196078431372549
9879	5537	51	1	0	0	52	1	0.019230769230769232
988	5532	55	2	0	0	57	2	0.03508771929824561
9880	5508	62	0	0	0	62	0	0
9881	5504	66	2	0	0	68	2	0.029411764705882353
9882	5549	49	2	0	0	51	2	0.0392156862745098
9883	5513	51	3	0	0	54	3	0.05555555555555555
9884	5534	50	1	1	0	52	2	0.038461538461538464
9885	5531	47	2	0	0	49	2	0.04081632653061224
9886	5551	62	2	0	0	64	2	0.03125
9887	5534	60	1	0	0	61	1	0.01639344262295082
9888	5506	65	3	0	0	68	3	0.04411764705882353
9889	5584	52	2	0	0	54	2	0.037037037037037035
989	5483	60	0	0	0	60	0	0
9890	5523	49	1	0	0	50	1	0.02
9891	5535	59	1	0	0	60	1	0.016666666666666666
9892	5517	51	0	0	0	51	0	0
9893	5524	52	3	0	0	55	3	0.05454545454545454
9894	5504	58	1	0	0	59	1	0.01694915254237288
9895	5516	44	4	0	0	48	4	0.08333333333333333
9896	5514	44	1	1	0	46	2	0.043478260869565216
9897	5506	59	1	0	0	60	1	0.016666666666666666
9898	5586	62	1	0	0	63	1	0.015873015873015872
9899	5552	63	1	0	0	64	1	0.015625
99	5526	46	1	0	0	47	1	0.02127659574468085
990	5554	67	1	1	0	69	2	0.028985507246376812
9900	5532	42	2	0	0	44	2	0.045454545454545456
9901	5544	57	2	0	0	59	2	0.03389830508474576
9902	5532	53	2	0	0	55	2	0.03636363636363636
9903	5513	47	4	1	0	52	5	0.09615384615384616
9904	5556	52	3	0	0	55	3	0.05454545454545454
9905	5539	52	3	0	0	55	3	0.05454545454545454
9906	5525	52	4	0	0	56	4	0.07142857142857142
9907	5530	63	1	0	0	64	1	0.015625
9908	5537	58	7	0	0	65	7	0.1076923076923077
9909	5554	41	0	0	0	41	0	0
991	5567	50	4	0	0	54	4	0.07407407407407407
9910	5578	59	2	0	0	61	2	0.03278688524590164
9911	5542	44	2	0	0	46	2	0.043478260869565216
9912	5543	56	1	0	0	57	1	0.017543859649122806
9913	5588	56	3	0	0	59	3	0.05084745762711865
9914	5534	58	2	0	0	60	2	0.03333333333333333
9915	5493	43	3	0	0	46	3	0.06521739130434782
9916	5560	55	2	0	0	57	2	0.03508771929824561
9917	5492	56	1	0	0	57	1	0.017543859649122806
9918	5528	39	1	0	0	40	1	0.025
9919	5525	55	3	0	0	58	3	0.05172413793103448
992	5589	49	2	1	0	52	3	0.057692307692307696
9920	5495	42	1	0	0	43	1	0.023255813953488372
9921	5552	64	2	0	0	66	2	0.030303030303030304
9922	5520	45	0	0	0	45	0	0
9923	5503	45	1	0	0	46	1	0.021739130434782608
9924	5524	55	1	1	0	57	2	0.03508771929824561
9925	5515	62	1	0	0	63	1	0.015873015873015872
9926	5534	66	1	0	0	67	1	0.014925373134328358
9927	5538	50	0	0	0	50	0	0
9928	5548	51	1	0	0	52	1	0.019230769230769232
9929	5556	72	2	0	0	74	2	0.02702702702702703
993	5554	51	3	0	0	54	3	0.05555555555555555
9930	5519	54	2	0	0	56	2	0.03571428571428571
9931	5571	47	4	0	0	51	4	0.0784313725490196
9932	5586	58	0	0	0	58	0	0
9933	5568	38	1	0	0	39	1	0.02564102564102564
9934	5561	59	4	0	0	63	4	0.06349206349206349
9935	5539	50	3	0	0	53	3	0.05660377358490566
9936	5575	47	0	0	0	47	0	0
9937	5528	54	0	0	0	54	0	0
9938	5520	60	4	0	0	64	4	0.0625
9939	5530	57	2	1	0	60	3	0.05
994	5576	47	0	0	0	47	0	0
9940	5561	46	4	0	0	50	4	0.08
9941	5548	45	4	0	0	49	4	0.08163265306122448
9942	5578	60	1	0	0	61	1	0.01639344262295082
9943	5521	68	2	0	0	70	2	0.02857142857142857
9944	5520	49	1	0	0	50	1	0.02
9945	5514	38	1	0	0	39	1	0.02564102564102564
9946	5526	41	3	0	0	44	3	0.06818181818181818
9947	5502	48	3	0	0	51	3	0.058823529411764705
9948	5565	53	0	0	0	53	0	0
9949	5548	57	2	0	0	59	2	0.03389830508474576
995	5510	51	1	1	0	53	2	0.03773584905660377
9950	5521	57	0	0	0	57	0	0
9951	5518	52	0	0	0	52	0	0
9952	5548	36	4	0	0	40	4	0.1
9953	5553	52	1	0	0	53	1	0.018867924528301886
9954	5562	44	3	0	0	47	3	0.06382978723404255
9955	5479	47	3	0	0	50	3	0.06
9956	5506	51	3	0	0	54	3	0.05555555555555555
9957	5529	55	1	0	0	56	1	0.017857142857142856
9958	5555	47	3	0	0	50	3	0.06
9959	5537	61	3	1	0	65	4	0.06153846153846154
996	5556	56	0	0	0	56	0	0
9960	5557	55	0	0	0	55	0	0
9961	5564	53	2	0	0	55	2	0.03636363636363636
9962	5549	59	1	0	0	60	1	0.016666666666666666
9963	5560	50	4	0	0	54	4	0.07407407407407407
9964	5533	59	0	0	0	59	0	0
9965	5559	39	2	0	0	41	2	0.04878048780487805
9966	5559	51	4	0	0	55	4	0.07272727272727272
9967	5549	50	2	0	0	52	2	0.038461538461538464
9968	5538	56	3	0	0	59	3	0.05084745762711865
9969	5530	54	4	0	0	58	4	0.06896551724137931
997	5562	52	3	0	0	55	3	0.05454545454545454
9970	5510	63	1	1	0	65	2	0.03076923076923077
9971	5504	41	0	0	0	41	0	0
9972	5530	46	2	0	0	48	2	0.041666666666666664
9973	5506	49	2	0	0	51	2	0.0392156862745098
9974	5577	68	2	0	0	70	2	0.02857142857142857
9975	5549	46	4	0	0	50	4	0.08
9976	5502	57	1	0	0	58	1	0.017241379310344827
9977	5521	51	1	0	0	52	1	0.019230769230769232
9978	5536	60	0	0	0	60	0	0
9979	5518	50	0	0	0	50	0	0
998	5529	61	3	0	0	64	3	0.046875
9980	5567	55	1	0	0	56	1	0.017857142857142856
9981	5523	76	2	0	0	78	2	0.02564102564102564
9982	5551	56	0	0	0	56	0	0
9983	5547	66	0	0	0	66	0	0
9984	5542	54	2	0	0	56	2	0.03571428571428571
9985	5566	55	1	0	0	56	1	0.017857142857142856
9986	5579	49	1	0	0	50	1	0.02
9987	5547	57	0	0	0	57	0	0
9988	5588	52	0	0	0	52	0	0
9989	5563	50	2	0	0	52	2	0.038461538461538464
999	5530	62	0	0	0	62	0	0
9990	5508	61	1	0	0	62	1	0.016129032258064516
9991	5583	44	1	0	0	45	1	0.022222222222222223
9992	5541	68	2	0	0	70	2	0.02857142857142857
9993	5602	56	1	0	0	57	1	0.017543859649122806
9994	5560	57	0	0	0	57	0	0
9995	5526	69	3	0	0	72	3	0.041666666666666664
9996	5517	61	3	0	0	64	3	0.046875
9997	5503	50	4	0	0	54	4	0.07407407407407407
9998	5501	61	2	0	0	63	2	0.031746031746031744
9999	5525	49	1	0	0	50	1	0.02
